0
0.1
0.119987
0.2
0.280013
0.319987
0.4
0.480013
0.519987
0.6
0.680013
0.719987
0.8
0.880013
0.919987
1
1.08001
1.11999
1.2
1.30404
1.32103
1.4
1.48001
1.54004
1.6
1.68001
1.71999
1.8
1.88001
1.91999
2
2.08001
2.11999
2.2
2.28001
2.31999
2.4
2.48001
2.51999
2.6
2.68001
2.71999
2.8
2.88001
2.964
3
3.08001
3.11999
3.2
3.28001
3.31999
3.4
3.48001
3.51999
3.6
3.68001
3.71999
3.8
3.88001
3.91999
4
4.08001
4.11999
4.2
4.28001
4.31999
4.4
4.48001
4.51999
4.64401
4.68001
4.71999
4.8
4.88001
4.91999
5
5.08001
5.11999
5.2
5.28001
5.31999
5.4
5.48001
5.51999
5.6
5.68001
5.71999
5.8
5.88001
5.91999
6
6.08001
6.11999
6.21999
6.32298
6.34004
6.4
6.48001
6.51999
6.6
6.68001
6.71999
6.8
6.88001
6.91999
7
7.08001
7.11999
7.2
7.28001
7.31999
7.4
7.48001
7.51999
7.6
7.68001
7.71999
7.8
7.88001
7.92298
8
8.08001
8.11999
8.2
8.28001
8.31999
8.4
8.48001
8.51999
8.6
8.68001
8.71999
8.8
8.88001
8.91999
9
9.08001
9.11999
9.2
9.28001
9.31999
9.4
9.48001
9.51999
9.64303
9.68001
9.71999
9.8
9.88001
9.91999
10
10.08
10.12
10.2
10.28
10.32
10.4
10.48
10.52
10.6
10.68
10.72
10.8
10.88
10.92
11
11.08
11.12
11.2
11.323
11.34
11.4
11.48
11.52
11.6
11.68
11.72
11.8
11.88
11.92
12
12.08
12.12
12.2
12.28
12.32
12.4
12.48
12.52
12.6
12.68
12.72
12.8
12.88
12.963
13
13.08
13.12
13.2
13.28
13.32
13.4
13.48
13.52
13.6
13.68
13.72
13.8
13.88
13.92
14
14.08
14.12
14.2
14.28
14.32
14.4
14.48
14.52
14.643
14.68
14.72
14.8
14.88
14.92
15
15.08
15.12
15.2
15.28
15.32
15.4
15.48
15.52
15.6
15.68
15.72
15.8
15.88
15.92
16
16.08
16.12
16.2
16.323
16.34
16.4
16.48
16.52
16.6
16.68
16.72
16.8
16.88
16.92
17
17.08
17.12
17.2
17.28
17.32
17.4
17.48
17.52
17.6
17.68
17.72
17.8
17.88
17.964
18.02
18.08
18.12
18.2
18.28
18.32
18.4
18.48
18.52
18.6
18.68
18.72
18.8
18.88
18.92
19
19.08
19.12
19.2
19.28
19.32
19.4
19.48
19.52
19.643
19.68
19.72
19.8
19.88
19.92
20
20.08
20.12
20.2
20.28
20.32
20.4
20.48
20.52
20.6
20.68
20.721
20.8
20.88
20.92
21
21.08
21.12
21.2
21.323
21.34
21.4
21.48
21.52
21.62
21.68
21.72
21.8
21.88
21.92
22
22.08
22.12
22.2
22.28
22.32
22.4
22.48
22.52
22.6
22.68
22.72
22.8
22.88
22.963
23
23.08
23.12
23.2
23.28
23.32
23.4
23.48
23.52
23.6
23.68
23.72
23.8
23.88
23.92
24
24.08
24.12
24.2
24.28
24.32
24.4
24.48
24.52
24.643
24.68
24.71
24.79
24.87
24.91
24.99
25.07
25.11
25.19
25.27
25.33
25.39
25.47
25.51
25.59
25.67
25.71
25.8
25.88
25.92
26
26.08
26.12
26.2
26.304
26.321
26.4
26.48
26.52
26.6
26.68
26.72
26.8
26.88
26.92
27
27.08
27.12
27.2
27.28
27.32
27.4
27.48
27.52
27.6
27.68
27.72
27.8
27.88
27.963
28.02
28.08
28.12
28.2
28.28
28.32
28.4
28.48
28.52
28.6
28.68
28.71
28.79
28.87
28.91
28.99
29.07
29.11
29.19
29.27
29.31
29.39
29.47
29.51
29.613
29.67
29.71
29.79
29.87
29.91
29.99
30.07
30.11
30.19
30.27
30.31
30.39
30.47
30.51
30.59
30.67
30.71
30.8
30.88
30.92
31
31.08
31.12
31.2
31.283
31.32
31.4
31.48
31.52
31.6
31.68
31.72
31.8
31.88
31.92
32
32.08
32.12
32.2
32.28
32.32
32.4
32.48
32.52
32.6
32.68
32.709
32.79
32.87
32.934
32.99
33.07
33.11
33.19
33.27
33.31
33.41
33.47
33.51
33.59
33.67
33.71
33.79
33.87
33.91
33.99
34.07
34.11
34.19
34.27
34.31
34.39
34.47
34.51
34.634
34.67
34.71
34.8
34.88
34.92
35
35.08
35.12
35.2
35.28
35.32
35.4
35.48
35.52
35.6
35.68
35.71
35.79
35.87
35.91
35.99
36.07
36.11
36.19
36.295
36.312
36.39
36.47
36.51
36.59
36.67
36.71
36.79
36.87
36.91
36.99
37.07
37.11
37.19
37.27
37.31
37.39
37.47
37.51
37.59
37.67
37.714
37.79
37.87
37.954
38.01
38.07
38.11
38.19
38.27
38.31
38.39
38.47
38.51
38.59
38.67
38.71
38.8
38.88
38.92
39
39.08
39.12
39.2
39.28
39.32
39.4
39.48
39.52
39.644
39.68
39.72
39.8
39.88
39.92
40
40.08
40.12
40.2
40.28
40.32
40.4
40.48
40.52
40.6
40.68
40.709
40.79
40.87
40.91
40.99
41.07
41.11
41.19
41.315
41.332
41.39
41.47
41.51
41.59
41.67
41.71
41.79
41.87
41.91
41.99
42.07
42.11
42.19
42.27
42.31
42.39
42.47
42.51
42.59
42.67
42.71
42.8
42.88
42.964
43.02
43.08
43.12
43.2
43.28
43.32
43.4
43.48
43.52
43.6
43.68
43.72
43.8
43.88
43.92
44
44.08
44.12
44.2
44.28
44.32
44.4
44.48
44.52
44.644
44.68
44.708
44.79
44.87
44.91
44.99
45.07
45.11
45.19
45.27
45.31
45.39
45.47
45.51
45.59
45.67
45.71
45.79
45.87
45.91
45.99
46.07
46.11
46.19
46.315
46.332
46.39
46.47
46.51
46.59
46.67
46.71
46.8
46.88
46.92
47
47.08
47.12
47.2
47.28
47.32
47.4
47.48
47.52
47.6
47.68
47.72
47.8
47.88
47.964
48
48.08
48.12
48.2
48.28
48.32
48.4
48.48
48.52
48.6
48.68
48.708
48.8
48.88
48.92
49
49.08
49.12
49.2
49.28
49.32
49.4
49.48
49.52
49.646
49.68
49.72
49.8
49.88
49.92
50
50.08
50.12
50.2
50.28
50.32
50.4
50.48
50.52
50.6
50.68
50.72
50.8
50.88
50.92
51
51.08
51.12
51.2
51.326
51.343
51.4
51.48
51.52
51.6
51.68
51.72
51.8
51.88
51.92
52
52.08
52.12
52.2
52.28
52.32
52.4
52.48
52.52
52.6
52.68
52.708
52.8
52.88
52.966
53.02
53.08
53.12
53.2
53.28
53.32
53.4
53.48
53.52
53.6
53.68
53.72
53.8
53.88
53.92
54
54.08
54.12
54.2
54.28
54.32
54.4
54.48
54.52
54.646
54.68
54.72
54.79
54.87
54.91
54.99
55.07
55.11
55.19
55.27
55.31
55.39
55.47
55.51
55.59
55.67
55.71
55.79
55.87
55.91
55.99
56.07
56.11
56.19
56.316
56.333
56.39
56.47
56.51
56.59
56.67
56.71
56.79
56.87
56.91
56.99
57.07
57.11
57.19
57.27
57.31
57.39
57.47
57.51
57.59
57.67
57.712
57.79
57.87
57.955
58.01
58.07
58.11
58.19
58.27
58.31
58.39
58.47
58.51
59.636
58.6165
59.71
58.7365
58.8165
58.8565
58.9365
59.0165
59.0565
59.1365
59.2165
59.2565
59.3365
59.4165
59.4565
59.5365
59.6165
59.6565
59.7365
59.8165
59.8565
59.9365
60.0165
60.0565
60.1365
60.2625
60.2965
60.3365
60.4165
60.4565
60.5365
60.6165
60.6565
60.7365
60.8165
60.8565
60.9365
61.0165
61.0565
61.1365
61.2165
61.2565
61.3365
61.4165
61.4565
61.5365
61.6165
61.6565
61.7365
61.8165
61.9025
61.9365
62.0165
62.0565
62.1365
62.2165
62.2565
62.3365
62.4165
62.4565
62.5365
62.6165
62.6565
62.7365
62.8165
62.8565
62.9365
63.0165
63.0565
63.1365
63.2165
63.2565
63.3365
63.4165
63.4565
63.5825
63.6365
63.6585
63.7365
63.8165
63.8765
63.9365
64.0165
64.0565
64.1365
64.2165
64.2565
64.3365
64.4165
64.4565
64.5365
64.6165
64.6565
64.7365
64.8165
64.8565
64.9365
65.0165
65.0565
65.1365
65.2625
65.2795
65.3365
65.4165
65.4565
65.5365
65.6165
65.6565
65.7365
65.8165
65.8565
65.9375
66.0165
66.0565
66.1365
66.2165
66.2565
66.3365
66.4165
66.4565
66.5365
66.6165
66.6565
66.7365
66.8165
66.9025
66.9365
67.0165
67.0565
67.1365
67.2165
68.5815
67.3239
68.6565
67.444
67.5239
67.564
67.644
67.7239
67.764
67.844
67.9239
67.984
68.044
68.1239
68.164
68.244
68.3239
68.364
68.444
68.5239
68.564
68.644
68.7239
68.764
68.844
68.97
68.987
69.044
69.1239
69.164
69.244
69.3239
69.364
69.444
69.5239
69.564
69.644
69.7239
69.764
69.844
69.9239
69.964
70.044
70.1239
70.164
70.244
70.3239
70.364
70.4539
70.534
70.6209
70.6539
70.734
70.7739
70.8539
70.934
70.9739
71.054
71.134
71.1739
71.254
71.334
71.3739
71.4539
71.534
71.5739
71.6539
71.734
71.7739
71.8539
71.934
71.9739
72.054
72.134
72.1739
72.301
72.334
72.3739
72.4539
72.534
72.5739
72.6539
72.734
72.7739
72.8539
72.934
72.9739
73.054
73.134
73.1739
73.254
73.334
73.3739
73.4539
73.534
73.5739
73.6539
73.734
73.7739
73.8539
73.981
73.998
74.054
74.134
74.1739
74.254
74.334
74.361
74.4539
74.534
74.5739
74.6739
74.734
74.7739
74.8539
74.934
74.9739
75.054
75.134
75.1739
75.254
75.334
75.3739
75.4539
75.534
75.6209
75.6539
75.734
75.7739
75.8539
75.934
75.9739
76.054
76.134
76.1739
76.254
76.334
76.359
76.4539
76.534
76.5739
76.6539
76.734
76.7739
76.8539
76.934
76.9739
77.054
77.134
77.1739
77.301
77.356
77.3739
77.4539
77.534
77.5739
77.6539
77.734
77.794
77.8539
77.934
77.9739
78.054
78.134
78.1739
78.254
78.334
78.364
78.444
78.5239
78.564
78.644
78.7239
78.764
78.844
78.97
78.987
79.044
79.1239
79.164
79.244
79.3239
79.3679
79.444
79.5239
79.564
79.645
79.7239
79.764
79.844
79.9239
79.964
80.044
80.1239
80.164
80.244
80.3239
80.364
80.444
80.5239
80.609
80.644
80.7239
80.764
80.844
80.9239
80.964
81.044
81.1239
81.164
81.244
81.3239
81.364
81.444
81.5239
81.564
81.644
81.7239
81.764
81.844
81.9239
81.964
82.044
82.1239
82.164
82.25
82.3239
82.3679
82.444
82.5239
82.564
82.644
82.7239
82.764
82.844
82.9239
82.964
83.044
83.1239
83.164
83.244
83.3239
83.364
83.444
83.5239
83.564
83.644
83.7239
83.764
83.844
83.97
83.987
84.044
84.1239
84.164
84.244
84.3239
84.364
84.444
84.5239
84.564
84.644
84.7239
84.764
84.844
84.9239
84.964
85.044
85.1239
85.164
85.244
85.3239
85.364
85.444
85.5239
85.609
85.644
85.7239
85.764
85.844
85.9239
85.964
86.044
86.1239
86.164
86.244
86.3239
86.364
86.4539
86.534
86.5739
86.6539
86.734
86.7739
86.8539
86.934
86.9739
87.054
87.134
87.1739
87.301
87.334
87.3569
87.4539
87.534
87.5739
87.6539
87.734
87.7739
87.8539
87.934
87.9739
88.054
88.134
88.1739
88.2539
88.334
88.358
88.4539
88.534
88.5739
88.6539
88.734
88.7739
88.8539
88.98
88.997
89.054
89.134
89.1739
89.2539
89.334
89.3569
89.4539
89.534
89.5739
89.6539
89.734
89.7739
89.8539
89.934
89.9739
90.054
90.134
90.1739
90.2539
90.334
90.361
90.4539
90.534
90.62
90.6539
90.734
90.7739
90.8539
90.934
90.9739
91.054
91.134
91.1739
91.2539
91.3349
91.358
91.444
91.5239
91.564
91.644
91.7239
91.764
91.844
91.9239
91.964
92.044
92.1239
92.164
92.289
92.3239
92.364
92.444
92.5239
92.564
92.644
92.7239
92.764
92.844
92.9239
92.964
93.044
93.1239
93.164
93.244
93.3239
93.365
93.444
93.5239
93.564
93.644
93.7239
93.764
93.844
93.95
93.967
94.044
94.1239
94.164
94.244
94.3239
94.364
94.444
94.5239
94.564
94.644
94.7239
94.764
94.844
94.9239
94.964
95.044
95.1239
95.164
95.244
95.3239
95.364
95.444
95.5239
95.609
95.644
95.7239
95.764
95.844
95.9239
95.964
96.044
96.1239
96.164
96.244
96.3239
96.364
96.444
96.5239
96.564
96.644
96.7239
96.764
96.844
96.9239
96.964
97.044
97.1239
97.164
97.289
97.3239
97.364
97.444
97.5239
97.564
97.644
97.7239
97.764
97.844
97.9239
97.964
98.044
98.1239
98.164
98.244
98.3239
98.364
98.444
98.5239
98.564
98.644
98.7239
98.764
98.844
98.969
98.986
99.044
99.1239
99.164
99.244
99.3239
99.3659
99.444
99.5239
99.564
99.644
99.7239
99.764
99.844
99.9239
99.964
100.044
100.124
100.164
100.244
100.324
100.364
100.444
100.524
100.608
100.644
100.724
100.764
100.844
100.924
100.964
101.044
101.124
101.164
101.244
101.324
101.364
101.444
101.524
101.564
101.644
101.724
101.764
101.844
101.924
101.964
102.044
102.124
102.164
102.288
102.324
102.367
102.444
102.524
102.564
102.644
102.724
102.764
102.844
102.924
102.964
103.044
103.124
103.164
103.244
103.324
103.364
103.444
103.524
103.564
103.644
103.724
103.764
103.844
103.948
103.965
104.064
104.124
104.164
104.244
104.324
104.364
104.444
104.524
104.564
104.644
104.724
104.764
104.844
104.924
104.964
105.044
105.124
105.164
105.244
105.324
105.364
105.444
105.524
105.587
105.644
105.724
105.764
105.844
105.924
105.964
106.044
106.124
106.164
106.244
106.324
106.364
106.444
106.524
106.564
106.644
106.724
106.764
106.844
106.924
106.964
107.044
107.124
107.164
107.268
107.344
107.364
107.444
107.524
107.564
107.644
107.724
107.764
107.844
107.924
107.964
108.044
108.124
108.164
108.244
108.324
108.364
108.455
108.535
108.554
108.635
108.714
108.754
108.835
108.939
108.956
109.034
109.114
109.154
109.235
109.314
109.357
109.434
109.515
109.554
109.635
109.714
109.754
109.834
109.915
109.955
110.034
110.114
110.154
110.235
110.314
110.357
110.434
110.515
110.579
110.635
110.714
110.754
110.834
110.914
110.955
111.034
111.114
111.154
111.235
111.314
111.357
111.434
111.515
111.554
111.635
111.714
111.754
111.834
111.914
111.955
112.034
112.114
112.154
112.278
112.314
112.357
112.434
112.515
112.554
112.635
112.714
112.754
112.834
112.914
112.955
113.034
113.114
113.154
113.235
113.314
113.357
113.434
113.515
113.554
113.635
113.714
113.754
113.834
113.939
113.974
114.034
114.114
114.154
114.234
114.314
114.357
114.434
114.514
114.554
114.634
114.714
114.754
114.834
114.914
114.954
115.034
115.114
115.154
115.235
115.335
115.357
115.454
115.514
115.558
115.634
115.714
115.754
115.834
115.914
115.974
116.034
116.114
116.154
116.235
116.314
116.357
116.434
116.514
116.554
116.634
116.714
116.754
116.834
116.914
116.954
117.034
117.114
117.154
117.278
117.314
117.357
117.434
117.514
117.554
117.634
117.714
117.754
117.834
117.914
117.955
118.034
118.114
118.154
118.234
118.314
118.357
118.434
118.514
118.554
118.634
118.714
118.754
118.834
118.939
118.974
119.034
119.114
119.154
119.234
119.314
119.357
119.434
119.514
119.554
119.635
119.714
119.754
119.834
119.914
119.955
120.034
120.114
120.154
120.234
120.314
120.357
120.434
120.514
120.598
120.634
120.714
120.754
120.834
120.914
120.954
121.034
121.114
121.154
121.234
121.314
121.357
121.434
121.514
121.554
121.634
121.714
121.754
121.834
121.914
121.954
122.034
122.114
122.154
122.238
122.314
122.357
122.434
122.514
122.554
122.634
122.714
122.754
122.834
122.914
122.954
123.034
123.114
123.154
123.234
123.314
123.354
123.434
123.514
123.554
123.634
123.714
123.754
123.834
123.979
123.996
124.034
124.114
124.154
124.234
124.314
124.357
124.434
124.514
124.554
124.634
124.714
124.754
124.834
124.914
124.954
125.034
125.114
125.154
125.235
125.314
125.357
125.434
125.515
125.598
125.655
125.714
125.754
125.854
125.914
125.954
126.034
126.114
126.154
126.234
126.314
126.357
126.434
126.514
126.554
126.634
126.714
126.754
126.834
126.914
126.954
127.034
127.114
127.154
127.238
127.314
127.357
127.434
127.514
127.554
127.634
127.714
127.754
127.834
127.914
127.954
128.034
128.114
128.154
128.234
128.314
128.357
128.434
128.514
128.554
128.634
128.714
128.754
128.834
128.918
128.954
129.034
129.114
129.154
129.234
129.314
129.357
129.434
129.514
129.554
129.635
129.714
129.754
129.834
129.914
129.954
130.034
130.114
130.154
130.234
130.314
130.357
130.434
130.514
130.598
130.635
130.714
130.754
130.834
130.914
130.954
131.034
131.114
131.154
131.234
131.314
131.357
131.434
131.514
131.554
131.634
131.714
131.754
131.834
131.914
131.954
132.034
132.114
132.154
132.278
132.314
132.357
132.434
132.514
132.554
132.634
132.714
132.754
132.834
132.914
132.955
133.034
133.114
133.154
133.234
133.314
133.357
133.434
133.514
133.554
133.634
133.714
133.754
133.835
133.958
133.975
134.035
134.134
134.154
134.234
134.314
134.357
134.434
134.514
134.554
134.634
134.714
134.754
134.834
134.914
134.954
135.034
135.114
135.154
135.234
135.314
135.359
135.434
135.514
135.558
135.634
135.714
135.754
135.834
135.914
135.954
136.034
136.114
136.154
136.234
136.314
136.357
136.434
136.514
136.554
136.634
136.714
136.754
136.834
136.914
136.954
137.034
137.114
137.154
137.238
137.314
137.357
137.434
137.514
137.554
137.634
137.714
137.754
137.834
137.914
137.955
138.034
138.114
138.154
138.234
138.314
138.354
138.434
138.514
138.554
138.634
138.714
138.754
138.834
138.959
138.976
139.034
139.114
139.154
139.234
139.314
139.357
139.434
139.514
139.554
139.634
139.714
139.754
139.834
139.914
139.954
140.034
140.114
140.154
140.234
140.314
140.357
140.434
140.514
140.598
140.634
140.714
140.754
140.834
140.934
140.954
141.034
141.114
141.154
141.234
141.314
141.354
141.434
141.514
141.554
141.634
141.714
141.754
141.834
141.914
141.954
142.034
142.114
142.154
142.277
142.314
142.357
142.434
142.514
142.554
142.634
142.714
142.754
142.834
142.914
142.954
143.034
143.114
143.154
143.234
143.314
143.357
143.434
143.514
143.554
143.634
143.715
143.754
143.834
143.917
143.954
144.034
144.114
144.154
144.234
144.314
144.357
144.434
144.514
144.554
144.634
144.714
144.754
144.835
144.914
144.954
145.034
145.114
145.154
145.234
145.314
145.357
145.434
145.514
145.598
145.634
145.714
145.754
145.834
145.914
145.954
146.034
146.114
146.154
146.234
146.314
146.357
146.434
146.514
146.554
146.634
146.714
146.754
146.834
146.914
146.954
147.034
147.114
147.154
147.278
147.314
147.357
147.434
147.514
147.554
147.634
147.714
147.754
147.834
147.914
147.954
148.035
148.114
148.154
148.234
148.314
148.357
148.434
148.514
148.554
148.634
148.714
148.754
148.834
148.959
148.976
149.034
149.114
149.154
149.234
149.314
149.357
149.434
149.514
149.554
149.634
149.714
149.754
149.834
149.914
149.954
150.034
150.114
150.154
150.234
150.314
150.357
150.434
150.514
150.599
150.634
150.714
150.754
150.834
150.914
150.954
151.034
151.114
151.154
151.234
151.314
151.357
151.434
151.514
151.554
151.634
151.714
151.754
151.834
151.914
151.954
152.034
152.114
152.154
152.278
152.314
152.357
152.434
152.514
152.554
152.634
152.714
152.754
152.834
152.914
152.954
153.034
153.114
153.154
153.234
153.314
153.357
153.434
153.514
153.554
153.634
153.714
153.754
153.834
153.958
153.975
154.034
154.114
154.154
154.234
154.314
154.357
154.434
154.514
154.554
154.634
154.715
154.754
154.834
154.914
154.954
155.034
155.114
155.154
155.234
155.314
155.357
155.434
155.514
155.598
155.634
155.714
155.754
155.834
155.914
155.954
156.034
156.114
156.154
156.234
156.315
156.358
156.434
156.514
156.554
156.634
156.714
156.754
156.834
156.914
156.954
157.034
157.114
157.154
157.278
157.335
157.357
157.434
157.514
157.554
157.634
157.714
157.754
157.834
157.914
157.954
158.034
158.114
158.154
158.234
158.314
158.357
158.434
158.514
158.554
158.634
158.714
158.754
158.834
158.959
158.976
159.034
159.114
159.154
159.234
159.314
159.357
159.454
159.534
159.554
159.634
159.714
159.754
159.834
159.914
159.954
160.034
160.114
160.154
160.234
160.314
160.357
160.434
160.514
160.579
160.634
160.714
160.754
160.834
160.914
160.954
161.034
161.114
161.154
161.234
161.314
161.357
161.434
161.514
161.554
161.634
161.714
161.754
161.834
161.914
161.954
162.034
162.114
162.154
162.279
162.314
162.357
162.434
162.514
162.554
162.634
162.714
162.754
162.834
162.914
162.954
163.034
163.114
163.154
163.234
163.314
163.357
163.434
163.514
163.554
163.634
163.714
163.754
163.834
163.959
163.994
164.034
164.114
164.154
164.234
164.314
164.357
164.434
164.514
164.554
164.635
164.714
164.754
164.834
164.914
164.954
165.034
165.114
165.154
165.234
165.314
165.357
165.434
165.514
165.599
165.634
165.714
165.754
165.834
165.914
165.954
166.034
166.114
166.154
166.234
166.314
166.358
166.434
166.514
166.554
166.634
166.714
166.754
166.834
166.914
166.954
167.034
167.114
167.154
167.279
167.314
167.357
167.434
167.534
167.554
167.634
167.714
167.754
167.834
167.914
167.954
168.034
168.114
168.154
168.234
168.314
168.358
168.434
168.514
168.554
168.634
168.714
168.754
168.834
168.94
168.957
169.034
169.114
169.154
169.234
169.314
169.357
169.434
169.514
169.554
169.655
169.714
169.754
169.834
169.914
169.954
170.034
170.114
170.154
170.234
170.314
170.357
170.434
170.514
170.599
170.634
170.714
170.754
170.834
170.914
170.954
171.034
171.114
171.154
171.234
171.314
171.357
171.434
171.514
171.554
171.634
171.714
171.754
171.834
171.914
171.954
172.034
172.114
172.154
172.279
172.334
172.357
172.434
172.514
172.554
172.634
172.714
172.754
172.834
172.914
172.954
173.034
173.114
173.154
173.234
173.314
173.357
173.434
173.514
173.554
173.634
173.714
173.754
173.834
173.96
173.977
174.034
174.114
174.154
174.234
174.314
174.357
174.434
174.514
174.554
174.634
174.714
174.754
174.834
174.914
174.954
175.034
175.114
175.154
175.234
175.314
175.357
175.434
175.514
175.599
175.634
175.714
175.754
175.834
175.914
175.954
176.034
176.114
176.154
176.234
176.314
176.357
176.434
176.514
176.554
176.634
176.714
176.754
176.834
176.914
176.954
177.034
177.114
177.154
177.278
177.314
177.357
177.434
177.514
177.554
177.634
177.714
177.754
177.834
177.914
177.955
178.034
178.114
178.154
178.234
178.314
178.357
178.434
178.514
178.554
178.634
178.714
178.754
178.834
178.919
178.954
179.034
179.114
179.154
179.234
179.314
179.357
179.434
179.514
179.554
179.634
179.714
179.754
179.834
179.914
179.954
180.034
180.114
180.154
180.234
180.314
180.357
180.434
180.514
180.599
180.634
180.714
180.754
180.834
180.914
180.954
181.034
181.114
181.154
181.234
181.314
181.357
181.434
181.514
181.554
181.634
181.714
181.754
181.834
181.914
181.954
182.034
182.114
182.154
182.279
182.314
182.36
182.434
182.514
182.554
182.634
182.714
182.754
182.834
182.914
182.955
183.034
183.114
183.154
183.234
183.314
183.354
183.434
183.514
183.554
183.634
183.714
183.754
183.834
183.959
183.976
184.034
184.114
184.154
184.234
184.314
184.357
184.434
184.514
184.554
184.635
184.714
184.754
184.834
184.914
184.954
185.034
185.114
185.154
185.234
185.314
185.358
185.434
185.514
185.599
185.634
185.714
185.754
185.834
185.914
185.954
186.034
186.114
186.154
186.234
186.315
186.357
186.434
186.514
186.554
186.634
186.714
186.754
186.834
186.914
186.954
187.034
187.114
187.154
187.279
187.314
187.357
187.434
187.514
187.574
187.634
187.714
187.754
187.834
187.914
187.954
188.034
188.114
188.154
188.234
188.314
188.357
188.434
188.514
188.554
188.634
188.714
188.754
188.834
188.959
188.976
189.034
189.114
189.154
189.234
189.314
189.357
189.434
189.514
189.554
189.634
189.714
189.754
189.834
189.914
189.954
190.034
190.114
190.154
190.234
190.314
190.357
190.434
190.514
190.599
190.634
190.714
190.754
190.834
190.914
190.954
191.034
191.114
191.154
191.234
191.314
191.358
191.434
191.514
191.554
191.634
191.714
191.754
191.834
191.914
191.954
192.034
192.114
192.154
192.258
192.314
192.358
192.434
192.514
192.554
192.634
192.714
192.754
192.834
192.914
192.955
193.034
193.114
193.155
193.234
193.314
193.357
193.434
193.514
193.554
193.634
193.714
193.754
193.834
193.939
193.956
194.034
194.115
194.154
194.234
194.314
194.357
194.434
194.514
194.554
194.635
194.714
194.754
194.834
194.914
194.954
195.034
195.114
195.154
195.234
195.314
195.357
195.434
195.514
195.598
195.654
195.714
195.774
195.834
195.914
195.954
196.034
196.114
196.154
196.234
196.314
196.357
196.434
196.515
196.554
196.634
196.714
196.754
196.834
196.914
196.954
197.055
197.114
197.154
197.278
197.314
197.357
197.434
197.514
197.554
197.634
197.714
197.754
197.834
197.914
197.954
198.034
198.114
198.154
198.234
198.314
198.358
198.434
198.514
198.554
198.634
198.714
198.754
198.834
198.938
198.955
199.034
199.114
199.154
199.234
199.314
199.358
199.434
199.514
199.554
199.634
199.714
199.754
199.834
199.914
199.954
200.034
200.114
200.154
200.234
200.314
200.357
200.434
200.514
200.558
200.634
200.714
200.754
200.834
200.914
200.954
201.034
201.114
201.154
201.234
201.314
201.357
201.434
201.514
201.554
201.634
201.714
201.754
201.834
201.914
201.954
202.034
202.114
202.154
202.258
202.314
202.357
202.434
202.514
202.554
202.634
202.714
202.754
202.834
202.914
202.954
203.034
203.114
203.154
203.234
203.314
203.357
203.434
203.514
203.554
203.634
203.714
203.754
203.834
203.939
203.956
204.034
204.114
204.154
204.234
204.314
204.358
204.434
204.514
204.554
204.634
204.714
204.754
204.834
204.914
204.954
205.034
205.114
205.154
205.234
205.314
205.358
205.434
205.514
205.598
205.634
205.714
205.754
205.834
205.914
205.954
206.034
206.114
206.154
206.234
206.314
206.357
206.434
206.514
206.554
206.634
206.714
206.754
206.834
206.914
206.954
207.034
207.114
207.154
207.277
207.314
207.357
207.434
207.514
207.554
207.634
207.714
207.754
207.834
207.914
207.954
208.034
208.114
208.154
208.234
208.314
208.357
208.434
208.514
208.554
208.634
208.714
208.754
208.834
208.958
208.975
209.034
209.114
209.154
209.234
209.314
209.357
209.434
209.514
209.554
209.634
209.714
209.754
209.834
209.914
209.954
210.034
210.114
210.154
210.234
210.314
210.357
210.434
210.514
210.598
210.654
210.714
210.754
210.834
210.914
210.954
211.034
211.114
211.154
211.234
211.314
211.357
211.434
211.514
211.554
211.634
211.714
211.754
211.834
211.914
211.954
212.034
212.114
212.154
212.278
212.314
212.357
212.434
212.514
212.554
212.634
212.714
212.754
212.834
212.914
212.954
213.034
213.114
213.154
213.234
213.314
213.357
213.424
213.505
213.544
213.625
213.705
213.744
213.824
213.969
214.005
214.024
214.104
214.144
214.225
214.304
214.345
214.424
214.505
214.544
214.625
214.704
214.744
214.824
214.904
214.945
215.024
215.104
215.144
215.225
215.304
215.345
215.424
215.505
215.609
215.664
215.704
215.744
215.824
215.904
215.945
216.024
216.104
216.144
216.225
216.304
216.345
216.424
216.505
216.544
216.625
216.705
216.744
216.825
216.904
216.945
217.024
217.104
217.144
217.289
217.306
217.345
217.424
217.505
217.544
217.625
217.704
217.744
217.824
217.904
217.945
218.024
218.104
218.144
218.225
218.304
218.345
218.424
218.505
218.544
218.625
218.704
218.744
218.824
218.969
218.986
219.024
219.104
219.144
219.225
219.304
219.345
219.424
219.504
219.544
219.625
219.704
219.744
219.824
219.904
219.945
220.024
220.104
220.144
220.225
220.304
220.345
220.424
220.505
220.589
220.625
220.704
220.744
220.824
220.904
220.944
221.024
221.104
221.144
221.224
221.305
221.345
221.424
221.505
221.544
221.625
221.704
221.744
221.824
221.904
221.945
222.024
222.104
222.144
222.29
222.307
222.345
222.444
222.505
222.544
222.625
222.704
222.744
222.824
222.904
222.945
223.024
223.104
223.144
223.225
223.304
223.344
223.424
223.504
223.544
223.625
223.704
223.744
223.824
223.97
223.987
224.024
224.104
224.144
224.225
224.304
224.345
224.424
224.505
224.544
224.625
224.704
224.744
224.824
224.904
224.944
225.024
225.104
225.144
225.224
225.304
225.345
225.424
225.505
225.589
225.645
225.704
225.744
225.824
225.904
225.945
226.024
226.104
226.144
226.224
226.305
226.344
226.425
226.505
226.544
226.624
226.704
226.744
226.824
226.904
226.945
227.024
227.104
227.144
227.29
227.325
227.364
227.434
227.514
227.554
227.634
227.714
227.754
227.834
227.914
227.955
228.034
228.114
228.154
228.234
228.314
228.354
228.434
228.514
228.554
228.634
228.714
228.754
228.834
228.959
228.976
229.034
229.114
229.154
229.254
229.314
229.354
229.434
229.514
229.554
229.634
229.714
229.754
229.834
229.914
229.954
230.034
230.114
230.154
230.234
230.314
230.357
230.434
230.514
230.599
230.634
230.714
230.754
230.834
230.914
230.954
231.034
231.114
231.154
231.234
231.314
231.357
231.434
231.514
231.554
231.634
231.714
231.754
231.834
231.914
231.954
232.034
232.114
232.154
232.279
232.314
232.354
232.434
232.514
232.554
232.634
232.714
232.754
232.834
232.914
232.955
233.034
233.114
233.154
233.234
233.314
233.356
233.434
233.514
233.554
233.634
233.714
233.754
233.834
233.959
233.976
234.034
234.114
234.154
234.234
234.314
234.357
234.434
234.514
234.554
234.634
234.714
234.754
234.834
234.914
234.954
235.034
235.114
235.154
235.234
235.314
235.354
235.434
235.514
235.599
235.634
235.714
235.754
235.834
235.914
235.954
236.034
236.114
236.154
236.234
236.315
236.357
236.434
236.514
236.554
236.634
236.714
236.754
236.834
236.914
236.954
237.034
237.114
237.154
237.28
237.314
237.356
237.434
237.514
237.554
237.634
237.714
237.754
238.96
237.86
239.034
237.98
238.02
238.1
238.18
238.222
238.3
238.38
238.42
238.5
238.58
238.62
238.7
238.78
238.82
238.9
238.98
239.02
239.1
239.18
239.222
239.3
239.38
239.465
239.5
239.58
239.62
239.7
239.78
239.82
239.9
239.98
240.02
240.1
240.18
240.22
240.291
240.37
240.41
240.49
240.57
240.61
240.69
240.77
240.81
240.89
240.97
241.01
241.136
241.171
241.21
241.29
241.37
241.41
241.49
241.57
241.61
241.69
241.77
241.811
241.89
241.97
242.01
242.091
242.17
242.21
242.29
242.37
242.41
242.49
242.57
242.61
242.69
242.817
242.85
242.89
242.97
243.01
243.09
243.17
243.21
243.29
243.37
243.41
243.491
243.57
243.61
243.69
243.771
243.811
243.89
243.97
244.01
244.09
244.17
244.211
244.29
244.37
244.456
244.49
244.57
244.61
244.69
244.77
244.81
244.89
244.97
245.01
245.09
245.171
245.211
245.29
245.37
245.41
245.49
245.57
245.61
245.69
245.77
245.81
245.89
245.97
246.01
246.137
246.17
246.21
246.29
246.37
246.41
246.49
246.59
246.61
246.69
246.77
246.811
246.89
246.97
247.01
247.09
247.17
247.21
247.29
247.37
247.41
247.49
247.57
247.61
247.69
247.797
247.814
247.89
247.97
248.01
248.09
248.17
248.211
248.29
248.37
248.41
248.49
248.57
248.61
248.69
248.77
248.81
248.89
248.97
249.01
249.09
249.17
249.21
249.29
249.37
249.457
249.49
249.57
249.61
249.69
249.77
249.81
249.89
249.97
250.01
250.09
250.171
250.21
250.29
250.37
250.41
250.49
250.57
250.61
250.69
250.77
250.81
250.89
250.97
251.01
251.136
251.17
251.21
251.29
251.37
251.41
251.49
251.57
251.61
251.69
251.77
251.811
251.89
251.97
252.01
252.09
252.171
252.21
252.29
252.37
252.41
252.49
252.57
252.61
252.69
252.816
252.833
252.89
252.97
253.01
253.09
253.17
253.21
253.29
253.37
253.41
253.491
253.571
253.61
253.69
253.77
253.81
253.89
253.97
254.01
254.091
254.17
254.211
254.29
254.37
254.455
254.51
254.57
254.61
254.69
254.77
254.81
254.89
254.97
255.01
255.09
255.17
255.211
255.29
255.37
255.41
255.49
255.57
255.61
255.69
255.77
255.811
255.89
255.97
256.011
256.135
256.17
256.21
256.29
256.37
256.41
256.49
256.57
256.61
256.69
256.77
256.811
256.89
256.971
257.01
257.09
257.171
257.211
257.291
257.371
257.41
257.491
257.571
257.61
257.691
257.816
257.833
257.89
257.97
258.01
258.09
258.17
258.21
258.29
258.37
258.41
258.491
258.57
258.61
258.69
258.77
258.81
258.89
258.971
259.01
259.09
259.17
259.21
259.29
259.37
259.436
259.49
259.57
259.61
259.69
259.77
259.81
259.89
259.97
260.01
260.09
260.17
260.211
260.29
260.37
260.41
260.49
260.57
260.61
260.691
260.77
260.811
260.891
260.97
261.01
261.136
261.171
261.21
261.29
261.37
261.41
261.49
261.57
261.61
261.69
261.77
261.811
261.891
261.97
262.01
262.09
262.17
262.21
262.29
262.37
262.41
262.491
262.57
262.611
262.69
262.797
262.814
262.89
262.97
263.01
263.09
263.17
263.21
263.29
263.37
263.41
263.491
263.57
263.61
263.691
263.77
263.81
263.89
263.97
264.01
264.09
264.17
264.21
264.29
264.37
264.455
264.49
264.57
264.61
264.69
264.77
264.81
264.89
264.97
265.01
265.09
265.171
265.211
265.29
265.37
265.41
265.491
265.57
265.61
265.691
265.77
265.81
265.891
265.97
266.01
266.136
266.17
266.21
266.29
266.37
266.41
266.49
266.57
266.61
266.69
266.77
266.811
266.891
266.971
267.01
267.09
267.17
267.21
267.29
267.37
267.41
267.49
267.57
267.61
267.69
267.816
267.833
267.89
267.97
268.01
268.091
268.17
268.211
268.29
268.37
268.41
268.491
268.571
268.61
268.69
268.771
268.81
268.89
268.97
269.01
269.09
269.17
269.21
269.29
269.37
269.456
269.49
269.57
269.61
269.69
269.77
269.81
269.891
269.97
270.01
270.09
270.171
270.211
270.291
270.371
270.41
270.491
270.57
270.61
270.691
270.77
270.811
270.891
270.97
271.01
277.816
277.833
271.157
271.237
271.277
271.358
271.437
271.477
271.557
271.637
271.677
271.778
271.837
271.877
271.957
272.037
272.077
272.157
272.237
272.278
272.357
272.438
272.477
272.558
272.638
272.722
272.778
272.837
272.877
272.977
273.037
273.077
273.157
273.237
273.277
273.357
273.438
273.477
273.557
273.637
273.677
273.758
273.838
273.877
273.958
274.038
274.077
274.158
274.238
274.277
274.383
274.437
274.477
274.557
274.637
274.677
274.757
274.837
274.878
274.957
275.038
275.078
275.157
275.237
275.278
275.357
275.438
275.477
275.558
275.638
275.677
275.758
275.838
275.877
275.958
276.082
276.099
276.158
276.237
276.277
276.357
276.437
276.477
276.557
276.637
276.677
276.758
276.837
276.877
276.958
277.037
277.077
277.158
277.237
277.277
277.358
277.437
277.477
277.558
277.637
277.722
277.757
277.837
277.877
277.957
278.037
278.077
278.157
278.237
278.277
278.357
278.438
278.478
278.558
278.637
278.677
278.757
278.837
278.877
278.957
279.038
279.078
279.157
279.237
279.278
279.362
279.437
279.477
279.557
279.637
279.677
279.758
279.837
279.877
279.957
280.037
280.078
280.158
280.238
280.277
280.358
280.438
280.478
280.557
280.637
280.677
280.757
280.838
280.877
280.957
281.083
281.1
281.157
281.237
281.277
281.357
281.437
281.478
281.557
281.637
281.678
281.758
281.838
281.877
281.958
282.038
282.078
282.158
282.238
282.277
282.358
282.438
282.478
282.568
282.647
282.711
282.767
282.847
282.887
282.987
283.047
283.087
283.167
283.247
283.287
283.367
283.448
283.487
283.567
283.647
283.687
283.767
283.847
283.887
283.967
284.047
284.087
284.167
284.247
284.287
284.391
284.447
284.491
284.567
284.647
284.687
284.767
284.847
284.887
284.967
285.047
285.088
285.168
285.248
285.288
285.367
285.448
285.491
285.568
285.647
285.687
285.767
285.848
285.887
285.968
286.072
286.089
286.167
286.247
286.287
286.367
286.447
286.491
286.567
286.647
286.687
286.768
286.849
286.887
286.967
287.047
287.088
287.167
287.249
287.287
287.37
287.449
287.491
287.569
287.647
287.734
287.768
287.847
287.887
287.968
288.047
288.089
288.167
288.247
288.288
288.367
288.449
288.491
288.568
288.649
288.688
288.768
288.849
288.889
288.967
289.049
289.089
289.169
289.249
289.288
289.391
289.449
289.488
289.568
289.649
289.688
289.768
289.849
289.889
289.968
290.049
290.088
290.169
290.249
290.288
290.368
290.449
290.491
290.568
290.649
290.688
290.768
290.849
290.889
290.968
291.092
291.109
291.169
291.249
291.288
291.368
291.449
291.491
291.568
291.649
291.689
291.768
291.849
291.889
291.968
292.049
292.088
292.169
292.249
292.289
292.368
292.449
292.491
292.568
292.649
292.732
292.787
292.849
292.888
292.968
293.048
293.088
293.169
293.249
293.288
293.368
293.449
293.491
293.568
293.649
293.688
293.77
293.849
293.889
293.968
294.049
294.088
294.169
294.25
294.288
294.372
294.449
294.492
294.568
294.649
294.688
294.768
294.849
294.889
294.968
295.049
295.088
295.169
295.249
295.288
295.368
295.449
295.491
295.568
295.649
295.688
295.769
295.849
295.889
295.969
296.092
296.109
296.169
296.249
296.288
296.368
296.449
296.491
296.568
296.649
296.689
296.769
296.849
296.889
296.969
297.049
297.088
297.169
297.249
297.288
297.368
297.449
297.491
297.568
297.649
297.711
297.768
297.849
297.889
297.968
298.049
298.088
298.169
298.249
298.288
298.369
298.449
298.491
298.568
298.649
298.689
298.768
298.849
298.889
298.968
299.049
299.089
299.169
299.249
299.288
299.412
299.449
299.491
299.568
299.649
299.688
299.768
299.849
299.889
299.969
300.049
300.089
300.17
300.249
300.288
300.368
300.449
300.491
300.568
300.649
300.689
300.768
300.849
300.889
300.969
301.071
301.088
301.17
301.249
301.288
301.368
301.449
301.492
301.568
301.649
301.688
301.768
301.849
301.889
301.968
302.049
302.088
302.169
302.249
302.288
302.368
302.428
302.491
302.568
302.649
302.692
302.768
302.849
302.889
302.968
303.049
303.088
303.169
303.228
303.288
303.368
303.449
303.491
303.568
303.629
303.688
303.768
303.828
303.889
303.948
304.028
304.088
304.148
304.228
304.288
304.372
304.428
304.468
304.548
304.628
304.668
304.748
304.828
304.868
304.948
305.028
305.068
305.148
305.228
305.268
305.348
305.428
305.468
305.548
305.628
305.668
305.748
305.828
305.868
305.948
306.092
306.109
306.148
306.228
306.267
306.348
306.428
306.468
306.548
306.628
306.668
306.748
306.828
306.868
306.948
307.028
307.068
307.148
307.228
307.267
307.348
307.428
307.468
307.548
307.628
307.692
307.748
307.828
307.867
307.948
308.028
308.068
308.148
308.228
308.268
308.348
308.428
308.468
308.548
308.628
308.668
308.748
308.848
308.868
308.948
309.028
309.068
309.148
309.228
309.268
309.412
309.429
309.468
309.548
309.628
309.667
309.748
309.828
309.867
309.947
310.028
310.068
310.148
310.228
310.267
310.348
310.427
310.468
310.557
310.637
310.677
310.757
310.837
310.877
310.957
311.061
311.078
311.157
311.237
311.277
311.357
311.437
311.477
311.557
311.637
311.738
311.818
311.898
311.938
312.018
312.098
312.138
312.218
312.298
312.337
312.418
312.498
312.538
312.617
312.698
312.78
312.817
312.897
312.937
313.017
313.097
313.137
313.217
313.297
313.337
313.417
313.498
313.537
313.617
313.697
313.737
313.817
313.898
313.937
314.017
314.098
314.138
314.217
314.298
314.337
314.421
314.497
314.537
314.618
314.697
314.737
314.817
314.897
314.937
315.017
315.097
315.138
315.217
315.297
315.337
315.417
315.497
315.538
315.617
315.698
315.737
315.818
315.897
315.937
316.017
316.122
316.139
316.217
316.297
316.337
316.418
316.498
316.538
316.617
316.698
316.737
316.818
316.897
316.937
317.017
317.118
317.138
317.218
317.297
317.337
317.417
317.498
317.538
317.617
317.697
317.781
317.817
317.897
317.937
318.017
318.097
318.137
318.217
318.297
318.337
318.417
318.518
318.538
318.617
318.698
318.737
318.818
318.897
318.938
319.018
319.098
319.138
319.217
319.297
319.337
319.461
319.517
319.537
319.617
319.697
319.737
319.817
319.897
319.937
320.017
320.097
320.138
320.217
320.298
320.338
320.418
320.498
320.538
320.617
320.698
320.737
320.817
320.897
320.937
321.017
321.142
321.159
321.217
321.297
321.338
321.417
321.497
321.537
321.617
321.697
321.737
321.818
321.898
321.937
326.135
322.041
326.207
322.162
322.201
322.281
322.361
322.402
322.481
322.562
322.601
322.682
322.762
322.802
322.882
322.962
323.002
323.082
323.162
323.202
323.281
323.362
323.401
323.481
323.562
323.648
323.682
323.761
323.801
323.881
323.961
324.001
324.081
324.162
324.202
324.282
324.362
324.402
324.482
324.562
324.602
324.682
324.762
324.801
324.881
324.962
325.001
325.082
325.162
325.201
325.328
325.362
325.401
325.481
325.561
325.601
325.681
325.761
325.801
325.881
325.962
326.002
326.082
326.162
326.202
326.282
326.362
326.402
326.482
326.562
326.602
326.682
326.762
326.801
326.882
327.008
327.025
327.081
327.162
327.201
327.281
327.361
327.401
327.481
327.562
327.601
327.682
327.762
327.802
327.882
327.962
328.002
328.082
328.162
328.202
328.282
328.362
328.402
328.482
328.562
328.647
328.682
328.762
328.802
328.882
328.962
329.002
329.082
329.162
329.201
329.281
329.362
329.402
329.481
329.562
329.601
329.681
329.761
329.801
329.881
329.961
330.001
330.081
330.162
330.201
330.308
330.362
330.402
330.482
330.562
330.602
330.682
330.762
330.802
330.882
330.961
331.002
331.082
331.162
331.202
331.282
331.362
331.402
331.482
331.562
331.601
331.682
331.762
331.802
331.882
332.007
332.024
332.081
332.161
332.201
332.281
332.361
332.401
332.481
332.561
332.601
332.682
332.762
332.801
332.882
332.962
333.002
333.082
333.162
333.202
333.282
333.362
333.402
333.482
333.562
333.647
333.682
333.761
333.801
333.882
333.962
334.001
334.081
334.162
334.201
334.281
334.362
334.402
334.482
334.562
334.602
334.682
334.762
334.802
334.882
334.962
335.002
335.082
335.162
335.202
335.327
335.362
335.401
335.482
335.562
335.602
335.682
335.762
335.801
335.882
335.962
336.002
336.082
336.162
336.202
336.282
336.362
336.402
336.482
336.562
336.602
336.682
336.762
336.801
336.882
337.006
337.042
337.082
337.162
337.202
337.282
337.362
337.402
337.482
337.562
337.601
337.682
337.762
337.801
337.882
337.962
338.002
338.081
338.162
338.201
338.281
338.361
338.402
338.482
338.561
338.605
338.681
338.761
338.801
338.882
338.962
339.002
339.082
339.162
339.202
339.282
339.362
339.402
339.482
339.562
339.602
339.682
339.762
339.801
339.881
339.961
340.002
340.082
340.162
340.202
340.326
340.362
340.401
340.482
340.561
340.601
340.682
340.762
340.801
340.881
340.961
341.002
341.082
341.162
341.202
341.282
341.362
341.401
341.482
341.562
341.602
341.682
341.762
341.802
341.882
342.006
342.023
342.082
342.162
342.202
342.282
342.382
342.401
342.482
342.561
342.601
342.682
342.762
342.801
342.881
342.961
343.001
343.081
343.162
343.202
343.282
343.362
343.402
343.482
343.562
343.646
343.682
343.762
343.801
343.901
343.961
344.001
344.082
344.162
344.201
344.281
344.362
344.402
344.482
344.562
344.602
344.682
344.761
344.802
344.882
344.961
345.001
345.082
345.162
345.202
345.327
345.361
345.402
345.481
345.562
345.601
345.682
345.762
345.802
345.882
345.962
352.008
346.052
352.082
346.189
346.229
346.308
346.389
346.429
346.509
346.589
346.628
346.709
346.789
346.829
346.908
346.989
347.029
347.109
347.189
347.229
347.309
347.388
347.429
347.508
347.589
347.674
347.709
347.789
347.829
347.908
347.988
348.028
348.108
348.189
348.228
348.308
348.389
348.429
348.509
348.589
348.628
348.709
348.789
348.828
348.909
348.989
349.028
349.108
349.189
349.228
349.355
349.389
349.429
349.508
349.589
349.628
349.709
349.788
349.829
349.909
349.989
350.029
350.109
350.189
350.229
350.309
350.389
350.429
350.509
350.589
350.629
350.709
350.789
350.829
350.909
351.034
351.051
351.109
351.189
351.229
351.309
351.389
351.429
351.509
351.589
351.628
351.709
351.789
351.829
351.909
351.989
352.029
352.109
352.189
352.229
352.309
352.389
352.429
352.509
352.589
352.672
352.709
352.789
352.829
352.909
352.989
353.029
353.109
353.189
353.229
353.309
353.389
353.429
353.509
353.589
353.629
353.709
353.789
353.828
353.909
353.989
354.029
354.109
354.189
354.228
354.332
354.389
354.428
354.509
354.589
354.628
354.709
354.789
354.828
354.909
354.989
355.029
355.109
355.189
355.229
355.309
355.389
355.429
355.509
355.589
355.629
355.709
355.789
355.829
355.909
355.993
356.028
356.109
356.189
356.228
356.309
356.389
356.429
356.509
356.589
356.629
356.709
356.789
356.829
356.909
356.989
357.029
357.109
357.189
357.229
357.309
357.389
357.429
357.509
357.589
357.652
357.709
357.788
357.829
357.909
357.989
358.029
358.109
358.189
358.229
358.309
358.389
358.428
358.509
358.589
358.629
358.709
358.789
358.829
358.909
358.989
359.029
359.109
359.189
359.229
359.332
359.389
359.429
359.509
359.589
359.629
359.709
359.789
359.828
359.909
359.988
360.029
360.109
360.189
360.228
360.309
360.389
360.429
360.509
360.589
360.629
360.709
360.789
360.829
360.909
361.013
361.03
361.109
361.189
361.229
361.309
361.389
361.429
361.509
361.589
361.629
361.709
361.789
361.829
361.909
361.989
362.029
362.109
362.189
362.229
362.309
362.389
362.429
362.509
362.589
362.672
362.709
362.789
362.829
362.909
362.989
363.029
363.109
363.189
363.228
363.309
363.389
363.429
363.509
363.589
363.629
363.709
363.789
363.829
363.909
363.989
364.029
364.109
364.189
364.229
364.312
364.389
364.429
364.504
364.584
364.623
364.704
364.784
364.824
364.904
364.984
365.024
365.104
365.184
365.224
365.304
365.384
365.424
365.504
365.584
365.624
365.704
365.784
365.824
365.904
366.027
366.064
366.104
366.184
366.224
366.304
366.384
366.424
366.524
366.584
366.624
366.704
366.784
366.824
366.904
366.984
367.024
367.104
367.184
367.224
367.304
367.384
367.424
367.504
367.584
367.667
367.704
367.784
367.824
367.904
367.984
368.024
368.104
368.184
368.224
368.304
368.384
368.424
368.504
368.584
368.624
368.704
368.784
368.823
368.904
368.984
369.024
369.104
369.184
369.223
369.327
369.384
369.423
369.504
369.584
369.624
369.704
369.784
369.824
369.904
369.984
370.024
370.104
370.184
370.224
370.304
370.384
370.424
370.504
370.584
370.624
370.704
370.784
370.824
370.904
371.027
371.044
371.104
371.184
371.224
371.304
371.384
371.424
371.504
371.584
371.624
371.704
371.784
371.824
371.904
371.984
372.024
372.104
372.184
372.224
372.304
372.384
372.424
372.504
372.584
372.627
372.704
372.784
372.824
372.904
372.984
373.024
373.104
373.184
373.224
373.304
373.384
373.424
373.504
373.584
373.624
373.704
373.784
373.824
373.904
373.984
374.024
374.104
374.184
374.224
374.347
374.384
374.424
374.504
374.584
374.624
374.704
374.784
374.824
374.904
374.984
375.024
375.104
375.184
375.224
375.304
375.384
375.424
375.504
375.584
375.624
375.704
375.784
375.824
375.904
375.988
376.024
376.104
376.184
376.224
376.304
376.384
376.424
376.504
376.584
376.624
376.704
376.784
376.824
376.904
376.984
377.024
377.104
377.184
377.224
377.304
377.384
377.424
377.504
377.584
377.668
377.704
377.784
377.824
377.904
377.984
378.024
378.104
378.184
378.224
378.304
378.384
378.424
378.504
378.584
378.624
378.704
378.784
378.824
378.904
378.984
379.024
379.104
379.184
379.224
379.347
379.384
379.424
379.504
379.584
379.624
379.704
379.784
379.824
379.904
379.984
380.024
380.104
380.184
380.224
380.304
380.384
380.424
380.504
380.584
380.624
380.704
380.784
380.824
380.904
381.008
381.025
381.104
381.184
381.223
381.304
381.384
381.423
381.497
381.577
381.616
381.697
381.777
381.817
381.897
381.977
382.017
382.097
