0.119987,0.125061
0.1,0.125061
0.119987,0.137917
0.2,0.137917
0.280013,0.173364
0.319987,0.173364
0.4,0.188516
0.480013,0.188516
0.519987,0.194705
0.6,0.194705
0.680013,0.20248
0.719987,0.20248
0.8,0.20687
0.880013,0.20687
0.919987,0.211738
1,0.211738
1.08001,0.216362
1.11999,0.216362
1.2,0.218892
1.30404,0.218892
1.32103,0.224278
1.4,0.224278
1.48001,0.227998
1.54004,0.227998
1.6,0.228313
1.68001,0.228313
1.71999,0.230508
1.8,0.230508
1.88001,0.233059
1.91999,0.233059
2,0.231463
2.08001,0.231463
2.11999,0.230976
2.2,0.230976
2.28001,0.232856
2.31999,0.232856
2.4,0.232835
2.48001,0.232835
2.51999,0.234797
2.6,0.234797
2.68001,0.23628
2.71999,0.23628
2.8,0.236961
2.88001,0.236961
2.964,0.242713
3,0.242713
3.08001,0.242459
3.11999,0.242459
3.2,0.241748
3.28001,0.241748
3.31999,0.242795
3.4,0.242795
3.48001,0.24438
3.51999,0.24438
3.6,0.245528
3.68001,0.245528
3.71999,0.244858
3.8,0.244858
3.88001,0.245935
3.91999,0.245935
4,0.242581
4.08001,0.242581
4.11999,0.243608
4.2,0.243608
4.28001,0.242327
4.31999,0.242327
4.4,0.242886
4.48001,0.242886
4.51999,0.243201
4.64401,0.243201
4.68001,0.24564
4.71999,0.24564
4.8,0.246423
4.88001,0.246423
4.91999,0.248445
5,0.248445
5.08001,0.250894
5.11999,0.250894
5.2,0.256646
5.28001,0.256646
5.31999,0.258679
5.4,0.258679
5.48001,0.266067
5.51999,0.266067
5.6,0.28376
5.68001,0.28376
5.71999,0.301484
5.8,0.301484
5.88001,0.314726
5.91999,0.314726
6,0.314848
6.08001,0.314848
6.11999,0.31628
6.21999,0.31628
6.32298,0.316382
6.34004,0.316382
6.4,0.315945
6.48001,0.315945
6.51999,0.317561
6.6,0.317561
6.68001,0.31686
6.71999,0.31686
6.8,0.31751
6.88001,0.31751
6.91999,0.317205
7,0.317205
7.08001,0.328852
7.11999,0.328852
7.2,0.343181
7.28001,0.343181
7.31999,0.36002
7.4,0.36002
7.48001,0.373465
7.51999,0.373465
7.6,0.377266
7.68001,0.377266
7.71999,0.381341
7.8,0.381341
7.88001,0.384217
7.92298,0.384217
8,0.392561
8.08001,0.392561
8.11999,0.392835
8.2,0.392835
8.28001,0.394207
8.31999,0.394207
8.4,0.395803
8.48001,0.395803
8.51999,0.401159
8.6,0.401159
8.68001,0.405407
8.71999,0.405407
8.8,0.406707
8.88001,0.406707
8.91999,0.409543
9,0.409543
9.08001,0.412642
9.11999,0.412642
9.2,0.416463
9.28001,0.416463
9.31999,0.417287
9.4,0.417287
9.48001,0.416443
9.51999,0.416443
9.64303,0.407846
9.68001,0.407846
9.71999,0.408831
9.8,0.408831
9.88001,0.408618
9.91999,0.408618
10,0.40749
10.08,0.40749
10.12,0.407663
10.2,0.407663
10.28,0.408709
10.32,0.408709
10.4,0.407846
10.48,0.407846
10.52,0.407358
10.6,0.407358
10.68,0.405203
10.72,0.405203
10.8,0.403933
10.88,0.403933
10.92,0.402602
11,0.402602
11.08,0.401352
11.12,0.401352
11.2,0.401189
11.323,0.401189
11.34,0.405071
11.4,0.405071
11.48,0.403974
11.52,0.403974
11.6,0.403852
11.68,0.403852
11.72,0.40064
11.8,0.40064
11.88,0.400498
11.92,0.400498
12,0.397967
12.08,0.397967
12.12,0.395589
12.2,0.395589
12.28,0.391138
12.32,0.391138
12.4,0.387063
12.48,0.387063
12.52,0.383089
12.6,0.383089
12.68,0.381524
12.72,0.381524
12.8,0.379238
12.88,0.379238
12.963,0.368486
13,0.368486
13.08,0.368384
13.12,0.368384
13.2,0.368089
13.28,0.368089
13.32,0.369065
13.4,0.369065
13.48,0.368628
13.52,0.368628
13.6,0.368872
13.68,0.368872
13.72,0.366839
13.8,0.366839
13.88,0.366789
13.92,0.366789
14,0.366758
14.08,0.366758
14.12,0.367632
14.2,0.367632
14.28,0.365945
14.32,0.365945
14.4,0.366596
14.48,0.366596
14.52,0.366789
14.643,0.366789
14.68,0.365315
14.72,0.365315
14.8,0.366372
14.88,0.366372
14.92,0.366758
15,0.366758
15.08,0.366098
15.12,0.366098
15.2,0.366819
15.28,0.366819
15.32,0.368394
15.4,0.368394
15.48,0.368974
15.52,0.368974
15.6,0.369594
15.68,0.369594
15.72,0.370874
15.8,0.370874
15.88,0.36935
15.92,0.36935
16,0.371677
16.08,0.371677
16.12,0.376839
16.2,0.376839
16.323,0.378496
16.34,0.378496
16.4,0.377866
16.48,0.377866
16.52,0.375498
16.6,0.375498
16.68,0.373079
16.72,0.373079
16.8,0.373313
16.88,0.373313
16.92,0.374929
17,0.374929
17.08,0.376545
17.12,0.376545
17.2,0.37748
17.28,0.37748
17.32,0.378181
17.4,0.378181
17.48,0.378811
17.52,0.378811
17.6,0.379736
17.68,0.379736
17.72,0.380356
17.8,0.380356
17.88,0.380478
17.964,0.380478
18.02,0.38061
18.08,0.38061
18.12,0.381026
18.2,0.381026
18.28,0.38249
18.32,0.38249
18.4,0.382256
18.48,0.382256
18.52,0.38187
18.6,0.38187
18.68,0.382937
18.72,0.382937
18.8,0.385488
18.88,0.385488
18.92,0.383313
19,0.383313
19.08,0.380061
19.12,0.380061
19.2,0.37877
19.28,0.37877
19.32,0.376128
19.4,0.376128
19.48,0.374451
19.52,0.374451
19.643,0.377744
19.68,0.377744
19.72,0.377825
19.8,0.377825
19.88,0.37873
19.92,0.37873
20,0.378791
20.08,0.378791
20.12,0.378811
20.2,0.378811
20.28,0.380061
20.32,0.380061
20.4,0.379563
20.48,0.379563
20.52,0.380539
20.6,0.380539
20.68,0.380132
20.721,0.380132
20.8,0.380752
20.88,0.380752
20.92,0.381524
21,0.381524
21.08,0.382144
21.12,0.382144
21.2,0.382754
21.323,0.382754
21.34,0.382947
21.4,0.382947
21.48,0.382571
21.52,0.382571
21.62,0.382236
21.68,0.382236
21.72,0.383293
21.8,0.383293
21.88,0.383933
21.92,0.383933
22,0.383872
22.08,0.383872
22.12,0.383933
22.2,0.383933
22.28,0.385518
22.32,0.385518
22.4,0.385335
22.48,0.385335
22.52,0.385539
22.6,0.385539
22.68,0.385152
22.72,0.385152
22.8,0.385274
22.88,0.385274
22.963,0.380102
23,0.380102
23.08,0.378201
23.12,0.378201
23.2,0.378364
23.28,0.378364
23.32,0.377866
23.4,0.377866
23.48,0.378923
23.52,0.378923
23.6,0.379289
23.68,0.379289
23.72,0.378679
23.8,0.378679
23.88,0.379258
23.92,0.379258
24,0.379827
24.08,0.379827
24.12,0.380417
24.2,0.380417
24.28,0.381362
24.32,0.381362
24.4,0.382368
24.48,0.382368
24.52,0.382754
24.643,0.382754
24.68,0.383628
24.71,0.383628
24.79,0.382358
24.87,0.382358
24.91,0.382785
24.99,0.382785
25.07,0.38315
25.11,0.38315
25.19,0.38373
25.27,0.38373
25.33,0.383679
25.39,0.383679
25.47,0.386585
25.51,0.386585
25.59,0.390844
25.67,0.390844
25.71,0.389969
25.8,0.389969
25.88,0.391819
25.92,0.391819
26,0.392602
26.08,0.392602
26.12,0.393506
26.2,0.393506
26.304,0.395965
26.321,0.395965
26.4,0.397398
26.48,0.397398
26.52,0.398222
26.6,0.398222
26.68,0.398902
26.72,0.398902
26.8,0.400356
26.88,0.400356
26.92,0.40003
27,0.40003
27.08,0.402144
27.12,0.402144
27.2,0.403089
27.28,0.403089
27.32,0.405661
27.4,0.405661
27.48,0.407724
27.52,0.407724
27.6,0.409492
27.68,0.409492
27.72,0.410976
27.8,0.410976
27.88,0.413953
27.963,0.413953
28.02,0.425122
28.08,0.425122
28.12,0.423465
28.2,0.423465
28.28,0.427957
28.32,0.427957
28.4,0.428333
28.48,0.428333
28.52,0.429695
28.6,0.429695
28.68,0.432236
28.71,0.432236
28.79,0.433933
28.87,0.433933
28.91,0.435813
28.99,0.435813
29.07,0.434848
29.11,0.434848
29.19,0.434756
29.27,0.434756
29.31,0.436839
29.39,0.436839
29.47,0.439207
29.51,0.439207
29.613,0.437967
29.67,0.437967
29.71,0.438079
29.79,0.438079
29.87,0.440274
29.91,0.440274
29.99,0.437348
30.07,0.437348
30.11,0.43813
30.19,0.43813
30.27,0.438252
30.31,0.438252
30.39,0.438557
30.47,0.438557
30.51,0.438059
30.59,0.438059
30.67,0.439898
30.71,0.439898
30.8,0.439888
30.88,0.439888
30.92,0.440813
31,0.440813
31.08,0.439817
31.12,0.439817
31.2,0.440549
31.283,0.440549
31.32,0.433557
31.4,0.433557
31.48,0.435041
31.52,0.435041
31.6,0.436555
31.68,0.436555
31.72,0.436839
31.8,0.436839
31.88,0.437266
31.92,0.437266
32,0.438425
32.08,0.438425
32.12,0.439949
32.2,0.439949
32.28,0.441311
32.32,0.441311
32.4,0.441646
32.48,0.441646
32.52,0.4431
32.6,0.4431
32.68,0.442988
32.709,0.442988
32.79,0.443445
32.87,0.443445
32.934,0.438455
32.99,0.438455
33.07,0.441453
33.11,0.441453
33.19,0.451646
33.27,0.451646
33.31,0.46938
33.41,0.46938
33.47,0.493557
33.51,0.493557
33.59,0.508791
33.67,0.508791
33.71,0.52502
33.79,0.52502
33.87,0.535925
33.91,0.535925
33.99,0.538852
34.07,0.538852
34.11,0.544695
34.19,0.544695
34.27,0.547266
34.31,0.547266
34.39,0.541433
34.47,0.541433
34.51,0.53936
34.634,0.53936
34.67,0.519329
34.71,0.519329
34.8,0.520986
34.88,0.520986
34.92,0.519339
35,0.519339
35.08,0.52125
35.12,0.52125
35.2,0.524014
35.28,0.524014
35.32,0.525844
35.4,0.525844
35.48,0.531291
35.52,0.531291
35.6,0.534939
35.68,0.534939
35.71,0.536575
35.79,0.536575
35.87,0.5375
35.91,0.5375
35.99,0.540447
36.07,0.540447
36.11,0.54251
36.19,0.54251
36.295,0.539827
36.312,0.539827
36.39,0.542866
36.47,0.542866
36.51,0.547256
36.59,0.547256
36.67,0.549929
36.71,0.549929
36.79,0.549644
36.87,0.549644
36.91,0.548567
36.99,0.548567
37.07,0.551291
37.11,0.551291
37.19,0.552154
37.27,0.552154
37.31,0.552033
37.39,0.552033
37.47,0.550559
37.51,0.550559
37.59,0.548059
37.67,0.548059
37.714,0.547724
37.79,0.547724
37.87,0.559228
37.954,0.559228
38.01,0.561707
38.07,0.561707
38.11,0.571047
38.19,0.571047
38.27,0.58314
38.31,0.58314
38.39,0.594594
38.47,0.594594
38.51,0.6044
38.59,0.6044
38.67,0.615467
38.71,0.615467
38.8,0.619776
38.88,0.619776
38.92,0.62875
39,0.62875
39.08,0.633608
39.12,0.633608
39.2,0.636951
39.28,0.636951
39.32,0.638384
39.4,0.638384
39.48,0.640183
39.52,0.640183
39.644,0.630091
39.68,0.630091
39.72,0.62748
39.8,0.62748
39.88,0.63
39.92,0.63
40,0.63627
40.08,0.63627
40.12,0.64127
40.2,0.64127
40.28,0.649258
40.32,0.649258
40.4,0.654827
40.48,0.654827
40.52,0.65875
40.6,0.65875
40.68,0.661931
40.709,0.661931
40.79,0.666667
40.87,0.666667
40.91,0.672348
40.99,0.672348
41.07,0.677388
41.11,0.677388
41.19,0.683211
41.315,0.683211
41.332,0.674807
41.39,0.674807
41.47,0.683516
41.51,0.683516
41.59,0.688435
41.67,0.688435
41.71,0.69125
41.79,0.69125
41.87,0.691331
41.91,0.691331
41.99,0.691189
42.07,0.691189
42.11,0.690722
42.19,0.690722
42.27,0.690396
42.31,0.690396
42.39,0.690864
42.47,0.690864
42.51,0.69125
42.59,0.69125
42.67,0.690661
42.71,0.690661
42.8,0.693283
42.88,0.693283
42.964,0.692327
43.02,0.692327
43.08,0.700325
43.12,0.700325
43.2,0.705417
43.28,0.705417
43.32,0.70811
43.4,0.70811
43.48,0.710427
43.52,0.710427
43.6,0.710112
43.68,0.710112
43.72,0.711484
43.8,0.711484
43.88,0.713923
43.92,0.713923
44,0.714624
44.08,0.714624
44.12,0.717134
44.2,0.717134
44.28,0.721738
44.32,0.721738
44.4,0.72502
44.48,0.72502
44.52,0.728465
44.644,0.728465
44.68,0.730041
44.708,0.730041
44.79,0.732094
44.87,0.732094
44.91,0.735722
44.99,0.735722
45.07,0.738394
45.11,0.738394
45.19,0.740691
45.27,0.740691
45.31,0.742805
45.39,0.742805
45.47,0.744685
45.51,0.744685
45.59,0.746596
45.67,0.746596
45.71,0.747561
45.79,0.747561
45.87,0.749949
45.91,0.749949
45.99,0.751321
46.07,0.751321
46.11,0.752642
46.19,0.752642
46.315,0.751382
46.332,0.751382
46.39,0.753577
46.47,0.753577
46.51,0.755528
46.59,0.755528
46.67,0.755864
46.71,0.755864
46.8,0.755102
46.88,0.755102
46.92,0.755285
47,0.755285
47.08,0.754553
47.12,0.754553
47.2,0.753923
47.28,0.753923
47.32,0.754522
47.4,0.754522
47.48,0.754898
47.52,0.754898
47.6,0.755935
47.68,0.755935
47.72,0.75502
47.8,0.75502
47.88,0.754421
47.964,0.754421
48,0.742622
48.08,0.742622
48.12,0.742886
48.2,0.742886
48.28,0.743821
48.32,0.743821
48.4,0.743933
48.48,0.743933
48.52,0.74376
48.6,0.74376
48.68,0.743079
48.708,0.743079
48.8,0.740945
48.88,0.740945
48.92,0.739228
49,0.739228
49.08,0.737683
49.12,0.737683
49.2,0.735742
49.28,0.735742
49.32,0.734096
49.4,0.734096
49.48,0.733618
49.52,0.733618
49.646,0.723486
49.68,0.723486
49.72,0.723283
49.8,0.723283
49.88,0.721087
49.92,0.721087
50,0.720274
50.08,0.720274
50.12,0.719675
50.2,0.719675
50.28,0.719268
50.32,0.719268
50.4,0.719035
50.48,0.719035
50.52,0.718618
50.6,0.718618
50.68,0.717652
50.72,0.717652
50.8,0.715467
50.88,0.715467
50.92,0.712937
51,0.712937
51.08,0.710569
51.12,0.710569
51.2,0.708455
51.326,0.708455
51.343,0.694319
51.4,0.694319
51.48,0.695335
51.52,0.695335
51.6,0.695356
51.68,0.695356
51.72,0.695742
51.8,0.695742
51.88,0.696809
51.92,0.696809
52,0.697398
52.08,0.697398
52.12,0.698293
52.2,0.698293
52.28,0.702083
52.32,0.702083
52.4,0.708943
52.48,0.708943
52.52,0.713394
52.6,0.713394
52.68,0.723384
52.708,0.723384
52.8,0.733516
52.88,0.733516
52.966,0.747053
53.02,0.747053
53.08,0.757195
53.12,0.757195
53.2,0.762297
53.28,0.762297
53.32,0.767154
53.4,0.767154
53.48,0.774532
53.52,0.774532
53.6,0.780549
53.68,0.780549
53.72,0.784238
53.8,0.784238
53.88,0.78627
53.92,0.78627
54,0.787439
54.08,0.787439
54.12,0.78748
54.2,0.78748
54.28,0.78688
54.32,0.78688
54.4,0.785579
54.48,0.785579
54.52,0.78497
54.646,0.78497
54.68,0.770132
54.72,0.770132
54.79,0.767744
54.87,0.767744
54.91,0.764085
54.99,0.764085
55.07,0.762754
55.11,0.762754
55.19,0.76373
55.27,0.76373
55.31,0.764797
55.39,0.764797
55.47,0.762622
55.51,0.762622
55.59,0.760752
55.67,0.760752
55.71,0.759035
55.79,0.759035
55.87,0.757846
55.91,0.757846
55.99,0.757978
56.07,0.757978
56.11,0.758587
56.19,0.758587
56.316,0.750346
56.333,0.750346
56.39,0.751199
56.47,0.751199
56.51,0.752246
56.59,0.752246
56.67,0.753252
56.71,0.753252
56.79,0.753801
56.87,0.753801
56.91,0.753872
56.99,0.753872
57.07,0.753557
57.11,0.753557
57.19,0.753181
57.27,0.753181
57.31,0.753882
57.39,0.753882
57.47,0.754136
57.51,0.754136
57.59,0.75439
57.67,0.75439
57.712,0.754583
57.79,0.754583
57.87,0.754522
57.955,0.754522
58.01,0.754146
58.07,0.754146
58.11,0.754136
58.19,0.754136
58.27,0.754543
58.31,0.754543
58.39,0.754858
58.47,0.754858
58.51,0.755539
59.636,0.755539
58.6165,0.755224
59.71,0.755224
58.7365,0.754766
58.8165,0.754766
58.8565,0.754339
58.9365,0.754339
59.0165,0.753648
59.0565,0.753648
59.1365,0.753831
59.2165,0.753831
59.2565,0.754299
59.3365,0.754299
59.4165,0.75377
59.4565,0.75377
59.5365,0.753923
59.6165,0.753923
59.6565,0.753506
59.7365,0.753506
59.8165,0.753384
59.8565,0.753384
59.9365,0.753547
60.0165,0.753547
60.0565,0.753577
60.1365,0.753577
60.2625,0.752642
60.2965,0.752642
60.3365,0.75252
60.4165,0.75252
60.4565,0.752591
60.5365,0.752591
60.6165,0.753323
60.6565,0.753323
60.7365,0.753232
60.8165,0.753232
60.8565,0.753709
60.9365,0.753709
61.0165,0.753587
61.0565,0.753587
61.1365,0.753516
61.2165,0.753516
61.2565,0.753923
61.3365,0.753923
61.4165,0.754024
61.4565,0.754024
61.5365,0.754014
61.6165,0.754014
61.6565,0.753831
61.7365,0.753831
61.8165,0.754045
61.9025,0.754045
61.9365,0.750965
62.0165,0.750965
62.0565,0.750915
62.1365,0.750915
62.2165,0.751555
62.2565,0.751555
62.3365,0.752866
62.4165,0.752866
62.4565,0.75499
62.5365,0.75499
62.6165,0.75622
62.6565,0.75622
62.7365,0.757053
62.8165,0.757053
62.8565,0.756697
62.9365,0.756697
63.0165,0.756972
63.0565,0.756972
63.1365,0.757317
63.2165,0.757317
63.2565,0.757327
63.3365,0.757327
63.4165,0.757358
63.4565,0.757358
63.5825,0.756321
63.6365,0.756321
63.6585,0.756809
63.7365,0.756809
63.8165,0.758862
63.8765,0.758862
63.9365,0.760366
64.0165,0.760366
64.0565,0.761555
64.1365,0.761555
64.2165,0.763415
64.2565,0.763415
64.3365,0.763567
64.4165,0.763567
64.4565,0.764329
64.5365,0.764329
64.6165,0.767063
64.6565,0.767063
64.7365,0.768069
64.8165,0.768069
64.8565,0.769207
64.9365,0.769207
65.0165,0.769807
65.0565,0.769807
65.1365,0.771433
65.2625,0.771433
65.2795,0.767378
65.3365,0.767378
65.4165,0.767043
65.4565,0.767043
65.5365,0.765894
65.6165,0.765894
65.6565,0.764797
65.7365,0.764797
65.8165,0.763811
65.8565,0.763811
65.9375,0.763171
66.0165,0.763171
66.0565,0.763293
66.1365,0.763293
66.2165,0.762703
66.2565,0.762703
66.3365,0.762906
66.4165,0.762906
66.4565,0.762622
66.5365,0.762622
66.6165,0.761301
66.6565,0.761301
66.7365,0.7606
66.8165,0.7606
66.9025,0.758161
66.9365,0.758161
67.0165,0.758496
67.0565,0.758496
67.1365,0.758587
67.2165,0.758587
68.5815,0.763994
67.3239,0.763994
68.6565,0.764441
67.444,0.764441
67.5239,0.766037
67.564,0.766037
67.644,0.76563
67.7239,0.76563
67.764,0.765874
67.844,0.765874
67.9239,0.765955
67.984,0.765955
68.044,0.766616
68.1239,0.766616
68.164,0.767033
68.244,0.767033
68.3239,0.766829
68.364,0.766829
68.444,0.766829
68.5239,0.766829
68.564,0.767906
68.644,0.767906
68.7239,0.767266
68.764,0.767266
68.844,0.766717
68.97,0.766717
68.987,0.763892
69.044,0.763892
69.1239,0.763313
69.164,0.763313
69.244,0.763689
69.3239,0.763689
69.364,0.763537
69.444,0.763537
69.5239,0.763557
69.564,0.763557
69.644,0.763689
69.7239,0.763689
69.764,0.764116
69.844,0.764116
69.9239,0.764634
69.964,0.764634
70.044,0.764919
70.1239,0.764919
70.164,0.765183
70.244,0.765183
70.3239,0.764431
70.364,0.764431
70.4539,0.764593
70.534,0.764593
70.6209,0.762896
70.6539,0.762896
70.734,0.762896
70.7739,0.762896
70.8539,0.763557
70.934,0.763557
70.9739,0.764106
71.054,0.764106
71.134,0.765081
71.1739,0.765081
71.254,0.765112
71.334,0.765112
71.3739,0.764705
71.4539,0.764705
71.534,0.76561
71.5739,0.76561
71.6539,0.765874
71.734,0.765874
71.7739,0.765996
71.8539,0.765996
71.934,0.766839
71.9739,0.766839
72.054,0.766931
72.134,0.766931
72.1739,0.767063
72.301,0.767063
72.334,0.768404
72.3739,0.768404
72.4539,0.769919
72.534,0.769919
72.5739,0.770142
72.6539,0.770142
72.734,0.770589
72.7739,0.770589
72.8539,0.770274
72.934,0.770274
72.9739,0.769573
73.054,0.769573
73.134,0.769248
73.1739,0.769248
73.254,0.769746
73.334,0.769746
73.3739,0.769492
73.4539,0.769492
73.534,0.769278
73.5739,0.769278
73.6539,0.769502
73.734,0.769502
73.7739,0.770091
73.8539,0.770091
73.981,0.767764
73.998,0.767764
74.054,0.767266
74.134,0.767266
74.1739,0.76814
74.254,0.76814
74.334,0.768526
74.361,0.768526
74.4539,0.768537
74.534,0.768537
74.5739,0.767896
74.6739,0.767896
74.734,0.768079
74.7739,0.768079
74.8539,0.769014
74.934,0.769014
74.9739,0.772012
75.054,0.772012
75.134,0.775884
75.1739,0.775884
75.254,0.776565
75.334,0.776565
75.3739,0.776413
75.4539,0.776413
75.534,0.775681
75.6209,0.775681
75.6539,0.772449
75.734,0.772449
75.7739,0.773455
75.8539,0.773455
75.934,0.773679
75.9739,0.773679
76.054,0.774004
76.134,0.774004
76.1739,0.775102
76.254,0.775102
76.334,0.777551
76.359,0.777551
76.4539,0.77688
76.534,0.77688
76.5739,0.777093
76.6539,0.777093
76.734,0.77378
76.7739,0.77378
76.8539,0.771372
76.934,0.771372
76.9739,0.771982
77.054,0.771982
77.134,0.774807
77.1739,0.774807
77.301,0.775254
77.356,0.775254
77.3739,0.77876
77.4539,0.77876
77.534,0.779136
77.5739,0.779136
77.6539,0.775945
77.734,0.775945
77.794,0.775417
77.8539,0.775417
77.934,0.774868
77.9739,0.774868
78.054,0.775061
78.134,0.775061
78.1739,0.773486
78.254,0.773486
78.334,0.7725
78.364,0.7725
78.444,0.771606
78.5239,0.771606
78.564,0.770193
78.644,0.770193
78.7239,0.770396
78.764,0.770396
78.844,0.77003
78.97,0.77003
78.987,0.765244
79.044,0.765244
79.1239,0.76437
79.164,0.76437
79.244,0.764614
79.3239,0.764614
79.3679,0.764909
79.444,0.764909
79.5239,0.765579
79.564,0.765579
79.645,0.766118
79.7239,0.766118
79.764,0.766524
79.844,0.766524
79.9239,0.767154
79.964,0.767154
80.044,0.767073
80.1239,0.767073
80.164,0.767287
80.244,0.767287
80.3239,0.767459
80.364,0.767459
80.444,0.767571
80.5239,0.767571
80.609,0.764065
80.644,0.764065
80.7239,0.764339
80.764,0.764339
80.844,0.764695
80.9239,0.764695
80.964,0.765213
81.044,0.765213
81.1239,0.765508
81.164,0.765508
81.244,0.765935
81.3239,0.765935
81.364,0.766799
81.444,0.766799
81.5239,0.767256
81.564,0.767256
81.644,0.767663
81.7239,0.767663
81.764,0.768608
81.844,0.768608
81.9239,0.769258
81.964,0.769258
82.044,0.769075
82.1239,0.769075
82.164,0.769268
82.25,0.769268
82.3239,0.770437
82.3679,0.770437
82.444,0.770711
82.5239,0.770711
82.564,0.773059
82.644,0.773059
82.7239,0.775173
82.764,0.775173
82.844,0.774959
82.9239,0.774959
82.964,0.773211
83.044,0.773211
83.1239,0.769766
83.164,0.769766
83.244,0.768049
83.3239,0.768049
83.364,0.767683
83.444,0.767683
83.5239,0.767683
83.564,0.767683
83.644,0.766992
83.7239,0.766992
83.764,0.766667
83.844,0.766667
83.97,0.762581
83.987,0.762581
84.044,0.763171
84.1239,0.763171
84.164,0.763079
84.244,0.763079
84.3239,0.764146
84.364,0.764146
84.444,0.764512
84.5239,0.764512
84.564,0.764868
84.644,0.764868
84.7239,0.764644
84.764,0.764644
84.844,0.765224
84.9239,0.765224
84.964,0.765122
85.044,0.765122
85.1239,0.765163
85.164,0.765163
85.244,0.765031
85.3239,0.765031
85.364,0.763841
85.444,0.763841
85.5239,0.763618
85.609,0.763618
85.644,0.762398
85.7239,0.762398
85.764,0.763344
85.844,0.763344
85.9239,0.76499
85.964,0.76499
86.044,0.765661
86.1239,0.765661
86.164,0.768008
86.244,0.768008
86.3239,0.771067
86.364,0.771067
86.4539,0.772358
86.534,0.772358
86.5739,0.773984
86.6539,0.773984
86.734,0.773791
86.7739,0.773791
86.8539,0.773537
86.934,0.773537
86.9739,0.773079
87.054,0.773079
87.134,0.775132
87.1739,0.775132
87.301,0.774319
87.334,0.774319
87.3569,0.77376
87.4539,0.77376
87.534,0.771169
87.5739,0.771169
87.6539,0.770173
87.734,0.770173
87.7739,0.769563
87.8539,0.769563
87.934,0.769837
87.9739,0.769837
88.054,0.769563
88.134,0.769563
88.1739,0.769441
88.2539,0.769441
88.334,0.769624
88.358,0.769624
88.4539,0.76936
88.534,0.76936
88.5739,0.769299
88.6539,0.769299
88.734,0.769146
88.7739,0.769146
88.8539,0.769146
88.98,0.769146
88.997,0.767713
89.054,0.767713
89.134,0.768557
89.1739,0.768557
89.2539,0.769715
89.334,0.769715
89.3569,0.769329
89.4539,0.769329
89.534,0.768974
89.5739,0.768974
89.6539,0.769329
89.734,0.769329
89.7739,0.770061
89.8539,0.770061
89.934,0.770894
89.9739,0.770894
90.054,0.771829
90.134,0.771829
90.1739,0.772165
90.2539,0.772165
90.334,0.773913
90.361,0.773913
90.4539,0.77435
90.534,0.77435
90.62,0.773333
90.6539,0.773333
90.734,0.774217
90.7739,0.774217
90.8539,0.77439
90.934,0.77439
90.9739,0.774807
91.054,0.774807
91.134,0.775518
91.1739,0.775518
91.2539,0.777398
91.3349,0.777398
91.358,0.777266
91.444,0.777266
91.5239,0.776657
91.564,0.776657
91.644,0.776321
91.7239,0.776321
91.764,0.775325
91.844,0.775325
91.9239,0.773496
91.964,0.773496
92.044,0.7719
92.1239,0.7719
92.164,0.770142
92.289,0.770142
92.3239,0.764573
92.364,0.764573
92.444,0.76375
92.5239,0.76375
92.564,0.764136
92.644,0.764136
92.7239,0.762785
92.764,0.762785
92.844,0.761026
92.9239,0.761026
92.964,0.762215
93.044,0.762215
93.1239,0.762307
93.164,0.762307
93.244,0.761372
93.3239,0.761372
93.365,0.76128
93.444,0.76128
93.5239,0.761057
93.564,0.761057
93.644,0.761585
93.7239,0.761585
93.764,0.762083
93.844,0.762083
93.95,0.759766
93.967,0.759766
94.044,0.760356
94.1239,0.760356
94.164,0.761636
94.244,0.761636
94.3239,0.762906
94.364,0.762906
94.444,0.763994
94.5239,0.763994
94.564,0.76625
94.644,0.76625
94.7239,0.768679
94.764,0.768679
94.844,0.768252
94.9239,0.768252
94.964,0.769187
95.044,0.769187
95.1239,0.771809
95.164,0.771809
95.244,0.775132
95.3239,0.775132
95.364,0.779644
95.444,0.779644
95.5239,0.782459
95.609,0.782459
95.644,0.780701
95.7239,0.780701
95.764,0.783953
95.844,0.783953
95.9239,0.788984
95.964,0.788984
96.044,0.794207
96.1239,0.794207
96.164,0.797053
96.244,0.797053
96.3239,0.796626
96.364,0.796626
96.444,0.798913
96.5239,0.798913
96.564,0.798069
96.644,0.798069
96.7239,0.798089
96.764,0.798089
96.844,0.800325
96.9239,0.800325
96.964,0.803181
97.044,0.803181
97.1239,0.800803
97.164,0.800803
97.289,0.795061
97.3239,0.795061
97.364,0.796341
97.444,0.796341
97.5239,0.797998
97.564,0.797998
97.644,0.794898
97.7239,0.794898
97.764,0.789197
97.844,0.789197
97.9239,0.787327
97.964,0.787327
98.044,0.780732
98.1239,0.780732
98.164,0.771047
98.244,0.771047
98.3239,0.761646
98.364,0.761646
98.444,0.749522
98.5239,0.749522
98.564,0.739848
98.644,0.739848
98.7239,0.728486
98.764,0.728486
98.844,0.719024
98.969,0.719024
98.986,0.701504
99.044,0.701504
99.1239,0.693648
99.164,0.693648
99.244,0.685965
99.3239,0.685965
99.3659,0.674197
99.444,0.674197
99.5239,0.661281
99.564,0.661281
99.644,0.652602
99.7239,0.652602
99.764,0.646585
99.844,0.646585
99.9239,0.639614
99.964,0.639614
100.044,0.639278
100.124,0.639278
100.164,0.636494
100.244,0.636494
100.324,0.631687
100.364,0.631687
100.444,0.622978
100.524,0.622978
100.608,0.614939
100.644,0.614939
100.724,0.604746
100.764,0.604746
100.844,0.597195
100.924,0.597195
100.964,0.600589
101.044,0.600589
101.124,0.593841
101.164,0.593841
101.244,0.593984
101.324,0.593984
101.364,0.60376
101.444,0.60376
101.524,0.601596
101.564,0.601596
101.644,0.593791
101.724,0.593791
101.764,0.5894
101.844,0.5894
101.924,0.584685
101.964,0.584685
102.044,0.579289
102.124,0.579289
102.164,0.571311
102.288,0.571311
102.324,0.564197
102.367,0.564197
102.444,0.551016
102.524,0.551016
102.564,0.543994
102.644,0.543994
102.724,0.533811
102.764,0.533811
102.844,0.531321
102.924,0.531321
102.964,0.530488
103.044,0.530488
103.124,0.525417
103.164,0.525417
103.244,0.534065
103.324,0.534065
103.364,0.54311
103.444,0.54311
103.524,0.547967
103.564,0.547967
103.644,0.549583
103.724,0.549583
103.764,0.554776
103.844,0.554776
103.948,0.566433
103.965,0.566433
104.064,0.574329
104.124,0.574329
104.164,0.576169
104.244,0.576169
104.324,0.578171
104.364,0.578171
104.444,0.570346
104.524,0.570346
104.564,0.569116
104.644,0.569116
104.724,0.576159
104.764,0.576159
104.844,0.576931
104.924,0.576931
104.964,0.570112
105.044,0.570112
105.124,0.577652
105.164,0.577652
105.244,0.582459
105.324,0.582459
105.364,0.583557
105.444,0.583557
105.524,0.584421
105.587,0.584421
105.644,0.575285
105.724,0.575285
105.764,0.567724
105.844,0.567724
105.924,0.56315
105.964,0.56315
106.044,0.577795
106.124,0.577795
106.164,0.587866
106.244,0.587866
106.324,0.599624
106.364,0.599624
106.444,0.615965
106.524,0.615965
106.564,0.63689
106.644,0.63689
106.724,0.659411
106.764,0.659411
106.844,0.674472
106.924,0.674472
106.964,0.678069
107.044,0.678069
107.124,0.684563
107.164,0.684563
107.268,0.67687
107.344,0.67687
107.364,0.687907
107.444,0.687907
107.524,0.686636
107.564,0.686636
107.644,0.685772
107.724,0.685772
107.764,0.67311
107.844,0.67311
107.924,0.656118
107.964,0.656118
108.044,0.654827
108.124,0.654827
108.164,0.656565
108.244,0.656565
108.324,0.66872
108.364,0.66872
108.455,0.681169
108.535,0.681169
108.554,0.688476
108.635,0.688476
108.714,0.694776
108.754,0.694776
108.835,0.699827
108.939,0.699827
108.956,0.707317
109.034,0.707317
109.114,0.717205
109.154,0.717205
109.235,0.727063
109.314,0.727063
109.357,0.742002
109.434,0.742002
109.515,0.761443
109.554,0.761443
109.635,0.774878
109.714,0.774878
109.754,0.782764
109.834,0.782764
109.915,0.774959
109.955,0.774959
110.034,0.767947
110.114,0.767947
110.154,0.756067
110.235,0.756067
110.314,0.74311
110.357,0.74311
110.434,0.739207
110.515,0.739207
110.579,0.733028
110.635,0.733028
110.714,0.72188
110.754,0.72188
110.834,0.708069
110.914,0.708069
110.955,0.699858
111.034,0.699858
111.114,0.695102
111.154,0.695102
111.235,0.68438
111.314,0.68438
111.357,0.673902
111.434,0.673902
111.515,0.655783
111.554,0.655783
111.635,0.652449
111.714,0.652449
111.754,0.646433
111.834,0.646433
111.914,0.634278
111.955,0.634278
112.034,0.629167
112.114,0.629167
112.154,0.621748
112.278,0.621748
112.314,0.61813
112.357,0.61813
112.434,0.631972
112.515,0.631972
112.554,0.636687
112.635,0.636687
112.714,0.660274
112.754,0.660274
112.834,0.680244
112.914,0.680244
112.955,0.690508
113.034,0.690508
113.114,0.697266
113.154,0.697266
113.235,0.700671
113.314,0.700671
113.357,0.697602
113.434,0.697602
113.515,0.690183
113.554,0.690183
113.635,0.677561
113.714,0.677561
113.754,0.654614
113.834,0.654614
113.939,0.626799
113.974,0.626799
114.034,0.605671
114.114,0.605671
114.154,0.583537
114.234,0.583537
114.314,0.564848
114.357,0.564848
114.434,0.547439
114.514,0.547439
114.554,0.540315
114.634,0.540315
114.714,0.53937
114.754,0.53937
114.834,0.531728
114.914,0.531728
114.954,0.522104
115.034,0.522104
115.114,0.49937
115.154,0.49937
115.235,0.484736
115.335,0.484736
115.357,0.483709
115.454,0.483709
115.514,0.481961
115.558,0.481961
115.634,0.502053
115.714,0.502053
115.754,0.494035
115.834,0.494035
115.914,0.489624
115.974,0.489624
116.034,0.482022
116.114,0.482022
116.154,0.48187
116.235,0.48187
116.314,0.456596
116.357,0.456596
116.434,0.457449
116.514,0.457449
116.554,0.456921
116.634,0.456921
116.714,0.461524
116.754,0.461524
116.834,0.461768
116.914,0.461768
116.954,0.456585
117.034,0.456585
117.114,0.444726
117.154,0.444726
117.278,0.431626
117.314,0.431626
117.357,0.423659
117.434,0.423659
117.514,0.426646
117.554,0.426646
117.634,0.429228
117.714,0.429228
117.754,0.436087
117.834,0.436087
117.914,0.452693
117.955,0.452693
118.034,0.444451
118.114,0.444451
118.154,0.436555
118.234,0.436555
118.314,0.415904
118.357,0.415904
118.434,0.406382
118.514,0.406382
118.554,0.399482
118.634,0.399482
118.714,0.39565
118.754,0.39565
118.834,0.393435
118.939,0.393435
118.974,0.37815
119.034,0.37815
119.114,0.38247
119.154,0.38247
119.234,0.394136
119.314,0.394136
119.357,0.399197
119.434,0.399197
119.514,0.399604
119.554,0.399604
119.635,0.405823
119.714,0.405823
119.754,0.416656
119.834,0.416656
119.914,0.418283
119.955,0.418283
120.034,0.416443
120.114,0.416443
120.154,0.420396
120.234,0.420396
120.314,0.418821
120.357,0.418821
120.434,0.408435
120.514,0.408435
120.598,0.39499
120.634,0.39499
120.714,0.387348
120.754,0.387348
120.834,0.384583
120.914,0.384583
120.954,0.379756
121.034,0.379756
121.114,0.391677
121.154,0.391677
121.234,0.402652
121.314,0.402652
121.357,0.41374
121.434,0.41374
121.514,0.436392
121.554,0.436392
121.634,0.452246
121.714,0.452246
121.754,0.463618
121.834,0.463618
121.914,0.470823
121.954,0.470823
122.034,0.477276
122.114,0.477276
122.154,0.473049
122.238,0.473049
122.314,0.465244
122.357,0.465244
122.434,0.456707
122.514,0.456707
122.554,0.446646
122.634,0.446646
122.714,0.42997
122.754,0.42997
122.834,0.417754
122.914,0.417754
122.954,0.399533
123.034,0.399533
123.114,0.373547
123.154,0.373547
123.234,0.343689
123.314,0.343689
123.354,0.313039
123.434,0.313039
123.514,0.300589
123.554,0.300589
123.634,0.305681
123.714,0.305681
123.754,0.298923
123.834,0.298923
123.979,0.277134
123.996,0.277134
124.034,0.273079
124.114,0.273079
124.154,0.279878
124.234,0.279878
124.314,0.318791
124.357,0.318791
124.434,0.358953
124.514,0.358953
124.554,0.383537
124.634,0.383537
124.714,0.389776
124.754,0.389776
124.834,0.384624
124.914,0.384624
124.954,0.382419
125.034,0.382419
125.114,0.38
125.154,0.38
125.235,0.379055
125.314,0.379055
125.357,0.383232
125.434,0.383232
125.515,0.390833
125.598,0.390833
125.655,0.406159
125.714,0.406159
125.754,0.419644
125.854,0.419644
125.914,0.427358
125.954,0.427358
126.034,0.437774
126.114,0.437774
126.154,0.443333
126.234,0.443333
126.314,0.435173
126.357,0.435173
126.434,0.452256
126.514,0.452256
126.554,0.466128
126.634,0.466128
126.714,0.488272
126.754,0.488272
126.834,0.491098
126.914,0.491098
126.954,0.4875
127.034,0.4875
127.114,0.488699
127.154,0.488699
127.238,0.455203
127.314,0.455203
127.357,0.419055
127.434,0.419055
127.514,0.383709
127.554,0.383709
127.634,0.354888
127.714,0.354888
127.754,0.332043
127.834,0.332043
127.914,0.302358
127.954,0.302358
128.034,0.288283
128.114,0.288283
128.154,0.291402
128.234,0.291402
128.314,0.271494
128.357,0.271494
128.434,0.251118
128.514,0.251118
128.554,0.233933
128.634,0.233933
128.714,0.21253
128.754,0.21253
128.834,0.203923
128.918,0.203923
128.954,0.191575
129.034,0.191575
129.114,0.192785
129.154,0.192785
129.234,0.188039
129.314,0.188039
129.357,0.181717
129.434,0.181717
129.514,0.17811
129.554,0.17811
129.635,0.168445
129.714,0.168445
129.754,0.158526
129.834,0.158526
129.914,0.14065
129.954,0.14065
130.034,0.126748
130.114,0.126748
130.154,0.107825
130.234,0.107825
130.314,0.0909451
130.357,0.0909451
130.434,0.0805386
130.514,0.0805386
130.598,0.0635264
130.635,0.0635264
130.714,0.0433028
130.754,0.0433028
130.834,0.0254268
130.914,0.0254268
130.954,0.0140955
131.034,0.0140955
131.114,0.00400406
131.154,0.00400406
131.234,0.00121951
131.314,0.00121951
131.357,0.00125
131.434,0.00125
131.514,0.00132114
131.554,0.00132114
131.634,0.000721545
131.714,0.000721545
131.754,0.000589431
131.834,0.000589431
131.914,0.00247967
131.954,0.00247967
132.034,0.00675813
132.114,0.00675813
132.154,0.00918699
132.278,0.00918699
132.314,0.0200711
132.357,0.0200711
132.434,0.0201423
132.514,0.0201423
132.554,0.0208435
132.634,0.0208435
132.714,0.0218598
132.754,0.0218598
132.834,0.0218598
132.914,0.0218598
132.955,0.0223374
133.034,0.0223374
133.114,0.0250305
133.154,0.0250305
133.234,0.0449797
133.314,0.0449797
133.357,0.0789126
133.434,0.0789126
133.514,0.131799
133.554,0.131799
133.634,0.173974
133.714,0.173974
133.754,0.218404
133.835,0.218404
133.958,0.291504
133.975,0.291504
134.035,0.318801
134.134,0.318801
134.154,0.347419
134.234,0.347419
134.314,0.399187
134.357,0.399187
134.434,0.428242
134.514,0.428242
134.554,0.444492
134.634,0.444492
134.714,0.464766
134.754,0.464766
134.834,0.478791
134.914,0.478791
134.954,0.484654
135.034,0.484654
135.114,0.501504
135.154,0.501504
135.234,0.489685
135.314,0.489685
135.359,0.453191
135.434,0.453191
135.514,0.395193
135.558,0.395193
135.634,0.345823
135.714,0.345823
135.754,0.308841
135.834,0.308841
135.914,0.274451
135.954,0.274451
136.034,0.242165
136.114,0.242165
136.154,0.206067
136.234,0.206067
136.314,0.152785
136.357,0.152785
136.434,0.113547
136.514,0.113547
136.554,0.0776016
136.634,0.0776016
136.714,0.0680894
136.754,0.0680894
136.834,0.0589431
136.914,0.0589431
136.954,0.0605081
137.034,0.0605081
137.114,0.0675102
137.154,0.0675102
137.238,0.0675813
137.314,0.0675813
137.357,0.0529268
137.434,0.0529268
137.514,0.0444817
137.554,0.0444817
137.634,0.044878
137.714,0.044878
137.754,0.047439
137.834,0.047439
137.914,0.0302337
137.955,0.0302337
138.034,0.0173679
138.114,0.0173679
138.154,0.00622967
138.234,0.00622967
138.314,0.0046748
138.354,0.0046748
138.434,0.00530488
138.514,0.00530488
138.554,0.0060874
138.634,0.0060874
138.714,0.00867886
138.754,0.00867886
138.834,0.00942073
138.959,0.00942073
138.976,0.0162602
139.034,0.0162602
139.114,0.0204472
139.154,0.0204472
139.234,0.022063
139.314,0.022063
139.357,0.0239736
139.434,0.0239736
139.514,0.0234248
139.554,0.0234248
139.634,0.0246646
139.714,0.0246646
139.754,0.0261687
139.834,0.0261687
139.914,0.0336179
139.954,0.0336179
140.034,0.0443699
140.114,0.0443699
140.154,0.0523679
140.234,0.0523679
140.314,0.0675508
140.357,0.0675508
140.434,0.0802947
140.514,0.0802947
140.598,0.0980996
140.634,0.0980996
140.714,0.11253
140.754,0.11253
140.834,0.114319
140.934,0.114319
140.954,0.119573
141.034,0.119573
141.114,0.12877
141.154,0.12877
141.234,0.145671
141.314,0.145671
141.354,0.169827
141.434,0.169827
141.514,0.203638
141.554,0.203638
141.634,0.220234
141.714,0.220234
141.754,0.237632
141.834,0.237632
141.914,0.263963
141.954,0.263963
142.034,0.286514
142.114,0.286514
142.154,0.309411
142.277,0.309411
142.314,0.334045
142.357,0.334045
142.434,0.343252
142.514,0.343252
142.554,0.35315
142.634,0.35315
142.714,0.36999
142.754,0.36999
142.834,0.379522
142.914,0.379522
142.954,0.388435
143.034,0.388435
143.114,0.393354
143.154,0.393354
143.234,0.393659
143.314,0.393659
143.357,0.398537
143.434,0.398537
143.514,0.435752
143.554,0.435752
143.634,0.452713
143.715,0.452713
143.754,0.460285
143.834,0.460285
143.917,0.470864
143.954,0.470864
144.034,0.473496
144.114,0.473496
144.154,0.473161
144.234,0.473161
144.314,0.464258
144.357,0.464258
144.434,0.457673
144.514,0.457673
144.554,0.446341
144.634,0.446341
144.714,0.416596
144.754,0.416596
144.835,0.384746
144.914,0.384746
144.954,0.355843
145.034,0.355843
145.114,0.316707
145.154,0.316707
145.234,0.290041
145.314,0.290041
145.357,0.257744
145.434,0.257744
145.514,0.214644
145.598,0.214644
145.634,0.190325
145.714,0.190325
145.754,0.158537
145.834,0.158537
145.914,0.114248
145.954,0.114248
146.034,0.0842276
146.114,0.0842276
146.154,0.0655894
146.234,0.0655894
146.314,0.0492988
146.357,0.0492988
146.434,0.0394715
146.514,0.0394715
146.554,0.0292175
146.634,0.0292175
146.714,0.0281809
146.754,0.0281809
146.834,0.0265142
146.914,0.0265142
146.954,0.0253354
147.034,0.0253354
147.114,0.0197764
147.154,0.0197764
147.278,0.0393598
147.314,0.0393598
147.357,0.0395325
147.434,0.0395325
147.514,0.0394309
147.554,0.0394309
147.634,0.0399289
147.714,0.0399289
147.754,0.0402846
147.834,0.0402846
147.914,0.0406809
147.954,0.0406809
148.035,0.0391565
148.114,0.0391565
148.154,0.0393496
148.234,0.0393496
148.314,0.0415447
148.357,0.0415447
148.434,0.0420732
148.514,0.0420732
148.554,0.0405183
148.634,0.0405183
148.714,0.0404573
148.754,0.0404573
148.834,0.0418496
148.959,0.0418496
148.976,0.0407317
149.034,0.0407317
149.114,0.0395122
149.154,0.0395122
149.234,0.0389634
149.314,0.0389634
149.357,0.0414126
149.434,0.0414126
149.514,0.041626
149.554,0.041626
149.634,0.0428862
149.714,0.0428862
149.754,0.0448984
149.834,0.0448984
149.914,0.0459451
149.954,0.0459451
150.034,0.047876
150.114,0.047876
150.154,0.0477337
150.234,0.0477337
150.314,0.0467886
150.357,0.0467886
150.434,0.0471443
150.514,0.0471443
150.599,0.045813
150.634,0.045813
150.714,0.0441159
150.754,0.0441159
150.834,0.0479065
150.914,0.0479065
150.954,0.0627439
151.034,0.0627439
151.114,0.0836585
151.154,0.0836585
151.234,0.0878354
151.314,0.0878354
151.357,0.0885976
151.434,0.0885976
151.514,0.0906606
151.554,0.0906606
151.634,0.0911484
151.714,0.0911484
151.754,0.0930183
151.834,0.0930183
151.914,0.0954268
151.954,0.0954268
152.034,0.0981606
152.114,0.0981606
152.154,0.0982317
152.278,0.0982317
152.314,0.117561
152.357,0.117561
152.434,0.116535
152.514,0.116535
152.554,0.115691
152.634,0.115691
152.714,0.119035
152.754,0.119035
152.834,0.115864
152.914,0.115864
152.954,0.118089
153.034,0.118089
153.114,0.122927
153.154,0.122927
153.234,0.125112
153.314,0.125112
153.357,0.126006
153.434,0.126006
153.514,0.126748
153.554,0.126748
153.634,0.123699
153.714,0.123699
153.754,0.11315
153.834,0.11315
153.958,0.083811
153.975,0.083811
154.034,0.0870325
154.114,0.0870325
154.154,0.08625
154.234,0.08625
154.314,0.0821951
154.357,0.0821951
154.434,0.0776931
154.514,0.0776931
154.554,0.0762094
154.634,0.0762094
154.715,0.0747358
154.754,0.0747358
154.834,0.0700813
154.914,0.0700813
154.954,0.0598476
155.034,0.0598476
155.114,0.0594715
155.154,0.0594715
155.234,0.0600711
155.314,0.0600711
155.357,0.0591768
155.434,0.0591768
155.514,0.0623882
155.598,0.0623882
155.634,0.0718598
155.714,0.0718598
155.754,0.0691159
155.834,0.0691159
155.914,0.0621748
155.954,0.0621748
156.034,0.0597866
156.114,0.0597866
156.154,0.0527337
156.234,0.0527337
156.315,0.0442785
156.358,0.0442785
156.434,0.043374
156.514,0.043374
156.554,0.0459654
156.634,0.0459654
156.714,0.0436687
156.754,0.0436687
156.834,0.0397053
156.914,0.0397053
156.954,0.0340346
157.034,0.0340346
157.114,0.0309858
157.154,0.0309858
157.278,0.0442175
157.335,0.0442175
157.357,0.0464431
157.434,0.0464431
157.514,0.0471951
157.554,0.0471951
157.634,0.0500711
157.714,0.0500711
157.754,0.0497967
157.834,0.0497967
157.914,0.0487602
157.954,0.0487602
158.034,0.0481301
158.114,0.0481301
158.154,0.0478252
158.234,0.0478252
158.314,0.0498679
158.357,0.0498679
158.434,0.052124
158.514,0.052124
158.554,0.0471138
158.634,0.0471138
158.714,0.0584959
158.754,0.0584959
158.834,0.100589
158.959,0.100589
158.976,0.148902
159.034,0.148902
159.114,0.172866
159.154,0.172866
159.234,0.167561
159.314,0.167561
159.357,0.158364
159.454,0.158364
159.534,0.150081
159.554,0.150081
159.634,0.145071
159.714,0.145071
159.754,0.143669
159.834,0.143669
159.914,0.14374
159.954,0.14374
160.034,0.143394
160.114,0.143394
160.154,0.147287
160.234,0.147287
160.314,0.148608
160.357,0.148608
160.434,0.152287
160.514,0.152287
160.579,0.165234
160.634,0.165234
160.714,0.159858
160.754,0.159858
160.834,0.14626
160.914,0.14626
160.954,0.134126
161.034,0.134126
161.114,0.112419
161.154,0.112419
161.234,0.0863415
161.314,0.0863415
161.357,0.0638313
161.434,0.0638313
161.514,0.0301829
161.554,0.0301829
161.634,0.0214939
161.714,0.0214939
161.754,0.0224593
161.834,0.0224593
161.914,0.0260163
161.954,0.0260163
162.034,0.0562602
162.114,0.0562602
162.154,0.0909756
162.279,0.0909756
162.314,0.129146
162.357,0.129146
162.434,0.136301
162.514,0.136301
162.554,0.1425
162.634,0.1425
162.714,0.146931
162.754,0.146931
162.834,0.148648
162.914,0.148648
162.954,0.151738
163.034,0.151738
163.114,0.155193
163.154,0.155193
163.234,0.155884
163.314,0.155884
163.357,0.158628
163.434,0.158628
163.514,0.157104
163.554,0.157104
163.634,0.158181
163.714,0.158181
163.754,0.159583
163.834,0.159583
163.959,0.150173
163.994,0.150173
164.034,0.136677
164.114,0.136677
164.154,0.114604
164.234,0.114604
164.314,0.0916972
164.357,0.0916972
164.434,0.078811
164.514,0.078811
164.554,0.0630183
164.635,0.0630183
164.714,0.0491362
164.754,0.0491362
164.834,0.042937
164.914,0.042937
164.954,0.0382215
165.034,0.0382215
165.114,0.0399085
165.154,0.0399085
165.234,0.0441667
165.314,0.0441667
165.357,0.0474695
165.434,0.0474695
165.514,0.0500102
165.599,0.0500102
165.634,0.0591362
165.714,0.0591362
165.754,0.0580285
165.834,0.0580285
165.914,0.0591057
165.954,0.0591057
166.034,0.0592886
166.114,0.0592886
166.154,0.0608333
166.234,0.0608333
166.314,0.0606606
166.358,0.0606606
166.434,0.0607825
166.514,0.0607825
166.554,0.0609045
166.634,0.0609045
166.714,0.0609654
166.754,0.0609654
166.834,0.0620528
166.914,0.0620528
166.954,0.065935
167.034,0.065935
167.114,0.0957419
167.154,0.0957419
167.279,0.126514
167.314,0.126514
167.357,0.157571
167.434,0.157571
167.534,0.166484
167.554,0.166484
167.634,0.167165
167.714,0.167165
167.754,0.167033
167.834,0.167033
167.914,0.163516
167.954,0.163516
168.034,0.15628
168.114,0.15628
168.154,0.150813
168.234,0.150813
168.314,0.147429
168.358,0.147429
168.434,0.151575
168.514,0.151575
168.554,0.152124
168.634,0.152124
168.714,0.153628
168.754,0.153628
168.834,0.155295
168.94,0.155295
168.957,0.154654
169.034,0.154654
169.114,0.157256
169.154,0.157256
169.234,0.161596
169.314,0.161596
169.357,0.16997
169.434,0.16997
169.514,0.183953
169.554,0.183953
169.655,0.190864
169.714,0.190864
169.754,0.191687
169.834,0.191687
169.914,0.178496
169.954,0.178496
170.034,0.16626
170.114,0.16626
170.154,0.152175
170.234,0.152175
170.314,0.123425
170.357,0.123425
170.434,0.104959
170.514,0.104959
170.599,0.0990346
170.634,0.0990346
170.714,0.0659654
170.754,0.0659654
170.834,0.0480081
170.914,0.0480081
170.954,0.0399593
171.034,0.0399593
171.114,0.034502
171.154,0.034502
171.234,0.0357012
171.314,0.0357012
171.357,0.0437602
171.434,0.0437602
171.514,0.0507114
171.554,0.0507114
171.634,0.0519411
171.714,0.0519411
171.754,0.0522561
171.834,0.0522561
171.914,0.0544715
171.954,0.0544715
172.034,0.0545935
172.114,0.0545935
172.154,0.0546443
172.279,0.0546443
172.334,0.0546951
172.357,0.0546951
172.434,0.0551016
172.514,0.0551016
172.554,0.0555183
172.634,0.0555183
172.714,0.0549492
172.754,0.0549492
172.834,0.0549492
172.914,0.0549492
172.954,0.0547053
173.034,0.0547053
173.114,0.0540447
173.154,0.0540447
173.234,0.0543902
173.314,0.0543902
173.357,0.054502
173.434,0.054502
173.514,0.0549797
173.554,0.0549797
173.634,0.054878
173.714,0.054878
173.754,0.0550508
173.834,0.0550508
173.96,0.0702134
173.977,0.0702134
174.034,0.0702744
174.114,0.0702744
174.154,0.0703963
174.234,0.0703963
174.314,0.070935
174.357,0.070935
174.434,0.0700508
174.514,0.0700508
174.554,0.0698272
174.634,0.0698272
174.714,0.0684959
174.754,0.0684959
174.834,0.0893496
174.914,0.0893496
174.954,0.11562
175.034,0.11562
175.114,0.131524
175.154,0.131524
175.234,0.136596
175.314,0.136596
175.357,0.1419
175.434,0.1419
175.514,0.146362
175.599,0.146362
175.634,0.160772
175.714,0.160772
175.754,0.189268
175.834,0.189268
175.914,0.224431
175.954,0.224431
176.034,0.252774
176.114,0.252774
176.154,0.28687
176.234,0.28687
176.314,0.323069
176.357,0.323069
176.434,0.327439
176.514,0.327439
176.554,0.328455
176.634,0.328455
176.714,0.318902
176.754,0.318902
176.834,0.32185
176.914,0.32185
176.954,0.325417
177.034,0.325417
177.114,0.330996
177.154,0.330996
177.278,0.326738
177.314,0.326738
177.357,0.321301
177.434,0.321301
177.514,0.304187
177.554,0.304187
177.634,0.291209
177.714,0.291209
177.754,0.280803
177.834,0.280803
177.914,0.263394
177.955,0.263394
178.034,0.260732
178.114,0.260732
178.154,0.261331
178.234,0.261331
178.314,0.266819
178.357,0.266819
178.434,0.264553
178.514,0.264553
178.554,0.262124
178.634,0.262124
178.714,0.254096
178.754,0.254096
178.834,0.252449
178.919,0.252449
178.954,0.27623
179.034,0.27623
179.114,0.252165
179.154,0.252165
179.234,0.224116
179.314,0.224116
179.357,0.201768
179.434,0.201768
179.514,0.162815
179.554,0.162815
179.634,0.134797
179.714,0.134797
179.754,0.106941
179.834,0.106941
179.914,0.0755691
179.954,0.0755691
180.034,0.0607825
180.114,0.0607825
180.154,0.0587602
180.234,0.0587602
180.314,0.0717073
180.357,0.0717073
180.434,0.082561
180.514,0.082561
180.599,0.0834858
180.634,0.0834858
180.714,0.0791565
180.754,0.0791565
180.834,0.0752642
180.914,0.0752642
180.954,0.0723171
181.034,0.0723171
181.114,0.0674898
181.154,0.0674898
181.234,0.0702134
181.314,0.0702134
181.357,0.0707317
181.434,0.0707317
181.514,0.0701829
181.554,0.0701829
181.634,0.0778862
181.714,0.0778862
181.754,0.0951524
181.834,0.0951524
181.914,0.119522
181.954,0.119522
182.034,0.13185
182.114,0.13185
182.154,0.140376
182.279,0.140376
182.314,0.167175
182.36,0.167175
182.434,0.17003
182.514,0.17003
182.554,0.17249
182.634,0.17249
182.714,0.177317
182.754,0.177317
182.834,0.181799
182.914,0.181799
182.955,0.190213
183.034,0.190213
183.114,0.195559
183.154,0.195559
183.234,0.196789
183.314,0.196789
183.354,0.19872
183.434,0.19872
183.514,0.1994
183.554,0.1994
183.634,0.201321
183.714,0.201321
183.754,0.202541
183.834,0.202541
183.959,0.222896
183.976,0.222896
184.034,0.22623
184.114,0.22623
184.154,0.226087
184.234,0.226087
184.314,0.226067
184.357,0.226067
184.434,0.22686
184.514,0.22686
184.554,0.226799
184.635,0.226799
184.714,0.227236
184.754,0.227236
184.834,0.229543
184.914,0.229543
184.954,0.227754
185.034,0.227754
185.114,0.226606
185.154,0.226606
185.234,0.230518
185.314,0.230518
185.358,0.23123
185.434,0.23123
185.514,0.231921
185.599,0.231921
185.634,0.237866
185.714,0.237866
185.754,0.239126
185.834,0.239126
185.914,0.238425
185.954,0.238425
186.034,0.237459
186.114,0.237459
186.154,0.237673
186.234,0.237673
186.315,0.235823
186.357,0.235823
186.434,0.234004
186.514,0.234004
186.554,0.234695
186.634,0.234695
186.714,0.233415
186.754,0.233415
186.834,0.233374
186.914,0.233374
186.954,0.235478
187.034,0.235478
187.114,0.235325
187.154,0.235325
187.279,0.231911
187.314,0.231911
187.357,0.231789
187.434,0.231789
187.514,0.23127
187.574,0.23127
187.634,0.232337
187.714,0.232337
187.754,0.231921
187.834,0.231921
187.914,0.232967
187.954,0.232967
188.034,0.235142
188.114,0.235142
188.154,0.237073
188.234,0.237073
188.314,0.238435
188.357,0.238435
188.434,0.238394
188.514,0.238394
188.554,0.238526
188.634,0.238526
188.714,0.241626
188.754,0.241626
188.834,0.244136
188.959,0.244136
188.976,0.248669
189.034,0.248669
189.114,0.246616
189.154,0.246616
189.234,0.248323
189.314,0.248323
189.357,0.248831
189.434,0.248831
189.514,0.248679
189.554,0.248679
189.634,0.249411
189.714,0.249411
189.754,0.249065
189.834,0.249065
189.914,0.249004
189.954,0.249004
190.034,0.249441
190.114,0.249441
190.154,0.249289
190.234,0.249289
190.314,0.249939
190.357,0.249939
190.434,0.251362
190.514,0.251362
190.599,0.253242
190.634,0.253242
190.714,0.256006
190.754,0.256006
190.834,0.256829
190.914,0.256829
190.954,0.258852
191.034,0.258852
191.114,0.259156
191.154,0.259156
191.234,0.26003
191.314,0.26003
191.358,0.261362
191.434,0.261362
191.514,0.259502
191.554,0.259502
191.634,0.261707
191.714,0.261707
191.754,0.267795
191.834,0.267795
191.914,0.267398
191.954,0.267398
192.034,0.267561
192.114,0.267561
192.154,0.268039
192.258,0.268039
192.314,0.2669
192.358,0.2669
192.434,0.265244
192.514,0.265244
192.554,0.268272
192.634,0.268272
192.714,0.269939
192.754,0.269939
192.834,0.26435
192.914,0.26435
192.955,0.262967
193.034,0.262967
193.114,0.26128
193.155,0.26128
193.234,0.259197
193.314,0.259197
193.357,0.258039
193.434,0.258039
193.514,0.254756
193.554,0.254756
193.634,0.257175
193.714,0.257175
193.754,0.258567
193.834,0.258567
193.939,0.257276
193.956,0.257276
194.034,0.259096
194.115,0.259096
194.154,0.258628
194.234,0.258628
194.314,0.257012
194.357,0.257012
194.434,0.254451
194.514,0.254451
194.554,0.253902
194.635,0.253902
194.714,0.255437
194.754,0.255437
194.834,0.255894
194.914,0.255894
194.954,0.255234
195.034,0.255234
195.114,0.256291
195.154,0.256291
195.234,0.261961
195.314,0.261961
195.357,0.265986
195.434,0.265986
195.514,0.267632
195.598,0.267632
195.654,0.264014
195.714,0.264014
195.774,0.265142
195.834,0.265142
195.914,0.265518
195.954,0.265518
196.034,0.26999
196.114,0.26999
196.154,0.274634
196.234,0.274634
196.314,0.287978
196.357,0.287978
196.434,0.295976
196.515,0.295976
196.554,0.303852
196.634,0.303852
196.714,0.310417
196.754,0.310417
196.834,0.312439
196.914,0.312439
196.954,0.315315
197.055,0.315315
197.114,0.306026
197.154,0.306026
197.278,0.27
197.314,0.27
197.357,0.275732
197.434,0.275732
197.514,0.277053
197.554,0.277053
197.634,0.280102
197.714,0.280102
197.754,0.279827
197.834,0.279827
197.914,0.284024
197.954,0.284024
198.034,0.287144
198.114,0.287144
198.154,0.289604
198.234,0.289604
198.314,0.296169
198.358,0.296169
198.434,0.300142
198.514,0.300142
198.554,0.305681
198.634,0.305681
198.714,0.313669
198.754,0.313669
198.834,0.316209
198.938,0.316209
198.955,0.303079
199.034,0.303079
199.114,0.329411
199.154,0.329411
199.234,0.346453
199.314,0.346453
199.358,0.363069
199.434,0.363069
199.514,0.380894
199.554,0.380894
199.634,0.390081
199.714,0.390081
199.754,0.393222
199.834,0.393222
199.914,0.396138
199.954,0.396138
200.034,0.398933
200.114,0.398933
200.154,0.40378
200.234,0.40378
200.314,0.413425
200.357,0.413425
200.434,0.427002
200.514,0.427002
200.558,0.440945
200.634,0.440945
200.714,0.455437
200.754,0.455437
200.834,0.460366
200.914,0.460366
200.954,0.461809
201.034,0.461809
201.114,0.464654
201.154,0.464654
201.234,0.46752
201.314,0.46752
201.357,0.468242
201.434,0.468242
201.514,0.469268
201.554,0.469268
201.634,0.468313
201.714,0.468313
201.754,0.466413
201.834,0.466413
201.914,0.464807
201.954,0.464807
202.034,0.463161
202.114,0.463161
202.154,0.460488
202.258,0.460488
202.314,0.450904
202.357,0.450904
202.434,0.453191
202.514,0.453191
202.554,0.458984
202.634,0.458984
202.714,0.462388
202.754,0.462388
202.834,0.457835
202.914,0.457835
202.954,0.455193
203.034,0.455193
203.114,0.453262
203.154,0.453262
203.234,0.452835
203.314,0.452835
203.357,0.452774
203.434,0.452774
203.514,0.451026
203.554,0.451026
203.634,0.466362
203.714,0.466362
203.754,0.481453
203.834,0.481453
203.939,0.480457
203.956,0.480457
204.034,0.493486
204.114,0.493486
204.154,0.502317
204.234,0.502317
204.314,0.506006
204.358,0.506006
204.434,0.509045
204.514,0.509045
204.554,0.509502
204.634,0.509502
204.714,0.511717
204.754,0.511717
204.834,0.508638
204.914,0.508638
204.954,0.509126
205.034,0.509126
205.114,0.510224
205.154,0.510224
205.234,0.504593
205.314,0.504593
205.358,0.5056
205.434,0.5056
205.514,0.508323
205.598,0.508323
205.634,0.505661
205.714,0.505661
205.754,0.504756
205.834,0.504756
205.914,0.49874
205.954,0.49874
206.034,0.496717
206.114,0.496717
206.154,0.493933
206.234,0.493933
206.314,0.49313
206.357,0.49313
206.434,0.492815
206.514,0.492815
206.554,0.493526
206.634,0.493526
206.714,0.494573
206.754,0.494573
206.834,0.496758
206.914,0.496758
206.954,0.495854
207.034,0.495854
207.114,0.498313
207.154,0.498313
207.277,0.496758
207.314,0.496758
207.357,0.499543
207.434,0.499543
207.514,0.497967
207.554,0.497967
207.634,0.498008
207.714,0.498008
207.754,0.498191
207.834,0.498191
207.914,0.502195
207.954,0.502195
208.034,0.503008
208.114,0.503008
208.154,0.502063
208.234,0.502063
208.314,0.499624
208.357,0.499624
208.434,0.498526
208.514,0.498526
208.554,0.498923
208.634,0.498923
208.714,0.499421
208.754,0.499421
208.834,0.50128
208.958,0.50128
208.975,0.496423
209.034,0.496423
209.114,0.500793
209.154,0.500793
209.234,0.504177
209.314,0.504177
209.357,0.505671
209.434,0.505671
209.514,0.505793
209.554,0.505793
209.634,0.506555
209.714,0.506555
209.754,0.506118
209.834,0.506118
209.914,0.506179
209.954,0.506179
210.034,0.505945
210.114,0.505945
210.154,0.506951
210.234,0.506951
210.314,0.507144
210.357,0.507144
210.434,0.506819
210.514,0.506819
210.598,0.507185
210.654,0.507185
210.714,0.507276
210.754,0.507276
210.834,0.508008
210.914,0.508008
210.954,0.508547
211.034,0.508547
211.114,0.509024
211.154,0.509024
211.234,0.509726
211.314,0.509726
211.357,0.510396
211.434,0.510396
211.514,0.513303
211.554,0.513303
211.634,0.516189
211.714,0.516189
211.754,0.520976
211.834,0.520976
211.914,0.527246
211.954,0.527246
212.034,0.530467
212.114,0.530467
212.154,0.535488
212.278,0.535488
212.314,0.540437
212.357,0.540437
212.434,0.545823
212.514,0.545823
212.554,0.551494
212.634,0.551494
212.714,0.560925
212.754,0.560925
212.834,0.565742
212.914,0.565742
212.954,0.567388
213.034,0.567388
213.114,0.56938
213.154,0.56938
213.234,0.572886
213.314,0.572886
213.357,0.575996
213.424,0.575996
213.505,0.579278
213.544,0.579278
213.625,0.581138
213.705,0.581138
213.744,0.583465
213.824,0.583465
213.969,0.582083
214.005,0.582083
214.024,0.582947
214.104,0.582947
214.144,0.583862
214.225,0.583862
214.304,0.58561
214.345,0.58561
214.424,0.587957
214.505,0.587957
214.544,0.592429
214.625,0.592429
214.704,0.594756
214.744,0.594756
214.824,0.59685
214.904,0.59685
214.945,0.600549
215.024,0.600549
215.104,0.606565
215.144,0.606565
215.225,0.609726
215.304,0.609726
215.345,0.612358
215.424,0.612358
215.505,0.615254
215.609,0.615254
215.664,0.614319
215.704,0.614319
215.744,0.61564
215.824,0.61564
215.904,0.615884
215.945,0.615884
216.024,0.617063
216.104,0.617063
216.144,0.617744
216.225,0.617744
216.304,0.618608
216.345,0.618608
216.424,0.619004
216.505,0.619004
216.544,0.620224
216.625,0.620224
216.705,0.620366
216.744,0.620366
216.825,0.619665
216.904,0.619665
216.945,0.619726
217.024,0.619726
217.104,0.621606
217.144,0.621606
217.289,0.617469
217.306,0.617469
217.345,0.616931
217.424,0.616931
217.505,0.618374
217.544,0.618374
217.625,0.617337
217.704,0.617337
217.744,0.618222
217.824,0.618222
217.904,0.619573
217.945,0.619573
218.024,0.62122
218.104,0.62122
218.144,0.621514
218.225,0.621514
218.304,0.621016
218.345,0.621016
218.424,0.618638
218.505,0.618638
218.544,0.617693
218.625,0.617693
218.704,0.616199
218.744,0.616199
218.824,0.616077
218.969,0.616077
218.986,0.59877
219.024,0.59877
219.104,0.597205
219.144,0.597205
219.225,0.596677
219.304,0.596677
219.345,0.598669
219.424,0.598669
219.504,0.600285
219.544,0.600285
219.625,0.599431
219.704,0.599431
219.744,0.600711
219.824,0.600711
219.904,0.598984
219.945,0.598984
220.024,0.599533
220.104,0.599533
220.144,0.599766
220.225,0.599766
220.304,0.600427
220.345,0.600427
220.424,0.599837
220.505,0.599837
220.589,0.59563
220.625,0.59563
220.704,0.595955
220.744,0.595955
220.824,0.597144
220.904,0.597144
220.944,0.596717
221.024,0.596717
221.104,0.596972
221.144,0.596972
221.224,0.59686
221.305,0.59686
221.345,0.596667
221.424,0.596667
221.505,0.59752
221.544,0.59752
221.625,0.597846
221.704,0.597846
221.744,0.598882
221.824,0.598882
221.904,0.599776
221.945,0.599776
222.024,0.601199
222.104,0.601199
222.144,0.60123
222.29,0.60123
222.307,0.599187
222.345,0.599187
222.444,0.600417
222.505,0.600417
222.544,0.601748
222.625,0.601748
222.704,0.602774
222.744,0.602774
222.824,0.603181
222.904,0.603181
222.945,0.602246
223.024,0.602246
223.104,0.600965
223.144,0.600965
223.225,0.601189
223.304,0.601189
223.344,0.601189
223.424,0.601189
223.504,0.601545
223.544,0.601545
223.625,0.60122
223.704,0.60122
223.744,0.601646
223.824,0.601646
223.97,0.596443
223.987,0.596443
224.024,0.596392
224.104,0.596392
224.144,0.59625
224.225,0.59625
224.304,0.595823
224.345,0.595823
224.424,0.595112
224.505,0.595112
224.544,0.595386
224.625,0.595386
224.704,0.595478
224.744,0.595478
224.824,0.596423
224.904,0.596423
224.944,0.596911
225.024,0.596911
225.104,0.597043
225.144,0.597043
225.224,0.59687
225.304,0.59687
225.345,0.596382
225.424,0.596382
225.505,0.596474
225.589,0.596474
225.645,0.593425
225.704,0.593425
225.744,0.594238
225.824,0.594238
225.904,0.59501
225.945,0.59501
226.024,0.596016
226.104,0.596016
226.144,0.596758
226.224,0.596758
226.305,0.596972
226.344,0.596972
226.425,0.597307
226.505,0.597307
226.544,0.597175
226.624,0.597175
226.704,0.597642
226.744,0.597642
226.824,0.597896
226.904,0.597896
226.945,0.598262
227.024,0.598262
227.104,0.598303
227.144,0.598303
227.29,0.595742
227.325,0.595742
227.364,0.595457
227.434,0.595457
227.514,0.595722
227.554,0.595722
227.634,0.59624
227.714,0.59624
227.754,0.596585
227.834,0.596585
227.914,0.596992
227.955,0.596992
228.034,0.5969
228.114,0.5969
228.154,0.597124
228.234,0.597124
228.314,0.597134
228.354,0.597134
228.434,0.597378
228.514,0.597378
228.554,0.597236
228.634,0.597236
228.714,0.595102
228.754,0.595102
228.834,0.593293
228.959,0.593293
228.976,0.5794
229.034,0.5794
229.114,0.579512
229.154,0.579512
229.254,0.58002
229.314,0.58002
229.354,0.580061
229.434,0.580061
229.514,0.579654
229.554,0.579654
229.634,0.579522
229.714,0.579522
229.754,0.579898
229.834,0.579898
229.914,0.580031
229.954,0.580031
230.034,0.580589
230.114,0.580589
230.154,0.5806
230.234,0.5806
230.314,0.580854
230.357,0.580854
230.434,0.5806
230.514,0.5806
230.599,0.573445
230.634,0.573445
230.714,0.574329
230.754,0.574329
230.834,0.575366
230.914,0.575366
230.954,0.575386
231.034,0.575386
231.114,0.575366
231.154,0.575366
231.234,0.57561
231.314,0.57561
231.357,0.576087
231.434,0.576087
231.514,0.575894
231.554,0.575894
231.634,0.576169
231.714,0.576169
231.754,0.576138
231.834,0.576138
231.914,0.576453
231.954,0.576453
232.034,0.576921
232.114,0.576921
232.154,0.577591
232.279,0.577591
232.314,0.57623
232.354,0.57623
232.434,0.577012
232.514,0.577012
232.554,0.576596
232.634,0.576596
232.714,0.577053
232.754,0.577053
232.834,0.577632
232.914,0.577632
232.955,0.577144
233.034,0.577144
233.114,0.577154
233.154,0.577154
233.234,0.577927
233.314,0.577927
233.356,0.578018
233.434,0.578018
233.514,0.578465
233.554,0.578465
233.634,0.578272
233.714,0.578272
233.754,0.577856
233.834,0.577856
233.959,0.577205
233.976,0.577205
234.034,0.577439
234.114,0.577439
234.154,0.577581
234.234,0.577581
234.314,0.577287
234.357,0.577287
234.434,0.577571
234.514,0.577571
234.554,0.57812
234.634,0.57812
234.714,0.578344
234.754,0.578344
234.834,0.578608
234.914,0.578608
234.954,0.578689
235.034,0.578689
235.114,0.57873
235.154,0.57873
235.234,0.579116
235.314,0.579116
235.354,0.579502
235.434,0.579502
235.514,0.580132
235.599,0.580132
235.634,0.575904
235.714,0.575904
235.754,0.575844
235.834,0.575844
235.914,0.57624
235.954,0.57624
236.034,0.576677
236.114,0.576677
236.154,0.576911
236.234,0.576911
236.315,0.577906
236.357,0.577906
236.434,0.578344
236.514,0.578344
236.554,0.578638
236.634,0.578638
236.714,0.579136
236.754,0.579136
236.834,0.57936
236.914,0.57936
236.954,0.579685
237.034,0.579685
237.114,0.579848
237.154,0.579848
237.28,0.578659
237.314,0.578659
237.356,0.578354
237.434,0.578354
237.514,0.577906
237.554,0.577906
237.634,0.578526
237.714,0.578526
237.754,0.578262
238.96,0.578262
237.86,0.575325
239.034,0.575325
237.98,0.57623
238.02,0.57623
238.1,0.576453
238.18,0.576453
238.222,0.576657
238.3,0.576657
238.38,0.577317
238.42,0.577317
238.5,0.578049
238.58,0.578049
238.62,0.578496
238.7,0.578496
238.78,0.578689
238.82,0.578689
238.9,0.578313
238.98,0.578313
239.02,0.578537
239.1,0.578537
239.18,0.578913
239.222,0.578913
239.3,0.578272
239.38,0.578272
239.465,0.576006
239.5,0.576006
239.58,0.57626
239.62,0.57626
239.7,0.576717
239.78,0.576717
239.82,0.577276
239.9,0.577276
239.98,0.577856
240.02,0.577856
240.1,0.578709
240.18,0.578709
240.22,0.578882
240.291,0.578882
240.37,0.578689
240.41,0.578689
240.49,0.578669
240.57,0.578669
240.61,0.57874
240.69,0.57874
240.77,0.579065
240.81,0.579065
240.89,0.580467
240.97,0.580467
241.01,0.582022
241.136,0.582022
241.171,0.581301
241.21,0.581301
241.29,0.580671
241.37,0.580671
241.41,0.580691
241.49,0.580691
241.57,0.580386
241.61,0.580386
241.69,0.580681
241.77,0.580681
241.811,0.581585
241.89,0.581585
241.97,0.582022
242.01,0.582022
242.091,0.582215
242.17,0.582215
242.21,0.582785
242.29,0.582785
242.37,0.582307
242.41,0.582307
242.49,0.582581
242.57,0.582581
242.61,0.582805
242.69,0.582805
242.817,0.579797
242.85,0.579797
242.89,0.580071
242.97,0.580071
243.01,0.58063
243.09,0.58063
243.17,0.580945
243.21,0.580945
243.29,0.582063
243.37,0.582063
243.41,0.582551
243.491,0.582551
243.57,0.582754
243.61,0.582754
243.69,0.583648
243.771,0.583648
243.811,0.583638
243.89,0.583638
243.97,0.58378
244.01,0.58378
244.09,0.584116
244.17,0.584116
244.211,0.584604
244.29,0.584604
244.37,0.584604
244.456,0.584604
244.49,0.582419
244.57,0.582419
244.61,0.582398
244.69,0.582398
244.77,0.583516
244.81,0.583516
244.89,0.583323
244.97,0.583323
245.01,0.583272
245.09,0.583272
245.171,0.583669
245.211,0.583669
245.29,0.58435
245.37,0.58435
245.41,0.584888
245.49,0.584888
245.57,0.584949
245.61,0.584949
245.69,0.58498
245.77,0.58498
245.81,0.584797
245.89,0.584797
245.97,0.584482
246.01,0.584482
246.137,0.582409
246.17,0.582409
246.21,0.58252
246.29,0.58252
246.37,0.583293
246.41,0.583293
246.49,0.583181
246.59,0.583181
246.61,0.583364
246.69,0.583364
246.77,0.58374
246.811,0.58374
246.89,0.584228
246.97,0.584228
247.01,0.584502
247.09,0.584502
247.17,0.584634
247.21,0.584634
247.29,0.584675
247.37,0.584675
247.41,0.585163
247.49,0.585163
247.57,0.585457
247.61,0.585457
247.69,0.586067
247.797,0.586067
247.814,0.58436
247.89,0.58436
247.97,0.584411
248.01,0.584411
248.09,0.585203
248.17,0.585203
248.211,0.585132
248.29,0.585132
248.37,0.584929
248.41,0.584929
248.49,0.584919
248.57,0.584919
248.61,0.584726
248.69,0.584726
248.77,0.584736
248.81,0.584736
248.89,0.58438
248.97,0.58438
249.01,0.584319
249.09,0.584319
249.17,0.584888
249.21,0.584888
249.29,0.584776
249.37,0.584776
249.457,0.585325
249.49,0.585325
249.57,0.585254
249.61,0.585254
249.69,0.586199
249.77,0.586199
249.81,0.585996
249.89,0.585996
249.97,0.586677
250.01,0.586677
250.09,0.587327
250.171,0.587327
250.21,0.587378
250.29,0.587378
250.37,0.587612
250.41,0.587612
250.49,0.587876
250.57,0.587876
250.61,0.588496
250.69,0.588496
250.77,0.589329
250.81,0.589329
250.89,0.589157
250.97,0.589157
251.01,0.59
251.136,0.59
251.17,0.58687
251.21,0.58687
251.29,0.586839
251.37,0.586839
251.41,0.586636
251.49,0.586636
251.57,0.587165
251.61,0.587165
251.69,0.58873
251.77,0.58873
251.811,0.591596
251.89,0.591596
251.97,0.595061
252.01,0.595061
252.09,0.597937
252.171,0.597937
252.21,0.600874
252.29,0.600874
252.37,0.605071
252.41,0.605071
252.49,0.608384
252.57,0.608384
252.61,0.611484
252.69,0.611484
252.816,0.614319
252.833,0.614319
252.89,0.616382
252.97,0.616382
253.01,0.618913
253.09,0.618913
253.17,0.621575
253.21,0.621575
253.29,0.6225
253.37,0.6225
253.41,0.625579
253.491,0.625579
253.571,0.628547
253.61,0.628547
253.69,0.627571
253.77,0.627571
253.81,0.626108
253.89,0.626108
253.97,0.625508
254.01,0.625508
254.091,0.624593
254.17,0.624593
254.211,0.620945
254.29,0.620945
254.37,0.618608
254.455,0.618608
254.51,0.595711
254.57,0.595711
254.61,0.597439
254.69,0.597439
254.77,0.599278
254.81,0.599278
254.89,0.60062
254.97,0.60062
255.01,0.600335
255.09,0.600335
255.17,0.599868
255.211,0.599868
255.29,0.599726
255.37,0.599726
255.41,0.600112
255.49,0.600112
255.57,0.600579
255.61,0.600579
255.69,0.600843
255.77,0.600843
255.811,0.600854
255.89,0.600854
255.97,0.601006
256.011,0.601006
256.135,0.59751
256.17,0.59751
256.21,0.597673
256.29,0.597673
256.37,0.596778
256.41,0.596778
256.49,0.596738
256.57,0.596738
256.61,0.596443
256.69,0.596443
256.77,0.596768
256.811,0.596768
256.89,0.598659
256.971,0.598659
257.01,0.597846
257.09,0.597846
257.171,0.598953
257.211,0.598953
257.291,0.599339
257.371,0.599339
257.41,0.599421
257.491,0.599421
257.571,0.599177
257.61,0.599177
257.691,0.599502
257.816,0.599502
257.833,0.595213
257.89,0.595213
257.97,0.595742
258.01,0.595742
258.09,0.595976
258.17,0.595976
258.21,0.595915
258.29,0.595915
258.37,0.596006
258.41,0.596006
258.491,0.594563
258.57,0.594563
258.61,0.59624
258.69,0.59624
258.77,0.59686
258.81,0.59686
258.89,0.596179
258.971,0.596179
259.01,0.595203
259.09,0.595203
259.17,0.592581
259.21,0.592581
259.29,0.593984
259.37,0.593984
259.436,0.59503
259.49,0.59503
259.57,0.594787
259.61,0.594787
259.69,0.59503
259.77,0.59503
259.81,0.59437
259.89,0.59437
259.97,0.594837
260.01,0.594837
260.09,0.594624
260.17,0.594624
260.211,0.594644
260.29,0.594644
260.37,0.596311
260.41,0.596311
260.49,0.596504
260.57,0.596504
260.61,0.595783
260.691,0.595783
260.77,0.596524
260.811,0.596524
260.891,0.596301
260.97,0.596301
261.01,0.596077
261.136,0.596077
261.171,0.594553
261.21,0.594553
261.29,0.594736
261.37,0.594736
261.41,0.594655
261.49,0.594655
261.57,0.594004
261.61,0.594004
261.69,0.593384
261.77,0.593384
261.811,0.593191
261.891,0.593191
261.97,0.59313
262.01,0.59313
262.09,0.594035
262.17,0.594035
262.21,0.5931
262.29,0.5931
262.37,0.593394
262.41,0.593394
262.491,0.593333
262.57,0.593333
262.611,0.593293
262.69,0.593293
262.797,0.589502
262.814,0.589502
262.89,0.587632
262.97,0.587632
263.01,0.58815
263.09,0.58815
263.17,0.588811
263.21,0.588811
263.29,0.589431
263.37,0.589431
263.41,0.589431
263.491,0.589431
263.57,0.588821
263.61,0.588821
263.691,0.589289
263.77,0.589289
263.81,0.59003
263.89,0.59003
263.97,0.589919
264.01,0.589919
264.09,0.590386
264.17,0.590386
264.21,0.590478
264.29,0.590478
264.37,0.591077
264.455,0.591077
264.49,0.590488
264.57,0.590488
264.61,0.590661
264.69,0.590661
264.77,0.590762
264.81,0.590762
264.89,0.590376
264.97,0.590376
265.01,0.589858
265.09,0.589858
265.171,0.590742
265.211,0.590742
265.29,0.590965
265.37,0.590965
265.41,0.591159
265.491,0.591159
265.57,0.591575
265.61,0.591575
265.691,0.591575
265.77,0.591575
265.81,0.591362
265.891,0.591362
265.97,0.590904
266.01,0.590904
266.136,0.587642
266.17,0.587642
266.21,0.587886
266.29,0.587886
266.37,0.587937
266.41,0.587937
266.49,0.587287
266.57,0.587287
266.61,0.587673
266.69,0.587673
266.77,0.58815
266.811,0.58815
266.891,0.588201
266.971,0.588201
267.01,0.588252
267.09,0.588252
267.17,0.588415
267.21,0.588415
267.29,0.588598
267.37,0.588598
267.41,0.588455
267.49,0.588455
267.57,0.588791
267.61,0.588791
267.69,0.58876
267.816,0.58876
267.833,0.587947
267.89,0.587947
267.97,0.588831
268.01,0.588831
268.091,0.589492
268.17,0.589492
268.211,0.588852
268.29,0.588852
268.37,0.589665
268.41,0.589665
268.491,0.589207
268.571,0.589207
268.61,0.589593
268.69,0.589593
268.771,0.589543
268.81,0.589543
268.89,0.589217
268.97,0.589217
269.01,0.589624
269.09,0.589624
269.17,0.588862
269.21,0.588862
269.29,0.58935
269.37,0.58935
269.456,0.584695
269.49,0.584695
269.57,0.585955
269.61,0.585955
269.69,0.585894
269.77,0.585894
269.81,0.586738
269.891,0.586738
269.97,0.587276
270.01,0.587276
270.09,0.586819
270.171,0.586819
270.211,0.586748
270.291,0.586748
270.371,0.587124
270.41,0.587124
270.491,0.587409
270.57,0.587409
270.61,0.587297
270.691,0.587297
270.77,0.587398
270.811,0.587398
270.891,0.58753
270.97,0.58753
271.01,0.58753
277.816,0.58753
277.833,0.586382
271.157,0.586382
271.237,0.586037
271.277,0.586037
271.358,0.58626
271.437,0.58626
271.477,0.58686
271.557,0.58686
271.637,0.5869
271.677,0.5869
271.778,0.586839
271.837,0.586839
271.877,0.587195
271.957,0.587195
272.037,0.58688
272.077,0.58688
272.157,0.587063
272.237,0.587063
272.278,0.587043
272.357,0.587043
272.438,0.587449
272.477,0.587449
272.558,0.58747
272.638,0.58747
272.722,0.582612
272.778,0.582612
272.837,0.58311
272.877,0.58311
272.977,0.585122
273.037,0.585122
273.077,0.585518
273.157,0.585518
273.237,0.585965
273.277,0.585965
273.357,0.586392
273.438,0.586392
273.477,0.586484
273.557,0.586484
273.637,0.585996
273.677,0.585996
273.758,0.586677
273.838,0.586677
273.877,0.587063
273.958,0.587063
274.038,0.587937
274.077,0.587937
274.158,0.588232
274.238,0.588232
274.277,0.588089
274.383,0.588089
274.437,0.587927
274.477,0.587927
274.557,0.587632
274.637,0.587632
274.677,0.58686
274.757,0.58686
274.837,0.58686
274.878,0.58686
274.957,0.586291
275.038,0.586291
275.078,0.586575
275.157,0.586575
275.237,0.587388
275.278,0.587388
275.357,0.587368
275.438,0.587368
275.477,0.587866
275.558,0.587866
275.638,0.588831
275.677,0.588831
275.758,0.590213
275.838,0.590213
275.877,0.591301
275.958,0.591301
276.082,0.589045
276.099,0.589045
276.158,0.59186
276.237,0.59186
276.277,0.593079
276.357,0.593079
276.437,0.594248
276.477,0.594248
276.557,0.5975
276.637,0.5975
276.677,0.597866
276.758,0.597866
276.837,0.598913
276.877,0.598913
276.958,0.597358
277.037,0.597358
277.077,0.598272
277.158,0.598272
277.237,0.598811
277.277,0.598811
277.358,0.600203
277.437,0.600203
277.477,0.600173
277.558,0.600173
277.637,0.604431
277.722,0.604431
277.757,0.603547
277.837,0.603547
277.877,0.606829
277.957,0.606829
278.037,0.607256
278.077,0.607256
278.157,0.610183
278.237,0.610183
278.277,0.607835
278.357,0.607835
278.438,0.610203
278.478,0.610203
278.558,0.61373
278.637,0.61373
278.677,0.613008
278.757,0.613008
278.837,0.612022
278.877,0.612022
278.957,0.609116
279.038,0.609116
279.078,0.605864
279.157,0.605864
279.237,0.598191
279.278,0.598191
279.362,0.593984
279.437,0.593984
279.477,0.586504
279.557,0.586504
279.637,0.580986
279.677,0.580986
279.758,0.581016
279.837,0.581016
279.877,0.583486
279.957,0.583486
280.037,0.586331
280.078,0.586331
280.158,0.584888
280.238,0.584888
280.277,0.586402
280.358,0.586402
280.438,0.58123
280.478,0.58123
280.557,0.576677
280.637,0.576677
280.677,0.570051
280.757,0.570051
280.838,0.562907
280.877,0.562907
280.957,0.558028
281.083,0.558028
281.1,0.545112
281.157,0.545112
281.237,0.534319
281.277,0.534319
281.357,0.531596
281.437,0.531596
281.478,0.529187
281.557,0.529187
281.637,0.524726
281.678,0.524726
281.758,0.518059
281.838,0.518059
281.877,0.515325
281.958,0.515325
282.038,0.514929
282.078,0.514929
282.158,0.512785
282.238,0.512785
282.277,0.515569
282.358,0.515569
282.438,0.52811
282.478,0.52811
282.568,0.545955
282.647,0.545955
282.711,0.552571
282.767,0.552571
282.847,0.560894
282.887,0.560894
282.987,0.574665
283.047,0.574665
283.087,0.585986
283.167,0.585986
283.247,0.595589
283.287,0.595589
283.367,0.609339
283.448,0.609339
283.487,0.614533
283.567,0.614533
283.647,0.619766
283.687,0.619766
283.767,0.628709
283.847,0.628709
283.887,0.635081
283.967,0.635081
284.047,0.63311
284.087,0.63311
284.167,0.627398
284.247,0.627398
284.287,0.629695
284.391,0.629695
284.447,0.636159
284.491,0.636159
284.567,0.633496
284.647,0.633496
284.687,0.62938
284.767,0.62938
284.847,0.620711
284.887,0.620711
284.967,0.604827
285.047,0.604827
285.088,0.582571
285.168,0.582571
285.248,0.552317
285.288,0.552317
285.367,0.530366
285.448,0.530366
285.491,0.51812
285.568,0.51812
285.647,0.515041
285.687,0.515041
285.767,0.513892
285.848,0.513892
285.887,0.516687
285.968,0.516687
286.072,0.524248
286.089,0.524248
286.167,0.523933
286.247,0.523933
286.287,0.526057
286.367,0.526057
286.447,0.520965
286.491,0.520965
286.567,0.518089
286.647,0.518089
286.687,0.517215
286.768,0.517215
286.849,0.512205
286.887,0.512205
286.967,0.516819
287.047,0.516819
287.088,0.525488
287.167,0.525488
287.249,0.547409
287.287,0.547409
287.37,0.558608
287.449,0.558608
287.491,0.558902
287.569,0.558902
287.647,0.556707
287.734,0.556707
287.768,0.550234
287.847,0.550234
287.887,0.557917
287.968,0.557917
288.047,0.556169
288.089,0.556169
288.167,0.550467
288.247,0.550467
288.288,0.544624
288.367,0.544624
288.449,0.534187
288.491,0.534187
288.568,0.528343
288.649,0.528343
288.688,0.522744
288.768,0.522744
288.849,0.513913
288.889,0.513913
288.967,0.510732
289.049,0.510732
289.089,0.517856
289.169,0.517856
289.249,0.53623
289.288,0.53623
289.391,0.552876
289.449,0.552876
289.488,0.564746
289.568,0.564746
289.649,0.564441
289.688,0.564441
289.768,0.569055
289.849,0.569055
289.889,0.571697
289.968,0.571697
290.049,0.563933
290.088,0.563933
290.169,0.55812
290.249,0.55812
290.288,0.557622
290.368,0.557622
290.449,0.559644
290.491,0.559644
290.568,0.564309
290.649,0.564309
290.688,0.571474
290.768,0.571474
290.849,0.578872
290.889,0.578872
290.968,0.573801
291.092,0.573801
291.109,0.564421
291.169,0.564421
291.249,0.565996
291.288,0.565996
291.368,0.564035
291.449,0.564035
291.491,0.557469
291.568,0.557469
291.649,0.546941
291.689,0.546941
291.768,0.535864
291.849,0.535864
291.889,0.519157
291.968,0.519157
292.049,0.498415
292.088,0.498415
292.169,0.487561
292.249,0.487561
292.289,0.472642
292.368,0.472642
292.449,0.453567
292.491,0.453567
292.568,0.445274
292.649,0.445274
292.732,0.441911
292.787,0.441911
292.849,0.425081
292.888,0.425081
292.968,0.412134
293.048,0.412134
293.088,0.402907
293.169,0.402907
293.249,0.393669
293.288,0.393669
293.368,0.395894
293.449,0.395894
293.491,0.398547
293.568,0.398547
293.649,0.411341
293.688,0.411341
293.77,0.426179
293.849,0.426179
293.889,0.445376
293.968,0.445376
294.049,0.467541
294.088,0.467541
294.169,0.4831
294.25,0.4831
294.288,0.483913
294.372,0.483913
294.449,0.490803
294.492,0.490803
294.568,0.490407
294.649,0.490407
294.688,0.501768
294.768,0.501768
294.849,0.521484
294.889,0.521484
294.968,0.532226
295.049,0.532226
295.088,0.541606
295.169,0.541606
295.249,0.555285
295.288,0.555285
295.368,0.566585
295.449,0.566585
295.491,0.579045
295.568,0.579045
295.649,0.590661
295.688,0.590661
295.769,0.594482
295.849,0.594482
295.889,0.609512
295.969,0.609512
296.092,0.629278
296.109,0.629278
296.169,0.644492
296.249,0.644492
296.288,0.661352
296.368,0.661352
296.449,0.657327
296.491,0.657327
296.568,0.660894
296.649,0.660894
296.689,0.672419
296.769,0.672419
296.849,0.684156
296.889,0.684156
296.969,0.685742
297.049,0.685742
297.088,0.67689
297.169,0.67689
297.249,0.656433
297.288,0.656433
297.368,0.63561
297.449,0.63561
297.491,0.627063
297.568,0.627063
297.649,0.609441
297.711,0.609441
297.768,0.602226
297.849,0.602226
297.889,0.604085
297.968,0.604085
298.049,0.610234
298.088,0.610234
298.169,0.626026
298.249,0.626026
298.288,0.648852
298.369,0.648852
298.449,0.641423
298.491,0.641423
298.568,0.643902
298.649,0.643902
298.689,0.630203
298.768,0.630203
298.849,0.603841
298.889,0.603841
298.968,0.595955
299.049,0.595955
299.089,0.593343
299.169,0.593343
299.249,0.591707
299.288,0.591707
299.412,0.614888
299.449,0.614888
299.491,0.618018
299.568,0.618018
299.649,0.596087
299.688,0.596087
299.768,0.598293
299.849,0.598293
299.889,0.593781
299.969,0.593781
300.049,0.575874
300.089,0.575874
300.17,0.552327
300.249,0.552327
300.288,0.528028
300.368,0.528028
300.449,0.494228
300.491,0.494228
300.568,0.465854
300.649,0.465854
300.689,0.441839
300.768,0.441839
300.849,0.434919
300.889,0.434919
300.969,0.448628
301.071,0.448628
301.088,0.45815
301.17,0.45815
301.249,0.493567
301.288,0.493567
301.368,0.516596
301.449,0.516596
301.492,0.538191
301.568,0.538191
301.649,0.555843
301.688,0.555843
301.768,0.559949
301.849,0.559949
301.889,0.560691
301.968,0.560691
302.049,0.556494
302.088,0.556494
302.169,0.553171
302.249,0.553171
302.288,0.551484
302.368,0.551484
302.428,0.546484
302.491,0.546484
302.568,0.542104
302.649,0.542104
302.692,0.537012
302.768,0.537012
302.849,0.534461
302.889,0.534461
302.968,0.534136
303.049,0.534136
303.088,0.533699
303.169,0.533699
303.228,0.534543
303.288,0.534543
303.368,0.54626
303.449,0.54626
303.491,0.5625
303.568,0.5625
303.629,0.587246
303.688,0.587246
303.768,0.602195
303.828,0.602195
303.889,0.623994
303.948,0.623994
304.028,0.650335
304.088,0.650335
304.148,0.673374
304.228,0.673374
304.288,0.697683
304.372,0.697683
304.428,0.726087
304.468,0.726087
304.548,0.743435
304.628,0.743435
304.668,0.750142
304.748,0.750142
304.828,0.748516
304.868,0.748516
304.948,0.74376
305.028,0.74376
305.068,0.739431
305.148,0.739431
305.228,0.751372
305.268,0.751372
305.348,0.764512
305.428,0.764512
305.468,0.772846
305.548,0.772846
305.628,0.770061
305.668,0.770061
305.748,0.764817
305.828,0.764817
305.868,0.75186
305.948,0.75186
306.092,0.717947
306.109,0.717947
306.148,0.707967
306.228,0.707967
306.267,0.698913
306.348,0.698913
306.428,0.68687
306.468,0.68687
306.548,0.674492
306.628,0.674492
306.668,0.661352
306.748,0.661352
306.828,0.647124
306.868,0.647124
306.948,0.626524
307.028,0.626524
307.068,0.604827
307.148,0.604827
307.228,0.569736
307.267,0.569736
307.348,0.54813
307.428,0.54813
307.468,0.527012
307.548,0.527012
307.628,0.510285
307.692,0.510285
307.748,0.489878
307.828,0.489878
307.867,0.477947
307.948,0.477947
308.028,0.475884
308.068,0.475884
308.148,0.469858
308.228,0.469858
308.268,0.484096
308.348,0.484096
308.428,0.512856
308.468,0.512856
308.548,0.52061
308.628,0.52061
308.668,0.520986
308.748,0.520986
308.848,0.511961
308.868,0.511961
308.948,0.497754
309.028,0.497754
309.068,0.505518
309.148,0.505518
309.228,0.521972
309.268,0.521972
309.412,0.537378
309.429,0.537378
309.468,0.532795
309.548,0.532795
309.628,0.531921
309.667,0.531921
309.748,0.532348
309.828,0.532348
309.867,0.526677
309.947,0.526677
310.028,0.503059
310.068,0.503059
310.148,0.482144
310.228,0.482144
310.267,0.462754
310.348,0.462754
310.427,0.430244
310.468,0.430244
310.557,0.420528
310.637,0.420528
310.677,0.413313
310.757,0.413313
310.837,0.411402
310.877,0.411402
310.957,0.403831
311.061,0.403831
311.078,0.386372
311.157,0.386372
311.237,0.361087
311.277,0.361087
311.357,0.340539
311.437,0.340539
311.477,0.319817
311.557,0.319817
311.637,0.295569
311.738,0.295569
311.818,0.287805
311.898,0.287805
311.938,0.283638
312.018,0.283638
312.098,0.293465
312.138,0.293465
312.218,0.304787
312.298,0.304787
312.337,0.320793
312.418,0.320793
312.498,0.334035
312.538,0.334035
312.617,0.33187
312.698,0.33187
312.78,0.316159
312.817,0.316159
312.897,0.303892
312.937,0.303892
313.017,0.306098
313.097,0.306098
313.137,0.308272
313.217,0.308272
313.297,0.31123
313.337,0.31123
313.417,0.315996
313.498,0.315996
313.537,0.319126
313.617,0.319126
313.697,0.328272
313.737,0.328272
313.817,0.342276
313.898,0.342276
313.937,0.351819
314.017,0.351819
314.098,0.372602
314.138,0.372602
314.217,0.394045
314.298,0.394045
314.337,0.40435
314.421,0.40435
314.497,0.42003
314.537,0.42003
314.618,0.430081
314.697,0.430081
314.737,0.43997
314.817,0.43997
314.897,0.451514
314.937,0.451514
315.017,0.445854
315.097,0.445854
315.138,0.440386
315.217,0.440386
315.297,0.425833
315.337,0.425833
315.417,0.426087
315.497,0.426087
315.538,0.419492
315.617,0.419492
315.698,0.415793
315.737,0.415793
315.818,0.411911
315.897,0.411911
315.937,0.408496
316.017,0.408496
316.122,0.403191
316.139,0.403191
316.217,0.410193
316.297,0.410193
316.337,0.399451
316.418,0.399451
316.498,0.394055
316.538,0.394055
316.617,0.381799
316.698,0.381799
316.737,0.367165
316.818,0.367165
316.897,0.344726
316.937,0.344726
317.017,0.325061
317.118,0.325061
317.138,0.30498
317.218,0.30498
317.297,0.278628
317.337,0.278628
317.417,0.269075
317.498,0.269075
317.538,0.252409
317.617,0.252409
317.697,0.244522
317.781,0.244522
317.817,0.244329
317.897,0.244329
317.937,0.231758
318.017,0.231758
318.097,0.198506
318.137,0.198506
318.217,0.176484
318.297,0.176484
318.337,0.165976
318.417,0.165976
318.518,0.138679
318.538,0.138679
318.617,0.118699
318.698,0.118699
318.737,0.0940447
318.818,0.0940447
318.897,0.0524492
318.938,0.0524492
319.018,0.0302236
319.098,0.0302236
319.138,0.0189634
319.217,0.0189634
319.297,0.0128455
319.337,0.0128455
319.461,0.0168293
319.517,0.0168293
319.537,0.0183537
319.617,0.0183537
319.697,0.0272764
319.737,0.0272764
319.817,0.0381504
319.897,0.0381504
319.937,0.0394715
320.017,0.0394715
320.097,0.0369512
320.138,0.0369512
320.217,0.035061
320.298,0.035061
320.338,0.0347154
320.418,0.0347154
320.498,0.0350407
320.538,0.0350407
320.617,0.0372764
320.698,0.0372764
320.737,0.0392581
320.817,0.0392581
320.897,0.0391565
320.937,0.0391565
321.017,0.0399289
321.142,0.0399289
321.159,0.054248
321.217,0.054248
321.297,0.0547663
321.338,0.0547663
321.417,0.0546951
321.497,0.0546951
321.537,0.0537398
321.617,0.0537398
321.697,0.053689
321.737,0.053689
321.818,0.0534451
321.898,0.0534451
321.937,0.0530285
326.135,0.0530285
322.041,0.0543699
326.207,0.0543699
322.162,0.0545732
322.201,0.0545732
322.281,0.0544106
322.361,0.0544106
322.402,0.0548984
322.481,0.0548984
322.562,0.0560366
322.601,0.0560366
322.682,0.0560671
322.762,0.0560671
322.802,0.0566667
322.882,0.0566667
322.962,0.0561687
323.002,0.0561687
323.082,0.0562398
323.162,0.0562398
323.202,0.056626
323.281,0.056626
323.362,0.0572154
323.401,0.0572154
323.481,0.0580183
323.562,0.0580183
323.648,0.058313
323.682,0.058313
323.761,0.057876
323.801,0.057876
323.881,0.0587398
323.961,0.0587398
324.001,0.0584451
324.081,0.0584451
324.162,0.0577033
324.202,0.0577033
324.282,0.0578659
324.362,0.0578659
324.402,0.0582622
324.482,0.0582622
324.562,0.0580589
324.602,0.0580589
324.682,0.0569715
324.762,0.0569715
324.801,0.0582419
324.881,0.0582419
324.962,0.0580285
325.001,0.0580285
325.082,0.0581301
325.162,0.0581301
325.201,0.0584756
325.328,0.0584756
325.362,0.0545833
325.401,0.0545833
325.481,0.0552134
325.561,0.0552134
325.601,0.0553659
325.681,0.0553659
325.761,0.0550915
325.801,0.0550915
325.881,0.0555691
325.962,0.0555691
326.002,0.0543699
326.082,0.0543699
326.162,0.0546748
326.202,0.0546748
326.282,0.0549797
326.362,0.0549797
326.402,0.0560366
326.482,0.0560366
326.562,0.0558232
326.602,0.0558232
326.682,0.0558232
326.762,0.0558232
326.801,0.056189
326.882,0.056189
327.008,0.0562805
327.025,0.0562805
327.081,0.0559146
327.162,0.0559146
327.201,0.0559858
327.281,0.0559858
327.361,0.0556707
327.401,0.0556707
327.481,0.0854065
327.562,0.0854065
327.601,0.116494
327.682,0.116494
327.762,0.128384
327.802,0.128384
327.882,0.134045
327.962,0.134045
328.002,0.139217
328.082,0.139217
328.162,0.183547
328.202,0.183547
328.282,0.223892
328.362,0.223892
328.402,0.256148
328.482,0.256148
328.562,0.265945
328.647,0.265945
328.682,0.256717
328.762,0.256717
328.802,0.250681
328.882,0.250681
328.962,0.237276
329.002,0.237276
329.082,0.237378
329.162,0.237378
329.201,0.235457
329.281,0.235457
329.362,0.239024
329.402,0.239024
329.481,0.24312
329.562,0.24312
329.601,0.234654
329.681,0.234654
329.761,0.216006
329.801,0.216006
329.881,0.201972
329.961,0.201972
330.001,0.191992
330.081,0.191992
330.162,0.182043
330.201,0.182043
330.308,0.178557
330.362,0.178557
330.402,0.185854
330.482,0.185854
330.562,0.171545
330.602,0.171545
330.682,0.151646
330.762,0.151646
330.802,0.164035
330.882,0.164035
330.961,0.179461
331.002,0.179461
331.082,0.183049
331.162,0.183049
331.202,0.191707
331.282,0.191707
331.362,0.190691
331.402,0.190691
331.482,0.187266
331.562,0.187266
331.601,0.181311
331.682,0.181311
331.762,0.209787
331.802,0.209787
331.882,0.23373
332.007,0.23373
332.024,0.241616
332.081,0.241616
332.161,0.241514
332.201,0.241514
332.281,0.233008
332.361,0.233008
332.401,0.234593
332.481,0.234593
332.561,0.236209
332.601,0.236209
332.682,0.237825
332.762,0.237825
332.801,0.242175
332.882,0.242175
332.962,0.246463
333.002,0.246463
333.082,0.234888
333.162,0.234888
333.202,0.223242
333.282,0.223242
333.362,0.216453
333.402,0.216453
333.482,0.2125
333.562,0.2125
333.647,0.196108
333.682,0.196108
333.761,0.155976
333.801,0.155976
333.882,0.12376
333.962,0.12376
334.001,0.0938313
334.081,0.0938313
334.162,0.0615244
334.201,0.0615244
334.281,0.0518394
334.362,0.0518394
334.402,0.0412195
334.482,0.0412195
334.562,0.0303659
334.602,0.0303659
334.682,0.0261687
334.762,0.0261687
334.802,0.0272663
334.882,0.0272663
334.962,0.0291972
335.002,0.0291972
335.082,0.0375
335.162,0.0375
335.202,0.0423374
335.327,0.0423374
335.362,0.0514431
335.401,0.0514431
335.482,0.0532114
335.562,0.0532114
335.602,0.0534553
335.682,0.0534553
335.762,0.054248
335.801,0.054248
335.882,0.0544919
335.962,0.0544919
336.002,0.055376
336.082,0.055376
336.162,0.0565041
336.202,0.0565041
336.282,0.0625102
336.362,0.0625102
336.402,0.073252
336.482,0.073252
336.562,0.0791463
336.602,0.0791463
336.682,0.0878963
336.762,0.0878963
336.801,0.0915447
336.882,0.0915447
337.006,0.0931402
337.042,0.0931402
337.082,0.0958333
337.162,0.0958333
337.202,0.0932114
337.282,0.0932114
337.362,0.0941463
337.402,0.0941463
337.482,0.111169
337.562,0.111169
337.601,0.129278
337.682,0.129278
337.762,0.147053
337.801,0.147053
337.882,0.159939
337.962,0.159939
338.002,0.170142
338.081,0.170142
338.162,0.187317
338.201,0.187317
338.281,0.186636
338.361,0.186636
338.402,0.183191
338.482,0.183191
338.561,0.17378
338.605,0.17378
338.681,0.164594
338.761,0.164594
338.801,0.166819
338.882,0.166819
338.962,0.163974
339.002,0.163974
339.082,0.164594
339.162,0.164594
339.202,0.167632
339.282,0.167632
339.362,0.153994
339.402,0.153994
339.482,0.137012
339.562,0.137012
339.602,0.142541
339.682,0.142541
339.762,0.148648
339.801,0.148648
339.881,0.163892
339.961,0.163892
340.002,0.170335
340.082,0.170335
340.162,0.18065
340.202,0.18065
340.326,0.171402
340.362,0.171402
340.401,0.1519
340.482,0.1519
340.561,0.123557
340.601,0.123557
340.682,0.0953354
340.762,0.0953354
340.801,0.0692073
340.881,0.0692073
340.961,0.0326524
341.002,0.0326524
341.082,0.0190752
341.162,0.0190752
341.202,0.0206098
341.282,0.0206098
341.362,0.0225508
341.401,0.0225508
341.482,0.0242886
341.562,0.0242886
341.602,0.0265549
341.682,0.0265549
341.762,0.0361484
341.802,0.0361484
341.882,0.0472663
342.006,0.0472663
342.023,0.0755081
342.082,0.0755081
342.162,0.0757622
342.202,0.0757622
342.282,0.0784248
342.382,0.0784248
342.401,0.0812805
342.482,0.0812805
342.561,0.0815041
342.601,0.0815041
342.682,0.0805285
342.762,0.0805285
342.801,0.0798882
342.881,0.0798882
342.961,0.0805386
343.001,0.0805386
343.081,0.0794004
343.162,0.0794004
343.202,0.0793699
343.282,0.0793699
343.362,0.0798984
343.402,0.0798984
343.482,0.0791463
343.562,0.0791463
343.646,0.078872
343.682,0.078872
343.762,0.076189
343.801,0.076189
343.901,0.0779167
343.961,0.0779167
344.001,0.0771037
344.082,0.0771037
344.162,0.0774898
344.201,0.0774898
344.281,0.0768293
344.362,0.0768293
344.402,0.0778659
344.482,0.0778659
344.562,0.0783537
344.602,0.0783537
344.682,0.0785163
344.761,0.0785163
344.802,0.0789939
344.882,0.0789939
344.961,0.0786382
345.001,0.0786382
345.082,0.0793089
345.162,0.0793089
345.202,0.0805386
345.327,0.0805386
345.361,0.0817276
345.402,0.0817276
345.481,0.0815244
345.562,0.0815244
345.601,0.0816463
345.682,0.0816463
345.762,0.0817683
345.802,0.0817683
345.882,0.0811687
345.962,0.0811687
352.008,0.0738211
346.052,0.0738211
352.082,0.0728659
346.189,0.0728659
346.229,0.072998
346.308,0.072998
346.389,0.074065
346.429,0.074065
346.509,0.073811
346.589,0.073811
346.628,0.0722764
346.709,0.0722764
346.789,0.0722053
346.829,0.0722053
346.908,0.0727032
346.989,0.0727032
347.029,0.0736585
347.109,0.0736585
347.189,0.0736179
347.229,0.0736179
347.309,0.0733333
347.388,0.0733333
347.429,0.0732724
347.508,0.0732724
347.589,0.0737703
347.674,0.0737703
347.709,0.0755081
347.789,0.0755081
347.829,0.0736585
347.908,0.0736585
347.988,0.0726829
348.028,0.0726829
348.108,0.0718496
348.189,0.0718496
348.228,0.0727134
348.308,0.0727134
348.389,0.072002
348.429,0.072002
348.509,0.0722663
348.589,0.0722663
348.628,0.0713618
348.709,0.0713618
348.789,0.0718801
348.828,0.0718801
348.909,0.0718902
348.989,0.0718902
349.028,0.0724695
349.108,0.0724695
349.189,0.0731098
349.228,0.0731098
349.355,0.0737906
349.389,0.0737906
349.429,0.0748882
349.508,0.0748882
349.589,0.0754167
349.628,0.0754167
349.709,0.0761484
349.788,0.0761484
349.829,0.0764939
349.909,0.0764939
349.989,0.0767683
350.029,0.0767683
350.109,0.090813
350.189,0.090813
350.229,0.121402
350.309,0.121402
350.389,0.162022
350.429,0.162022
350.509,0.179807
350.589,0.179807
350.629,0.18565
350.709,0.18565
350.789,0.189654
350.829,0.189654
350.909,0.182104
351.034,0.182104
351.051,0.154868
351.109,0.154868
351.189,0.152246
351.229,0.152246
351.309,0.1519
351.389,0.1519
351.429,0.151402
351.509,0.151402
351.589,0.152886
351.628,0.152886
351.709,0.154228
351.789,0.154228
351.829,0.156453
351.909,0.156453
351.989,0.157774
352.029,0.157774
352.109,0.159228
352.189,0.159228
352.229,0.177297
352.309,0.177297
352.389,0.205488
352.429,0.205488
352.509,0.224705
352.589,0.224705
352.672,0.231677
352.709,0.231677
352.789,0.238181
352.829,0.238181
352.909,0.237276
352.989,0.237276
353.029,0.238089
353.109,0.238089
353.189,0.237429
353.229,0.237429
353.309,0.235
353.389,0.235
353.429,0.235264
353.509,0.235264
353.589,0.238537
353.629,0.238537
353.709,0.240681
353.789,0.240681
353.828,0.242053
353.909,0.242053
353.989,0.239654
354.029,0.239654
354.109,0.241707
354.189,0.241707
354.228,0.243445
354.332,0.243445
354.389,0.246606
354.428,0.246606
354.509,0.246951
354.589,0.246951
354.628,0.246504
354.709,0.246504
354.789,0.252927
354.828,0.252927
354.909,0.269644
354.989,0.269644
355.029,0.291057
355.109,0.291057
355.189,0.310213
355.229,0.310213
355.309,0.313567
355.389,0.313567
355.429,0.314614
355.509,0.314614
355.589,0.31375
355.629,0.31375
355.709,0.314106
355.789,0.314106
355.829,0.315843
355.909,0.315843
355.993,0.318913
356.028,0.318913
356.109,0.319136
356.189,0.319136
356.228,0.318943
356.309,0.318943
356.389,0.332856
356.429,0.332856
356.509,0.350539
356.589,0.350539
356.629,0.367957
356.709,0.367957
356.789,0.388933
356.829,0.388933
356.909,0.394177
356.989,0.394177
357.029,0.399614
357.109,0.399614
357.189,0.408659
357.229,0.408659
357.309,0.409858
357.389,0.409858
357.429,0.412124
357.509,0.412124
357.589,0.415945
357.652,0.415945
357.709,0.431982
357.788,0.431982
357.829,0.4331
357.909,0.4331
357.989,0.434228
358.029,0.434228
358.109,0.43685
358.189,0.43685
358.229,0.437866
358.309,0.437866
358.389,0.435722
358.428,0.435722
358.509,0.435081
358.589,0.435081
358.629,0.440447
358.709,0.440447
358.789,0.460986
358.829,0.460986
358.909,0.479929
358.989,0.479929
359.029,0.497226
359.109,0.497226
359.189,0.517317
359.229,0.517317
359.332,0.526128
359.389,0.526128
359.429,0.529675
359.509,0.529675
359.589,0.531789
359.629,0.531789
359.709,0.530285
359.789,0.530285
359.828,0.533171
359.909,0.533171
359.988,0.536504
360.029,0.536504
360.109,0.539756
360.189,0.539756
360.228,0.540102
360.309,0.540102
360.389,0.541778
360.429,0.541778
360.509,0.544248
360.589,0.544248
360.629,0.548252
360.709,0.548252
360.789,0.572419
360.829,0.572419
360.909,0.592937
361.013,0.592937
361.03,0.603018
361.109,0.603018
361.189,0.614776
361.229,0.614776
361.309,0.62122
361.389,0.62122
361.429,0.625813
361.509,0.625813
361.589,0.631443
361.629,0.631443
361.709,0.639919
361.789,0.639919
361.829,0.651809
361.909,0.651809
361.989,0.672368
362.029,0.672368
362.109,0.681778
362.189,0.681778
362.229,0.688984
362.309,0.688984
362.389,0.699888
362.429,0.699888
362.509,0.707846
362.589,0.707846
362.672,0.719502
362.709,0.719502
362.789,0.71376
362.829,0.71376
362.909,0.710894
362.989,0.710894
363.029,0.704787
363.109,0.704787
363.189,0.70061
363.228,0.70061
363.309,0.697886
363.389,0.697886
363.429,0.695498
363.509,0.695498
363.589,0.69064
363.629,0.69064
363.709,0.685762
363.789,0.685762
363.829,0.675325
363.909,0.675325
363.989,0.665722
364.029,0.665722
364.109,0.655447
364.189,0.655447
364.229,0.647866
364.312,0.647866
364.389,0.624685
364.429,0.624685
364.504,0.621067
364.584,0.621067
364.623,0.616768
364.704,0.616768
364.784,0.616453
364.824,0.616453
364.904,0.622632
364.984,0.622632
365.024,0.628547
365.104,0.628547
365.184,0.638232
365.224,0.638232
365.304,0.644299
365.384,0.644299
365.424,0.651626
365.504,0.651626
365.584,0.66124
365.624,0.66124
365.704,0.668608
365.784,0.668608
365.824,0.676972
365.904,0.676972
366.027,0.679004
366.064,0.679004
366.104,0.683374
366.184,0.683374
366.224,0.686291
366.304,0.686291
366.384,0.689207
366.424,0.689207
366.524,0.689431
366.584,0.689431
366.624,0.689726
366.704,0.689726
366.784,0.690803
366.824,0.690803
366.904,0.689756
366.984,0.689756
367.024,0.687907
367.104,0.687907
367.184,0.684461
367.224,0.684461
367.304,0.685061
367.384,0.685061
367.424,0.687724
367.504,0.687724
367.584,0.699837
367.667,0.699837
367.704,0.698486
367.784,0.698486
367.824,0.711768
367.904,0.711768
367.984,0.725142
368.024,0.725142
368.104,0.732876
368.184,0.732876
368.224,0.733364
368.304,0.733364
368.384,0.740447
368.424,0.740447
368.504,0.739309
368.584,0.739309
368.624,0.739085
368.704,0.739085
368.784,0.739665
368.823,0.739665
368.904,0.743679
368.984,0.743679
369.024,0.744085
369.104,0.744085
369.184,0.744472
369.223,0.744472
369.327,0.728018
369.384,0.728018
369.423,0.730213
369.504,0.730213
369.584,0.731453
369.624,0.731453
369.704,0.738394
369.784,0.738394
369.824,0.74565
369.904,0.74565
369.984,0.757093
370.024,0.757093
370.104,0.765224
370.184,0.765224
370.224,0.773476
370.304,0.773476
370.384,0.784594
370.424,0.784594
370.504,0.801789
370.584,0.801789
370.624,0.81686
370.704,0.81686
370.784,0.837063
370.824,0.837063
370.904,0.852673
371.027,0.852673
371.044,0.860549
371.104,0.860549
371.184,0.872937
371.224,0.872937
371.304,0.877612
371.384,0.877612
371.424,0.878913
371.504,0.878913
371.584,0.877205
371.624,0.877205
371.704,0.877754
371.784,0.877754
371.824,0.875335
371.904,0.875335
371.984,0.873028
372.024,0.873028
372.104,0.867713
372.184,0.867713
372.224,0.862774
372.304,0.862774
372.384,0.856778
372.424,0.856778
372.504,0.854278
372.584,0.854278
372.627,0.837266
372.704,0.837266
372.784,0.833567
372.824,0.833567
372.904,0.831463
372.984,0.831463
373.024,0.829065
373.104,0.829065
373.184,0.826545
373.224,0.826545
373.304,0.827683
373.384,0.827683
373.424,0.834339
373.504,0.834339
373.584,0.844461
373.624,0.844461
373.704,0.852632
373.784,0.852632
373.824,0.860437
373.904,0.860437
373.984,0.86561
374.024,0.86561
374.104,0.865945
374.184,0.865945
374.224,0.866717
374.347,0.866717
374.384,0.857947
374.424,0.857947
374.504,0.857358
374.584,0.857358
374.624,0.857134
374.704,0.857134
374.784,0.858323
374.824,0.858323
374.904,0.859959
374.984,0.859959
375.024,0.862022
375.104,0.862022
375.184,0.862764
375.224,0.862764
375.304,0.865833
375.384,0.865833
375.424,0.865427
375.504,0.865427
375.584,0.869512
375.624,0.869512
375.704,0.870793
375.784,0.870793
375.824,0.869604
375.904,0.869604
375.988,0.839654
376.024,0.839654
376.104,0.840173
376.184,0.840173
376.224,0.841392
376.304,0.841392
376.384,0.843679
376.424,0.843679
376.504,0.84247
376.584,0.84247
376.624,0.844177
376.704,0.844177
376.784,0.847856
376.824,0.847856
376.904,0.848222
376.984,0.848222
377.024,0.849319
377.104,0.849319
377.184,0.851972
377.224,0.851972
377.304,0.854421
377.384,0.854421
377.424,0.854858
377.504,0.854858
377.584,0.856545
377.668,0.856545
377.704,0.844096
377.784,0.844096
377.824,0.847266
377.904,0.847266
377.984,0.851697
378.024,0.851697
378.104,0.854878
378.184,0.854878
378.224,0.856687
378.304,0.856687
378.384,0.859329
378.424,0.859329
378.504,0.863272
378.584,0.863272
378.624,0.868506
378.704,0.868506
378.784,0.872429
378.824,0.872429
378.904,0.876585
378.984,0.876585
379.024,0.877409
379.104,0.877409
379.184,0.875905
379.224,0.875905
379.347,0.871961
379.384,0.871961
379.424,0.871636
379.504,0.871636
379.584,0.872988
379.624,0.872988
379.704,0.870376
379.784,0.870376
379.824,0.869583
379.904,0.869583
379.984,0.86939
380.024,0.86939
380.104,0.868181
380.184,0.868181
380.224,0.868008
380.304,0.868008
380.384,0.86252
380.424,0.86252
380.504,0.856596
380.584,0.856596
380.624,0.853323
380.704,0.853323
380.784,0.852043
380.824,0.852043
380.904,0.849502
381.008,0.849502
381.025,0.820102
381.104,0.820102
381.184,0.820051
381.223,0.820051
381.304,0.820244
381.384,0.820244
381.423,0.819035
381.497,0.819035
381.577,0.819339
381.616,0.819339
381.697,0.819888
381.777,0.819888
381.817,0.820772
381.897,0.820772
381.977,0.820854
382.017,0.820854
382.097,0.821138
