0.119987,0.125061
0.1,0.125061
0.119987,0.125061
0.2,0.125061
0.280013,0.125061
0.319987,0.125061
0.4,0.188516
0.480013,0.188516
0.519987,0.188516
0.6,0.188516
0.680013,0.188516
0.719987,0.188516
0.8,0.20687
0.880013,0.20687
0.919987,0.20687
1,0.20687
1.08001,0.20687
1.11999,0.20687
1.2,0.218892
1.30404,0.218892
1.32103,0.218892
1.4,0.218892
1.48001,0.218892
1.54004,0.218892
1.6,0.228313
1.68001,0.228313
1.71999,0.228313
1.8,0.228313
1.88001,0.228313
1.91999,0.228313
2,0.231463
2.08001,0.231463
2.11999,0.231463
2.2,0.231463
2.28001,0.231463
2.31999,0.231463
2.4,0.232835
2.48001,0.232835
2.51999,0.232835
2.6,0.232835
2.68001,0.232835
2.71999,0.232835
2.8,0.236961
2.88001,0.236961
2.964,0.236961
3,0.236961
3.08001,0.236961
3.11999,0.236961
3.2,0.241748
3.28001,0.241748
3.31999,0.241748
3.4,0.241748
3.48001,0.241748
3.51999,0.241748
3.6,0.245528
3.68001,0.245528
3.71999,0.245528
3.8,0.245528
3.88001,0.245528
3.91999,0.245528
4,0.242581
4.08001,0.242581
4.11999,0.242581
4.2,0.242581
4.28001,0.242581
4.31999,0.242581
4.4,0.242886
4.48001,0.242886
4.51999,0.242886
4.64401,0.242886
4.68001,0.242886
4.71999,0.242886
4.8,0.246423
4.88001,0.246423
4.91999,0.246423
5,0.246423
5.08001,0.246423
5.11999,0.246423
5.2,0.256646
5.28001,0.256646
5.31999,0.256646
5.4,0.256646
5.48001,0.256646
5.51999,0.256646
5.6,0.28376
5.68001,0.28376
5.71999,0.28376
5.8,0.28376
5.88001,0.28376
5.91999,0.28376
6,0.314848
6.08001,0.314848
6.11999,0.314848
6.21999,0.314848
6.32298,0.314848
6.34004,0.314848
6.4,0.315945
6.48001,0.315945
6.51999,0.315945
6.6,0.315945
6.68001,0.315945
6.71999,0.315945
6.8,0.31751
6.88001,0.31751
6.91999,0.31751
7,0.31751
7.08001,0.31751
7.11999,0.31751
7.2,0.343181
7.28001,0.343181
7.31999,0.343181
7.4,0.343181
7.48001,0.343181
7.51999,0.343181
7.6,0.377266
7.68001,0.377266
7.71999,0.377266
7.8,0.377266
7.88001,0.377266
7.92298,0.377266
8,0.392561
8.08001,0.392561
8.11999,0.392561
8.2,0.392561
8.28001,0.392561
8.31999,0.392561
8.4,0.395803
8.48001,0.395803
8.51999,0.395803
8.6,0.395803
8.68001,0.395803
8.71999,0.395803
8.8,0.406707
8.88001,0.406707
8.91999,0.406707
9,0.406707
9.08001,0.406707
9.11999,0.406707
9.2,0.416463
9.28001,0.416463
9.31999,0.416463
9.4,0.416463
9.48001,0.416463
9.51999,0.416463
9.64303,0.407846
9.68001,0.407846
9.71999,0.407846
9.8,0.407846
9.88001,0.407846
9.91999,0.407846
10,0.40749
10.08,0.40749
10.12,0.40749
10.2,0.40749
10.28,0.40749
10.32,0.40749
10.4,0.407846
10.48,0.407846
10.52,0.407846
10.6,0.407846
10.68,0.407846
10.72,0.407846
10.8,0.403933
10.88,0.403933
10.92,0.403933
11,0.403933
11.08,0.403933
11.12,0.403933
11.2,0.401189
11.323,0.401189
11.34,0.401189
11.4,0.401189
11.48,0.401189
11.52,0.401189
11.6,0.403852
11.68,0.403852
11.72,0.403852
11.8,0.403852
11.88,0.403852
11.92,0.403852
12,0.397967
12.08,0.397967
12.12,0.397967
12.2,0.397967
12.28,0.397967
12.32,0.397967
12.4,0.387063
12.48,0.387063
12.52,0.387063
12.6,0.387063
12.68,0.387063
12.72,0.387063
12.8,0.379238
12.88,0.379238
12.963,0.379238
13,0.379238
13.08,0.379238
13.12,0.379238
13.2,0.368089
13.28,0.368089
13.32,0.368089
13.4,0.368089
13.48,0.368089
13.52,0.368089
13.6,0.368872
13.68,0.368872
13.72,0.368872
13.8,0.368872
13.88,0.368872
13.92,0.368872
14,0.366758
14.08,0.366758
14.12,0.366758
14.2,0.366758
14.28,0.366758
14.32,0.366758
14.4,0.366596
14.48,0.366596
14.52,0.366596
14.643,0.366596
14.68,0.366596
14.72,0.366596
14.8,0.366372
14.88,0.366372
14.92,0.366372
15,0.366372
15.08,0.366372
15.12,0.366372
15.2,0.366819
15.28,0.366819
15.32,0.366819
15.4,0.366819
15.48,0.366819
15.52,0.366819
15.6,0.369594
15.68,0.369594
15.72,0.369594
15.8,0.369594
15.88,0.369594
15.92,0.369594
16,0.371677
16.08,0.371677
16.12,0.371677
16.2,0.371677
16.323,0.371677
16.34,0.371677
16.4,0.377866
16.48,0.377866
16.52,0.377866
16.6,0.377866
16.68,0.377866
16.72,0.377866
16.8,0.373313
16.88,0.373313
16.92,0.373313
17,0.373313
17.08,0.373313
17.12,0.373313
17.2,0.37748
17.28,0.37748
17.32,0.37748
17.4,0.37748
17.48,0.37748
17.52,0.37748
17.6,0.379736
17.68,0.379736
17.72,0.379736
17.8,0.379736
17.88,0.379736
17.964,0.379736
18.02,0.38061
18.08,0.38061
18.12,0.38061
18.2,0.38061
18.28,0.38061
18.32,0.38061
18.4,0.382256
18.48,0.382256
18.52,0.382256
18.6,0.382256
18.68,0.382256
18.72,0.382256
18.8,0.385488
18.88,0.385488
18.92,0.385488
19,0.385488
19.08,0.385488
19.12,0.385488
19.2,0.37877
19.28,0.37877
19.32,0.37877
19.4,0.37877
19.48,0.37877
19.52,0.37877
19.643,0.377744
19.68,0.377744
19.72,0.377744
19.8,0.377744
19.88,0.377744
19.92,0.377744
20,0.378791
20.08,0.378791
20.12,0.378791
20.2,0.378791
20.28,0.378791
20.32,0.378791
20.4,0.379563
20.48,0.379563
20.52,0.379563
20.6,0.379563
20.68,0.379563
20.721,0.379563
20.8,0.380752
20.88,0.380752
20.92,0.380752
21,0.380752
21.08,0.380752
21.12,0.380752
21.2,0.382754
21.323,0.382754
21.34,0.382754
21.4,0.382754
21.48,0.382754
21.52,0.382754
21.62,0.382236
21.68,0.382236
21.72,0.382236
21.8,0.382236
21.88,0.382236
21.92,0.382236
22,0.383872
22.08,0.383872
22.12,0.383872
22.2,0.383872
22.28,0.383872
22.32,0.383872
22.4,0.385335
22.48,0.385335
22.52,0.385335
22.6,0.385335
22.68,0.385335
22.72,0.385335
22.8,0.385274
22.88,0.385274
22.963,0.385274
23,0.385274
23.08,0.385274
23.12,0.385274
23.2,0.378364
23.28,0.378364
23.32,0.378364
23.4,0.378364
23.48,0.378364
23.52,0.378364
23.6,0.379289
23.68,0.379289
23.72,0.379289
23.8,0.379289
23.88,0.379289
23.92,0.379289
24,0.379827
24.08,0.379827
24.12,0.379827
24.2,0.379827
24.28,0.379827
24.32,0.379827
24.4,0.382368
24.48,0.382368
24.52,0.382368
24.643,0.382368
24.68,0.382368
24.71,0.382368
24.79,0.382358
24.87,0.382358
24.91,0.382358
24.99,0.382358
25.07,0.382358
25.11,0.382358
25.19,0.38373
25.27,0.38373
25.33,0.38373
25.39,0.38373
25.47,0.38373
25.51,0.38373
25.59,0.390844
25.67,0.390844
25.71,0.390844
25.8,0.390844
25.88,0.390844
25.92,0.390844
26,0.392602
26.08,0.392602
26.12,0.392602
26.2,0.392602
26.304,0.392602
26.321,0.392602
26.4,0.397398
26.48,0.397398
26.52,0.397398
26.6,0.397398
26.68,0.397398
26.72,0.397398
26.8,0.400356
26.88,0.400356
26.92,0.400356
27,0.400356
27.08,0.400356
27.12,0.400356
27.2,0.403089
27.28,0.403089
27.32,0.403089
27.4,0.403089
27.48,0.403089
27.52,0.403089
27.6,0.409492
27.68,0.409492
27.72,0.409492
27.8,0.409492
27.88,0.409492
27.963,0.409492
28.02,0.425122
28.08,0.425122
28.12,0.425122
28.2,0.425122
28.28,0.425122
28.32,0.425122
28.4,0.428333
28.48,0.428333
28.52,0.428333
28.6,0.428333
28.68,0.428333
28.71,0.428333
28.79,0.433933
28.87,0.433933
28.91,0.433933
28.99,0.433933
29.07,0.433933
29.11,0.433933
29.19,0.434756
29.27,0.434756
29.31,0.434756
29.39,0.434756
29.47,0.434756
29.51,0.434756
29.613,0.437967
29.67,0.437967
29.71,0.437967
29.79,0.437967
29.87,0.437967
29.91,0.437967
29.99,0.437348
30.07,0.437348
30.11,0.437348
30.19,0.437348
30.27,0.437348
30.31,0.437348
30.39,0.438557
30.47,0.438557
30.51,0.438557
30.59,0.438557
30.67,0.438557
30.71,0.438557
30.8,0.439888
30.88,0.439888
30.92,0.439888
31,0.439888
31.08,0.439888
31.12,0.439888
31.2,0.440549
31.283,0.440549
31.32,0.440549
31.4,0.440549
31.48,0.440549
31.52,0.440549
31.6,0.436555
31.68,0.436555
31.72,0.436555
31.8,0.436555
31.88,0.436555
31.92,0.436555
32,0.438425
32.08,0.438425
32.12,0.438425
32.2,0.438425
32.28,0.438425
32.32,0.438425
32.4,0.441646
32.48,0.441646
32.52,0.441646
32.6,0.441646
32.68,0.441646
32.709,0.441646
32.79,0.443445
32.87,0.443445
32.934,0.443445
32.99,0.443445
33.07,0.443445
33.11,0.443445
33.19,0.451646
33.27,0.451646
33.31,0.451646
33.41,0.451646
33.47,0.451646
33.51,0.451646
33.59,0.508791
33.67,0.508791
33.71,0.508791
33.79,0.508791
33.87,0.508791
33.91,0.508791
33.99,0.538852
34.07,0.538852
34.11,0.538852
34.19,0.538852
34.27,0.538852
34.31,0.538852
34.39,0.541433
34.47,0.541433
34.51,0.541433
34.634,0.541433
34.67,0.541433
34.71,0.541433
34.8,0.520986
34.88,0.520986
34.92,0.520986
35,0.520986
35.08,0.520986
35.12,0.520986
35.2,0.524014
35.28,0.524014
35.32,0.524014
35.4,0.524014
35.48,0.524014
35.52,0.524014
35.6,0.534939
35.68,0.534939
35.71,0.534939
35.79,0.534939
35.87,0.534939
35.91,0.534939
35.99,0.540447
36.07,0.540447
36.11,0.540447
36.19,0.540447
36.295,0.540447
36.312,0.540447
36.39,0.542866
36.47,0.542866
36.51,0.542866
36.59,0.542866
36.67,0.542866
36.71,0.542866
36.79,0.549644
36.87,0.549644
36.91,0.549644
36.99,0.549644
37.07,0.549644
37.11,0.549644
37.19,0.552154
37.27,0.552154
37.31,0.552154
37.39,0.552154
37.47,0.552154
37.51,0.552154
37.59,0.548059
37.67,0.548059
37.714,0.548059
37.79,0.548059
37.87,0.548059
37.954,0.548059
38.01,0.561707
38.07,0.561707
38.11,0.561707
38.19,0.561707
38.27,0.561707
38.31,0.561707
38.39,0.594594
38.47,0.594594
38.51,0.594594
38.59,0.594594
38.67,0.594594
38.71,0.594594
38.8,0.619776
38.88,0.619776
38.92,0.619776
39,0.619776
39.08,0.619776
39.12,0.619776
39.2,0.636951
39.28,0.636951
39.32,0.636951
39.4,0.636951
39.48,0.636951
39.52,0.636951
39.644,0.630091
39.68,0.630091
39.72,0.630091
39.8,0.630091
39.88,0.630091
39.92,0.630091
40,0.63627
40.08,0.63627
40.12,0.63627
40.2,0.63627
40.28,0.63627
40.32,0.63627
40.4,0.654827
40.48,0.654827
40.52,0.654827
40.6,0.654827
40.68,0.654827
40.709,0.654827
40.79,0.666667
40.87,0.666667
40.91,0.666667
40.99,0.666667
41.07,0.666667
41.11,0.666667
41.19,0.683211
41.315,0.683211
41.332,0.683211
41.39,0.683211
41.47,0.683211
41.51,0.683211
41.59,0.688435
41.67,0.688435
41.71,0.688435
41.79,0.688435
41.87,0.688435
41.91,0.688435
41.99,0.691189
42.07,0.691189
42.11,0.691189
42.19,0.691189
42.27,0.691189
42.31,0.691189
42.39,0.690864
42.47,0.690864
42.51,0.690864
42.59,0.690864
42.67,0.690864
42.71,0.690864
42.8,0.693283
42.88,0.693283
42.964,0.693283
43.02,0.693283
43.08,0.693283
43.12,0.693283
43.2,0.705417
43.28,0.705417
43.32,0.705417
43.4,0.705417
43.48,0.705417
43.52,0.705417
43.6,0.710112
43.68,0.710112
43.72,0.710112
43.8,0.710112
43.88,0.710112
43.92,0.710112
44,0.714624
44.08,0.714624
44.12,0.714624
44.2,0.714624
44.28,0.714624
44.32,0.714624
44.4,0.72502
44.48,0.72502
44.52,0.72502
44.644,0.72502
44.68,0.72502
44.708,0.72502
44.79,0.732094
44.87,0.732094
44.91,0.732094
44.99,0.732094
45.07,0.732094
45.11,0.732094
45.19,0.740691
45.27,0.740691
45.31,0.740691
45.39,0.740691
45.47,0.740691
45.51,0.740691
45.59,0.746596
45.67,0.746596
45.71,0.746596
45.79,0.746596
45.87,0.746596
45.91,0.746596
45.99,0.751321
46.07,0.751321
46.11,0.751321
46.19,0.751321
46.315,0.751321
46.332,0.751321
46.39,0.753577
46.47,0.753577
46.51,0.753577
46.59,0.753577
46.67,0.753577
46.71,0.753577
46.8,0.755102
46.88,0.755102
46.92,0.755102
47,0.755102
47.08,0.755102
47.12,0.755102
47.2,0.753923
47.28,0.753923
47.32,0.753923
47.4,0.753923
47.48,0.753923
47.52,0.753923
47.6,0.755935
47.68,0.755935
47.72,0.755935
47.8,0.755935
47.88,0.755935
47.964,0.755935
48,0.742622
48.08,0.742622
48.12,0.742622
48.2,0.742622
48.28,0.742622
48.32,0.742622
48.4,0.743933
48.48,0.743933
48.52,0.743933
48.6,0.743933
48.68,0.743933
48.708,0.743933
48.8,0.740945
48.88,0.740945
48.92,0.740945
49,0.740945
49.08,0.740945
49.12,0.740945
49.2,0.735742
49.28,0.735742
49.32,0.735742
49.4,0.735742
49.48,0.735742
49.52,0.735742
49.646,0.723486
49.68,0.723486
49.72,0.723486
49.8,0.723486
49.88,0.723486
49.92,0.723486
50,0.720274
50.08,0.720274
50.12,0.720274
50.2,0.720274
50.28,0.720274
50.32,0.720274
50.4,0.719035
50.48,0.719035
50.52,0.719035
50.6,0.719035
50.68,0.719035
50.72,0.719035
50.8,0.715467
50.88,0.715467
50.92,0.715467
51,0.715467
51.08,0.715467
51.12,0.715467
51.2,0.708455
51.326,0.708455
51.343,0.708455
51.4,0.708455
51.48,0.708455
51.52,0.708455
51.6,0.695356
51.68,0.695356
51.72,0.695356
51.8,0.695356
51.88,0.695356
51.92,0.695356
52,0.697398
52.08,0.697398
52.12,0.697398
52.2,0.697398
52.28,0.697398
52.32,0.697398
52.4,0.708943
52.48,0.708943
52.52,0.708943
52.6,0.708943
52.68,0.708943
52.708,0.708943
52.8,0.733516
52.88,0.733516
52.966,0.733516
53.02,0.733516
53.08,0.733516
53.12,0.733516
53.2,0.762297
53.28,0.762297
53.32,0.762297
53.4,0.762297
53.48,0.762297
53.52,0.762297
53.6,0.780549
53.68,0.780549
53.72,0.780549
53.8,0.780549
53.88,0.780549
53.92,0.780549
54,0.787439
54.08,0.787439
54.12,0.787439
54.2,0.787439
54.28,0.787439
54.32,0.787439
54.4,0.785579
54.48,0.785579
54.52,0.785579
54.646,0.785579
54.68,0.785579
54.72,0.785579
54.79,0.767744
54.87,0.767744
54.91,0.767744
54.99,0.767744
55.07,0.767744
55.11,0.767744
55.19,0.76373
55.27,0.76373
55.31,0.76373
55.39,0.76373
55.47,0.76373
55.51,0.76373
55.59,0.760752
55.67,0.760752
55.71,0.760752
55.79,0.760752
55.87,0.760752
55.91,0.760752
55.99,0.757978
56.07,0.757978
56.11,0.757978
56.19,0.757978
56.316,0.757978
56.333,0.757978
56.39,0.751199
56.47,0.751199
56.51,0.751199
56.59,0.751199
56.67,0.751199
56.71,0.751199
56.79,0.753801
56.87,0.753801
56.91,0.753801
56.99,0.753801
57.07,0.753801
57.11,0.753801
57.19,0.753181
57.27,0.753181
57.31,0.753181
57.39,0.753181
57.47,0.753181
57.51,0.753181
57.59,0.75439
57.67,0.75439
57.712,0.75439
57.79,0.75439
57.87,0.75439
57.955,0.75439
58.01,0.754146
58.07,0.754146
58.11,0.754146
58.19,0.754146
58.27,0.754146
58.31,0.754146
58.39,0.754858
58.47,0.754858
58.51,0.754858
59.636,0.754858
58.6165,0.754858
59.71,0.754858
58.7365,0.754766
58.8165,0.754766
58.8565,0.754766
58.9365,0.754766
59.0165,0.754766
59.0565,0.754766
59.1365,0.753831
59.2165,0.753831
59.2565,0.753831
59.3365,0.753831
59.4165,0.753831
59.4565,0.753831
59.5365,0.753923
59.6165,0.753923
59.6565,0.753923
59.7365,0.753923
59.8165,0.753923
59.8565,0.753923
59.9365,0.753547
60.0165,0.753547
60.0565,0.753547
60.1365,0.753547
60.2625,0.753547
60.2965,0.753547
60.3365,0.75252
60.4165,0.75252
60.4565,0.75252
60.5365,0.75252
60.6165,0.75252
60.6565,0.75252
60.7365,0.753232
60.8165,0.753232
60.8565,0.753232
60.9365,0.753232
61.0165,0.753232
61.0565,0.753232
61.1365,0.753516
61.2165,0.753516
61.2565,0.753516
61.3365,0.753516
61.4165,0.753516
61.4565,0.753516
61.5365,0.754014
61.6165,0.754014
61.6565,0.754014
61.7365,0.754014
61.8165,0.754014
61.9025,0.754014
61.9365,0.750965
62.0165,0.750965
62.0565,0.750965
62.1365,0.750965
62.2165,0.750965
62.2565,0.750965
62.3365,0.752866
62.4165,0.752866
62.4565,0.752866
62.5365,0.752866
62.6165,0.752866
62.6565,0.752866
62.7365,0.757053
62.8165,0.757053
62.8565,0.757053
62.9365,0.757053
63.0165,0.757053
63.0565,0.757053
63.1365,0.757317
63.2165,0.757317
63.2565,0.757317
63.3365,0.757317
63.4165,0.757317
63.4565,0.757317
63.5825,0.756321
63.6365,0.756321
63.6585,0.756321
63.7365,0.756321
63.8165,0.756321
63.8765,0.756321
63.9365,0.760366
64.0165,0.760366
64.0565,0.760366
64.1365,0.760366
64.2165,0.760366
64.2565,0.760366
64.3365,0.763567
64.4165,0.763567
64.4565,0.763567
64.5365,0.763567
64.6165,0.763567
64.6565,0.763567
64.7365,0.768069
64.8165,0.768069
64.8565,0.768069
64.9365,0.768069
65.0165,0.768069
65.0565,0.768069
65.1365,0.771433
65.2625,0.771433
65.2795,0.771433
65.3365,0.771433
65.4165,0.771433
65.4565,0.771433
65.5365,0.765894
65.6165,0.765894
65.6565,0.765894
65.7365,0.765894
65.8165,0.765894
65.8565,0.765894
65.9375,0.763171
66.0165,0.763171
66.0565,0.763171
66.1365,0.763171
66.2165,0.763171
66.2565,0.763171
66.3365,0.762906
66.4165,0.762906
66.4565,0.762906
66.5365,0.762906
66.6165,0.762906
66.6565,0.762906
66.7365,0.7606
66.8165,0.7606
66.9025,0.7606
66.9365,0.7606
67.0165,0.7606
67.0565,0.7606
67.1365,0.758587
67.2165,0.758587
68.5815,0.758587
67.3239,0.758587
68.6565,0.758587
67.444,0.758587
67.5239,0.766037
67.564,0.766037
67.644,0.766037
67.7239,0.766037
67.764,0.766037
67.844,0.766037
67.9239,0.765955
67.984,0.765955
68.044,0.765955
68.1239,0.765955
68.164,0.765955
68.244,0.765955
68.3239,0.766829
68.364,0.766829
68.444,0.766829
68.5239,0.766829
68.564,0.766829
68.644,0.766829
68.7239,0.767266
68.764,0.767266
68.844,0.767266
68.97,0.767266
68.987,0.767266
69.044,0.767266
69.1239,0.763313
69.164,0.763313
69.244,0.763313
69.3239,0.763313
69.364,0.763313
69.444,0.763313
69.5239,0.763557
69.564,0.763557
69.644,0.763557
69.7239,0.763557
69.764,0.763557
69.844,0.763557
69.9239,0.764634
69.964,0.764634
70.044,0.764634
70.1239,0.764634
70.164,0.764634
70.244,0.764634
70.3239,0.764431
70.364,0.764431
70.4539,0.764431
70.534,0.764431
70.6209,0.764431
70.6539,0.764431
70.734,0.762896
70.7739,0.762896
70.8539,0.762896
70.934,0.762896
70.9739,0.762896
71.054,0.762896
71.134,0.765081
71.1739,0.765081
71.254,0.765081
71.334,0.765081
71.3739,0.765081
71.4539,0.765081
71.534,0.76561
71.5739,0.76561
71.6539,0.76561
71.734,0.76561
71.7739,0.76561
71.8539,0.76561
71.934,0.766839
71.9739,0.766839
72.054,0.766839
72.134,0.766839
72.1739,0.766839
72.301,0.766839
72.334,0.768404
72.3739,0.768404
72.4539,0.768404
72.534,0.768404
72.5739,0.768404
72.6539,0.768404
72.734,0.770589
72.7739,0.770589
72.8539,0.770589
72.934,0.770589
72.9739,0.770589
73.054,0.770589
73.134,0.769248
73.1739,0.769248
73.254,0.769248
73.334,0.769248
73.3739,0.769248
73.4539,0.769248
73.534,0.769278
73.5739,0.769278
73.6539,0.769278
73.734,0.769278
73.7739,0.769278
73.8539,0.769278
73.981,0.767764
73.998,0.767764
74.054,0.767764
74.134,0.767764
74.1739,0.767764
74.254,0.767764
74.334,0.768526
74.361,0.768526
74.4539,0.768526
74.534,0.768526
74.5739,0.768526
74.6739,0.768526
74.734,0.768079
74.7739,0.768079
74.8539,0.768079
74.934,0.768079
74.9739,0.768079
75.054,0.768079
75.134,0.775884
75.1739,0.775884
75.254,0.775884
75.334,0.775884
75.3739,0.775884
75.4539,0.775884
75.534,0.775681
75.6209,0.775681
75.6539,0.775681
75.734,0.775681
75.7739,0.775681
75.8539,0.775681
75.934,0.773679
75.9739,0.773679
76.054,0.773679
76.134,0.773679
76.1739,0.773679
76.254,0.773679
76.334,0.777551
76.359,0.777551
76.4539,0.777551
76.534,0.777551
76.5739,0.777551
76.6539,0.777551
76.734,0.77378
76.7739,0.77378
76.8539,0.77378
76.934,0.77378
76.9739,0.77378
77.054,0.77378
77.134,0.774807
77.1739,0.774807
77.301,0.774807
77.356,0.774807
77.3739,0.774807
77.4539,0.774807
77.534,0.779136
77.5739,0.779136
77.6539,0.779136
77.734,0.779136
77.794,0.779136
77.8539,0.779136
77.934,0.774868
77.9739,0.774868
78.054,0.774868
78.134,0.774868
78.1739,0.774868
78.254,0.774868
78.334,0.7725
78.364,0.7725
78.444,0.7725
78.5239,0.7725
78.564,0.7725
78.644,0.7725
78.7239,0.770396
78.764,0.770396
78.844,0.770396
78.97,0.770396
78.987,0.770396
79.044,0.770396
79.1239,0.76437
79.164,0.76437
79.244,0.76437
79.3239,0.76437
79.3679,0.76437
79.444,0.76437
79.5239,0.765579
79.564,0.765579
79.645,0.765579
79.7239,0.765579
79.764,0.765579
79.844,0.765579
79.9239,0.767154
79.964,0.767154
80.044,0.767154
80.1239,0.767154
80.164,0.767154
80.244,0.767154
80.3239,0.767459
80.364,0.767459
80.444,0.767459
80.5239,0.767459
80.609,0.767459
80.644,0.767459
80.7239,0.764339
80.764,0.764339
80.844,0.764339
80.9239,0.764339
80.964,0.764339
81.044,0.764339
81.1239,0.765508
81.164,0.765508
81.244,0.765508
81.3239,0.765508
81.364,0.765508
81.444,0.765508
81.5239,0.767256
81.564,0.767256
81.644,0.767256
81.7239,0.767256
81.764,0.767256
81.844,0.767256
81.9239,0.769258
81.964,0.769258
82.044,0.769258
82.1239,0.769258
82.164,0.769258
82.25,0.769258
82.3239,0.770437
82.3679,0.770437
82.444,0.770437
82.5239,0.770437
82.564,0.770437
82.644,0.770437
82.7239,0.775173
82.764,0.775173
82.844,0.775173
82.9239,0.775173
82.964,0.775173
83.044,0.775173
83.1239,0.769766
83.164,0.769766
83.244,0.769766
83.3239,0.769766
83.364,0.769766
83.444,0.769766
83.5239,0.767683
83.564,0.767683
83.644,0.767683
83.7239,0.767683
83.764,0.767683
83.844,0.767683
83.97,0.762581
83.987,0.762581
84.044,0.762581
84.1239,0.762581
84.164,0.762581
84.244,0.762581
84.3239,0.764146
84.364,0.764146
84.444,0.764146
84.5239,0.764146
84.564,0.764146
84.644,0.764146
84.7239,0.764644
84.764,0.764644
84.844,0.764644
84.9239,0.764644
84.964,0.764644
85.044,0.764644
85.1239,0.765163
85.164,0.765163
85.244,0.765163
85.3239,0.765163
85.364,0.765163
85.444,0.765163
85.5239,0.763618
85.609,0.763618
85.644,0.763618
85.7239,0.763618
85.764,0.763618
85.844,0.763618
85.9239,0.76499
85.964,0.76499
86.044,0.76499
86.1239,0.76499
86.164,0.76499
86.244,0.76499
86.3239,0.771067
86.364,0.771067
86.4539,0.771067
86.534,0.771067
86.5739,0.771067
86.6539,0.771067
86.734,0.773791
86.7739,0.773791
86.8539,0.773791
86.934,0.773791
86.9739,0.773791
87.054,0.773791
87.134,0.775132
87.1739,0.775132
87.301,0.775132
87.334,0.775132
87.3569,0.775132
87.4539,0.775132
87.534,0.771169
87.5739,0.771169
87.6539,0.771169
87.734,0.771169
87.7739,0.771169
87.8539,0.771169
87.934,0.769837
87.9739,0.769837
88.054,0.769837
88.134,0.769837
88.1739,0.769837
88.2539,0.769837
88.334,0.769624
88.358,0.769624
88.4539,0.769624
88.534,0.769624
88.5739,0.769624
88.6539,0.769624
88.734,0.769146
88.7739,0.769146
88.8539,0.769146
88.98,0.769146
88.997,0.769146
89.054,0.769146
89.134,0.768557
89.1739,0.768557
89.2539,0.768557
89.334,0.768557
89.3569,0.768557
89.4539,0.768557
89.534,0.768974
89.5739,0.768974
89.6539,0.768974
89.734,0.768974
89.7739,0.768974
89.8539,0.768974
89.934,0.770894
89.9739,0.770894
90.054,0.770894
90.134,0.770894
90.1739,0.770894
90.2539,0.770894
90.334,0.773913
90.361,0.773913
90.4539,0.773913
90.534,0.773913
90.62,0.773913
90.6539,0.773913
90.734,0.774217
90.7739,0.774217
90.8539,0.774217
90.934,0.774217
90.9739,0.774217
91.054,0.774217
91.134,0.775518
91.1739,0.775518
91.2539,0.775518
91.3349,0.775518
91.358,0.775518
91.444,0.775518
91.5239,0.776657
91.564,0.776657
91.644,0.776657
91.7239,0.776657
91.764,0.776657
91.844,0.776657
91.9239,0.773496
91.964,0.773496
92.044,0.773496
92.1239,0.773496
92.164,0.773496
92.289,0.773496
92.3239,0.764573
92.364,0.764573
92.444,0.764573
92.5239,0.764573
92.564,0.764573
92.644,0.764573
92.7239,0.762785
92.764,0.762785
92.844,0.762785
92.9239,0.762785
92.964,0.762785
93.044,0.762785
93.1239,0.762307
93.164,0.762307
93.244,0.762307
93.3239,0.762307
93.365,0.762307
93.444,0.762307
93.5239,0.761057
93.564,0.761057
93.644,0.761057
93.7239,0.761057
93.764,0.761057
93.844,0.761057
93.95,0.759766
93.967,0.759766
94.044,0.759766
94.1239,0.759766
94.164,0.759766
94.244,0.759766
94.3239,0.762906
94.364,0.762906
94.444,0.762906
94.5239,0.762906
94.564,0.762906
94.644,0.762906
94.7239,0.768679
94.764,0.768679
94.844,0.768679
94.9239,0.768679
94.964,0.768679
95.044,0.768679
95.1239,0.771809
95.164,0.771809
95.244,0.771809
95.3239,0.771809
95.364,0.771809
95.444,0.771809
95.5239,0.782459
95.609,0.782459
95.644,0.782459
95.7239,0.782459
95.764,0.782459
95.844,0.782459
95.9239,0.788984
95.964,0.788984
96.044,0.788984
96.1239,0.788984
96.164,0.788984
96.244,0.788984
96.3239,0.796626
96.364,0.796626
96.444,0.796626
96.5239,0.796626
96.564,0.796626
96.644,0.796626
96.7239,0.798089
96.764,0.798089
96.844,0.798089
96.9239,0.798089
96.964,0.798089
97.044,0.798089
97.1239,0.800803
97.164,0.800803
97.289,0.800803
97.3239,0.800803
97.364,0.800803
97.444,0.800803
97.5239,0.797998
97.564,0.797998
97.644,0.797998
97.7239,0.797998
97.764,0.797998
97.844,0.797998
97.9239,0.787327
97.964,0.787327
98.044,0.787327
98.1239,0.787327
98.164,0.787327
98.244,0.787327
98.3239,0.761646
98.364,0.761646
98.444,0.761646
98.5239,0.761646
98.564,0.761646
98.644,0.761646
98.7239,0.728486
98.764,0.728486
98.844,0.728486
98.969,0.728486
98.986,0.728486
99.044,0.728486
99.1239,0.693648
99.164,0.693648
99.244,0.693648
99.3239,0.693648
99.3659,0.693648
99.444,0.693648
99.5239,0.661281
99.564,0.661281
99.644,0.661281
99.7239,0.661281
99.764,0.661281
99.844,0.661281
99.9239,0.639614
99.964,0.639614
100.044,0.639614
100.124,0.639614
100.164,0.639614
100.244,0.639614
100.324,0.631687
100.364,0.631687
100.444,0.631687
100.524,0.631687
100.608,0.631687
100.644,0.631687
100.724,0.604746
100.764,0.604746
100.844,0.604746
100.924,0.604746
100.964,0.604746
101.044,0.604746
101.124,0.593841
101.164,0.593841
101.244,0.593841
101.324,0.593841
101.364,0.593841
101.444,0.593841
101.524,0.601596
101.564,0.601596
101.644,0.601596
101.724,0.601596
101.764,0.601596
101.844,0.601596
101.924,0.584685
101.964,0.584685
102.044,0.584685
102.124,0.584685
102.164,0.584685
102.288,0.584685
102.324,0.564197
102.367,0.564197
102.444,0.564197
102.524,0.564197
102.564,0.564197
102.644,0.564197
102.724,0.533811
102.764,0.533811
102.844,0.533811
102.924,0.533811
102.964,0.533811
103.044,0.533811
103.124,0.525417
103.164,0.525417
103.244,0.525417
103.324,0.525417
103.364,0.525417
103.444,0.525417
103.524,0.547967
103.564,0.547967
103.644,0.547967
103.724,0.547967
103.764,0.547967
103.844,0.547967
103.948,0.566433
103.965,0.566433
104.064,0.566433
104.124,0.566433
104.164,0.566433
104.244,0.566433
104.324,0.578171
104.364,0.578171
104.444,0.578171
104.524,0.578171
104.564,0.578171
104.644,0.578171
104.724,0.576159
104.764,0.576159
104.844,0.576159
104.924,0.576159
104.964,0.576159
105.044,0.576159
105.124,0.577652
105.164,0.577652
105.244,0.577652
105.324,0.577652
105.364,0.577652
105.444,0.577652
105.524,0.584421
105.587,0.584421
105.644,0.584421
105.724,0.584421
105.764,0.584421
105.844,0.584421
105.924,0.56315
105.964,0.56315
106.044,0.56315
106.124,0.56315
106.164,0.56315
106.244,0.56315
106.324,0.599624
106.364,0.599624
106.444,0.599624
106.524,0.599624
106.564,0.599624
106.644,0.599624
106.724,0.659411
106.764,0.659411
106.844,0.659411
106.924,0.659411
106.964,0.659411
107.044,0.659411
107.124,0.684563
107.164,0.684563
107.268,0.684563
107.344,0.684563
107.364,0.684563
107.444,0.684563
107.524,0.686636
107.564,0.686636
107.644,0.686636
107.724,0.686636
107.764,0.686636
107.844,0.686636
107.924,0.656118
107.964,0.656118
108.044,0.656118
108.124,0.656118
108.164,0.656118
108.244,0.656118
108.324,0.66872
108.364,0.66872
108.455,0.66872
108.535,0.66872
108.554,0.66872
108.635,0.66872
108.714,0.694776
108.754,0.694776
108.835,0.694776
108.939,0.694776
108.956,0.694776
109.034,0.694776
109.114,0.717205
109.154,0.717205
109.235,0.717205
109.314,0.717205
109.357,0.717205
109.434,0.717205
109.515,0.761443
109.554,0.761443
109.635,0.761443
109.714,0.761443
109.754,0.761443
109.834,0.761443
109.915,0.774959
109.955,0.774959
110.034,0.774959
110.114,0.774959
110.154,0.774959
110.235,0.774959
110.314,0.74311
110.357,0.74311
110.434,0.74311
110.515,0.74311
110.579,0.74311
110.635,0.74311
110.714,0.72188
110.754,0.72188
110.834,0.72188
110.914,0.72188
110.955,0.72188
111.034,0.72188
111.114,0.695102
111.154,0.695102
111.235,0.695102
111.314,0.695102
111.357,0.695102
111.434,0.695102
111.515,0.655783
111.554,0.655783
111.635,0.655783
111.714,0.655783
111.754,0.655783
111.834,0.655783
111.914,0.634278
111.955,0.634278
112.034,0.634278
112.114,0.634278
112.154,0.634278
112.278,0.634278
112.314,0.61813
112.357,0.61813
112.434,0.61813
112.515,0.61813
112.554,0.61813
112.635,0.61813
112.714,0.660274
112.754,0.660274
112.834,0.660274
112.914,0.660274
112.955,0.660274
113.034,0.660274
113.114,0.697266
113.154,0.697266
113.235,0.697266
113.314,0.697266
113.357,0.697266
113.434,0.697266
113.515,0.690183
113.554,0.690183
113.635,0.690183
113.714,0.690183
113.754,0.690183
113.834,0.690183
113.939,0.626799
113.974,0.626799
114.034,0.626799
114.114,0.626799
114.154,0.626799
114.234,0.626799
114.314,0.564848
114.357,0.564848
114.434,0.564848
114.514,0.564848
114.554,0.564848
114.634,0.564848
114.714,0.53937
114.754,0.53937
114.834,0.53937
114.914,0.53937
114.954,0.53937
115.034,0.53937
115.114,0.49937
115.154,0.49937
115.235,0.49937
115.335,0.49937
115.357,0.49937
115.454,0.49937
115.514,0.481961
115.558,0.481961
115.634,0.481961
115.714,0.481961
115.754,0.481961
115.834,0.481961
115.914,0.489624
115.974,0.489624
116.034,0.489624
116.114,0.489624
116.154,0.489624
116.235,0.489624
116.314,0.456596
116.357,0.456596
116.434,0.456596
116.514,0.456596
116.554,0.456596
116.634,0.456596
116.714,0.461524
116.754,0.461524
116.834,0.461524
116.914,0.461524
116.954,0.461524
117.034,0.461524
117.114,0.444726
117.154,0.444726
117.278,0.444726
117.314,0.444726
117.357,0.444726
117.434,0.444726
117.514,0.426646
117.554,0.426646
117.634,0.426646
117.714,0.426646
117.754,0.426646
117.834,0.426646
117.914,0.452693
117.955,0.452693
118.034,0.452693
118.114,0.452693
118.154,0.452693
118.234,0.452693
118.314,0.415904
118.357,0.415904
118.434,0.415904
118.514,0.415904
118.554,0.415904
118.634,0.415904
118.714,0.39565
118.754,0.39565
118.834,0.39565
118.939,0.39565
118.974,0.39565
119.034,0.39565
119.114,0.38247
119.154,0.38247
119.234,0.38247
119.314,0.38247
119.357,0.38247
119.434,0.38247
119.514,0.399604
119.554,0.399604
119.635,0.399604
119.714,0.399604
119.754,0.399604
119.834,0.399604
119.914,0.418283
119.955,0.418283
120.034,0.418283
120.114,0.418283
120.154,0.418283
120.234,0.418283
120.314,0.418821
120.357,0.418821
120.434,0.418821
120.514,0.418821
120.598,0.418821
120.634,0.418821
120.714,0.387348
120.754,0.387348
120.834,0.387348
120.914,0.387348
120.954,0.387348
121.034,0.387348
121.114,0.391677
121.154,0.391677
121.234,0.391677
121.314,0.391677
121.357,0.391677
121.434,0.391677
121.514,0.436392
121.554,0.436392
121.634,0.436392
121.714,0.436392
121.754,0.436392
121.834,0.436392
121.914,0.470823
121.954,0.470823
122.034,0.470823
122.114,0.470823
122.154,0.470823
122.238,0.470823
122.314,0.465244
122.357,0.465244
122.434,0.465244
122.514,0.465244
122.554,0.465244
122.634,0.465244
122.714,0.42997
122.754,0.42997
122.834,0.42997
122.914,0.42997
122.954,0.42997
123.034,0.42997
123.114,0.373547
123.154,0.373547
123.234,0.373547
123.314,0.373547
123.354,0.373547
123.434,0.373547
123.514,0.300589
123.554,0.300589
123.634,0.300589
123.714,0.300589
123.754,0.300589
123.834,0.300589
123.979,0.277134
123.996,0.277134
124.034,0.277134
124.114,0.277134
124.154,0.277134
124.234,0.277134
124.314,0.318791
124.357,0.318791
124.434,0.318791
124.514,0.318791
124.554,0.318791
124.634,0.318791
124.714,0.389776
124.754,0.389776
124.834,0.389776
124.914,0.389776
124.954,0.389776
125.034,0.389776
125.114,0.38
125.154,0.38
125.235,0.38
125.314,0.38
125.357,0.38
125.434,0.38
125.515,0.390833
125.598,0.390833
125.655,0.390833
125.714,0.390833
125.754,0.390833
125.854,0.390833
125.914,0.427358
125.954,0.427358
126.034,0.427358
126.114,0.427358
126.154,0.427358
126.234,0.427358
126.314,0.435173
126.357,0.435173
126.434,0.435173
126.514,0.435173
126.554,0.435173
126.634,0.435173
126.714,0.488272
126.754,0.488272
126.834,0.488272
126.914,0.488272
126.954,0.488272
127.034,0.488272
127.114,0.488699
127.154,0.488699
127.238,0.488699
127.314,0.488699
127.357,0.488699
127.434,0.488699
127.514,0.383709
127.554,0.383709
127.634,0.383709
127.714,0.383709
127.754,0.383709
127.834,0.383709
127.914,0.302358
127.954,0.302358
128.034,0.302358
128.114,0.302358
128.154,0.302358
128.234,0.302358
128.314,0.271494
128.357,0.271494
128.434,0.271494
128.514,0.271494
128.554,0.271494
128.634,0.271494
128.714,0.21253
128.754,0.21253
128.834,0.21253
128.918,0.21253
128.954,0.21253
129.034,0.21253
129.114,0.192785
129.154,0.192785
129.234,0.192785
129.314,0.192785
129.357,0.192785
129.434,0.192785
129.514,0.17811
129.554,0.17811
129.635,0.17811
129.714,0.17811
129.754,0.17811
129.834,0.17811
129.914,0.14065
129.954,0.14065
130.034,0.14065
130.114,0.14065
130.154,0.14065
130.234,0.14065
130.314,0.0909451
130.357,0.0909451
130.434,0.0909451
130.514,0.0909451
130.598,0.0909451
130.635,0.0909451
130.714,0.0433028
130.754,0.0433028
130.834,0.0433028
130.914,0.0433028
130.954,0.0433028
131.034,0.0433028
131.114,0.00400406
131.154,0.00400406
131.234,0.00400406
131.314,0.00400406
131.357,0.00400406
131.434,0.00400406
131.514,0.00132114
131.554,0.00132114
131.634,0.00132114
131.714,0.00132114
131.754,0.00132114
131.834,0.00132114
131.914,0.00247967
131.954,0.00247967
132.034,0.00247967
132.114,0.00247967
132.154,0.00247967
132.278,0.00247967
132.314,0.0200711
132.357,0.0200711
132.434,0.0200711
132.514,0.0200711
132.554,0.0200711
132.634,0.0200711
132.714,0.0218598
132.754,0.0218598
132.834,0.0218598
132.914,0.0218598
132.955,0.0218598
133.034,0.0218598
133.114,0.0250305
133.154,0.0250305
133.234,0.0250305
133.314,0.0250305
133.357,0.0250305
133.434,0.0250305
133.514,0.131799
133.554,0.131799
133.634,0.131799
133.714,0.131799
133.754,0.131799
133.835,0.131799
133.958,0.291504
133.975,0.291504
134.035,0.291504
134.134,0.291504
134.154,0.291504
134.234,0.291504
134.314,0.399187
134.357,0.399187
134.434,0.399187
134.514,0.399187
134.554,0.399187
134.634,0.399187
134.714,0.464766
134.754,0.464766
134.834,0.464766
134.914,0.464766
134.954,0.464766
135.034,0.464766
135.114,0.501504
135.154,0.501504
135.234,0.501504
135.314,0.501504
135.359,0.501504
135.434,0.501504
135.514,0.395193
135.558,0.395193
135.634,0.395193
135.714,0.395193
135.754,0.395193
135.834,0.395193
135.914,0.274451
135.954,0.274451
136.034,0.274451
136.114,0.274451
136.154,0.274451
136.234,0.274451
136.314,0.152785
136.357,0.152785
136.434,0.152785
136.514,0.152785
136.554,0.152785
136.634,0.152785
136.714,0.0680894
136.754,0.0680894
136.834,0.0680894
136.914,0.0680894
136.954,0.0680894
137.034,0.0680894
137.114,0.0675102
137.154,0.0675102
137.238,0.0675102
137.314,0.0675102
137.357,0.0675102
137.434,0.0675102
137.514,0.0444817
137.554,0.0444817
137.634,0.0444817
137.714,0.0444817
137.754,0.0444817
137.834,0.0444817
137.914,0.0302337
137.955,0.0302337
138.034,0.0302337
138.114,0.0302337
138.154,0.0302337
138.234,0.0302337
138.314,0.0046748
138.354,0.0046748
138.434,0.0046748
138.514,0.0046748
138.554,0.0046748
138.634,0.0046748
138.714,0.00867886
138.754,0.00867886
138.834,0.00867886
138.959,0.00867886
138.976,0.00867886
139.034,0.00867886
139.114,0.0204472
139.154,0.0204472
139.234,0.0204472
139.314,0.0204472
139.357,0.0204472
139.434,0.0204472
139.514,0.0234248
139.554,0.0234248
139.634,0.0234248
139.714,0.0234248
139.754,0.0234248
139.834,0.0234248
139.914,0.0336179
139.954,0.0336179
140.034,0.0336179
140.114,0.0336179
140.154,0.0336179
140.234,0.0336179
140.314,0.0675508
140.357,0.0675508
140.434,0.0675508
140.514,0.0675508
140.598,0.0675508
140.634,0.0675508
140.714,0.11253
140.754,0.11253
140.834,0.11253
140.934,0.11253
140.954,0.11253
141.034,0.11253
141.114,0.12877
141.154,0.12877
141.234,0.12877
141.314,0.12877
141.354,0.12877
141.434,0.12877
141.514,0.203638
141.554,0.203638
141.634,0.203638
141.714,0.203638
141.754,0.203638
141.834,0.203638
141.914,0.263963
141.954,0.263963
142.034,0.263963
142.114,0.263963
142.154,0.263963
142.277,0.263963
142.314,0.334045
142.357,0.334045
142.434,0.334045
142.514,0.334045
142.554,0.334045
142.634,0.334045
142.714,0.36999
142.754,0.36999
142.834,0.36999
142.914,0.36999
142.954,0.36999
143.034,0.36999
143.114,0.393354
143.154,0.393354
143.234,0.393354
143.314,0.393354
143.357,0.393354
143.434,0.393354
143.514,0.435752
143.554,0.435752
143.634,0.435752
143.715,0.435752
143.754,0.435752
143.834,0.435752
143.917,0.470864
143.954,0.470864
144.034,0.470864
144.114,0.470864
144.154,0.470864
144.234,0.470864
144.314,0.464258
144.357,0.464258
144.434,0.464258
144.514,0.464258
144.554,0.464258
144.634,0.464258
144.714,0.416596
144.754,0.416596
144.835,0.416596
144.914,0.416596
144.954,0.416596
145.034,0.416596
145.114,0.316707
145.154,0.316707
145.234,0.316707
145.314,0.316707
145.357,0.316707
145.434,0.316707
145.514,0.214644
145.598,0.214644
145.634,0.214644
145.714,0.214644
145.754,0.214644
145.834,0.214644
145.914,0.114248
145.954,0.114248
146.034,0.114248
146.114,0.114248
146.154,0.114248
146.234,0.114248
146.314,0.0492988
146.357,0.0492988
146.434,0.0492988
146.514,0.0492988
146.554,0.0492988
146.634,0.0492988
146.714,0.0281809
146.754,0.0281809
146.834,0.0281809
146.914,0.0281809
146.954,0.0281809
147.034,0.0281809
147.114,0.0197764
147.154,0.0197764
147.278,0.0197764
147.314,0.0197764
147.357,0.0197764
147.434,0.0197764
147.514,0.0394309
147.554,0.0394309
147.634,0.0394309
147.714,0.0394309
147.754,0.0394309
147.834,0.0394309
147.914,0.0406809
147.954,0.0406809
148.035,0.0406809
148.114,0.0406809
148.154,0.0406809
148.234,0.0406809
148.314,0.0415447
148.357,0.0415447
148.434,0.0415447
148.514,0.0415447
148.554,0.0415447
148.634,0.0415447
148.714,0.0404573
148.754,0.0404573
148.834,0.0404573
148.959,0.0404573
148.976,0.0404573
149.034,0.0404573
149.114,0.0395122
149.154,0.0395122
149.234,0.0395122
149.314,0.0395122
149.357,0.0395122
149.434,0.0395122
149.514,0.041626
149.554,0.041626
149.634,0.041626
149.714,0.041626
149.754,0.041626
149.834,0.041626
149.914,0.0459451
149.954,0.0459451
150.034,0.0459451
150.114,0.0459451
150.154,0.0459451
150.234,0.0459451
150.314,0.0467886
150.357,0.0467886
150.434,0.0467886
150.514,0.0467886
150.599,0.0467886
150.634,0.0467886
150.714,0.0441159
150.754,0.0441159
150.834,0.0441159
150.914,0.0441159
150.954,0.0441159
151.034,0.0441159
151.114,0.0836585
151.154,0.0836585
151.234,0.0836585
151.314,0.0836585
151.357,0.0836585
151.434,0.0836585
151.514,0.0906606
151.554,0.0906606
151.634,0.0906606
151.714,0.0906606
151.754,0.0906606
151.834,0.0906606
151.914,0.0954268
151.954,0.0954268
152.034,0.0954268
152.114,0.0954268
152.154,0.0954268
152.278,0.0954268
152.314,0.117561
152.357,0.117561
152.434,0.117561
152.514,0.117561
152.554,0.117561
152.634,0.117561
152.714,0.119035
152.754,0.119035
152.834,0.119035
152.914,0.119035
152.954,0.119035
153.034,0.119035
153.114,0.122927
153.154,0.122927
153.234,0.122927
153.314,0.122927
153.357,0.122927
153.434,0.122927
153.514,0.126748
153.554,0.126748
153.634,0.126748
153.714,0.126748
153.754,0.126748
153.834,0.126748
153.958,0.083811
153.975,0.083811
154.034,0.083811
154.114,0.083811
154.154,0.083811
154.234,0.083811
154.314,0.0821951
154.357,0.0821951
154.434,0.0821951
154.514,0.0821951
154.554,0.0821951
154.634,0.0821951
154.715,0.0747358
154.754,0.0747358
154.834,0.0747358
154.914,0.0747358
154.954,0.0747358
155.034,0.0747358
155.114,0.0594715
155.154,0.0594715
155.234,0.0594715
155.314,0.0594715
155.357,0.0594715
155.434,0.0594715
155.514,0.0623882
155.598,0.0623882
155.634,0.0623882
155.714,0.0623882
155.754,0.0623882
155.834,0.0623882
155.914,0.0621748
155.954,0.0621748
156.034,0.0621748
156.114,0.0621748
156.154,0.0621748
156.234,0.0621748
156.315,0.0442785
156.358,0.0442785
156.434,0.0442785
156.514,0.0442785
156.554,0.0442785
156.634,0.0442785
156.714,0.0436687
156.754,0.0436687
156.834,0.0436687
156.914,0.0436687
156.954,0.0436687
157.034,0.0436687
157.114,0.0309858
157.154,0.0309858
157.278,0.0309858
157.335,0.0309858
157.357,0.0309858
157.434,0.0309858
157.514,0.0471951
157.554,0.0471951
157.634,0.0471951
157.714,0.0471951
157.754,0.0471951
157.834,0.0471951
157.914,0.0487602
157.954,0.0487602
158.034,0.0487602
158.114,0.0487602
158.154,0.0487602
158.234,0.0487602
158.314,0.0498679
158.357,0.0498679
158.434,0.0498679
158.514,0.0498679
158.554,0.0498679
158.634,0.0498679
158.714,0.0584959
158.754,0.0584959
158.834,0.0584959
158.959,0.0584959
158.976,0.0584959
159.034,0.0584959
159.114,0.172866
159.154,0.172866
159.234,0.172866
159.314,0.172866
159.357,0.172866
159.454,0.172866
159.534,0.150081
159.554,0.150081
159.634,0.150081
159.714,0.150081
159.754,0.150081
159.834,0.150081
159.914,0.14374
159.954,0.14374
160.034,0.14374
160.114,0.14374
160.154,0.14374
160.234,0.14374
160.314,0.148608
160.357,0.148608
160.434,0.148608
160.514,0.148608
160.579,0.148608
160.634,0.148608
160.714,0.159858
160.754,0.159858
160.834,0.159858
160.914,0.159858
160.954,0.159858
161.034,0.159858
161.114,0.112419
161.154,0.112419
161.234,0.112419
161.314,0.112419
161.357,0.112419
161.434,0.112419
161.514,0.0301829
161.554,0.0301829
161.634,0.0301829
161.714,0.0301829
161.754,0.0301829
161.834,0.0301829
161.914,0.0260163
161.954,0.0260163
162.034,0.0260163
162.114,0.0260163
162.154,0.0260163
162.279,0.0260163
162.314,0.129146
162.357,0.129146
162.434,0.129146
162.514,0.129146
162.554,0.129146
162.634,0.129146
162.714,0.146931
162.754,0.146931
162.834,0.146931
162.914,0.146931
162.954,0.146931
163.034,0.146931
163.114,0.155193
163.154,0.155193
163.234,0.155193
163.314,0.155193
163.357,0.155193
163.434,0.155193
163.514,0.157104
163.554,0.157104
163.634,0.157104
163.714,0.157104
163.754,0.157104
163.834,0.157104
163.959,0.150173
163.994,0.150173
164.034,0.150173
164.114,0.150173
164.154,0.150173
164.234,0.150173
164.314,0.0916972
164.357,0.0916972
164.434,0.0916972
164.514,0.0916972
164.554,0.0916972
164.635,0.0916972
164.714,0.0491362
164.754,0.0491362
164.834,0.0491362
164.914,0.0491362
164.954,0.0491362
165.034,0.0491362
165.114,0.0399085
165.154,0.0399085
165.234,0.0399085
165.314,0.0399085
165.357,0.0399085
165.434,0.0399085
165.514,0.0500102
165.599,0.0500102
165.634,0.0500102
165.714,0.0500102
165.754,0.0500102
165.834,0.0500102
165.914,0.0591057
165.954,0.0591057
166.034,0.0591057
166.114,0.0591057
166.154,0.0591057
166.234,0.0591057
166.314,0.0606606
166.358,0.0606606
166.434,0.0606606
166.514,0.0606606
166.554,0.0606606
166.634,0.0606606
166.714,0.0609654
166.754,0.0609654
166.834,0.0609654
166.914,0.0609654
166.954,0.0609654
167.034,0.0609654
167.114,0.0957419
167.154,0.0957419
167.279,0.0957419
167.314,0.0957419
167.357,0.0957419
167.434,0.0957419
167.534,0.166484
167.554,0.166484
167.634,0.166484
167.714,0.166484
167.754,0.166484
167.834,0.166484
167.914,0.163516
167.954,0.163516
168.034,0.163516
168.114,0.163516
168.154,0.163516
168.234,0.163516
168.314,0.147429
168.358,0.147429
168.434,0.147429
168.514,0.147429
168.554,0.147429
168.634,0.147429
168.714,0.153628
168.754,0.153628
168.834,0.153628
168.94,0.153628
168.957,0.153628
169.034,0.153628
169.114,0.157256
169.154,0.157256
169.234,0.157256
169.314,0.157256
169.357,0.157256
169.434,0.157256
169.514,0.183953
169.554,0.183953
169.655,0.183953
169.714,0.183953
169.754,0.183953
169.834,0.183953
169.914,0.178496
169.954,0.178496
170.034,0.178496
170.114,0.178496
170.154,0.178496
170.234,0.178496
170.314,0.123425
170.357,0.123425
170.434,0.123425
170.514,0.123425
170.599,0.123425
170.634,0.123425
170.714,0.0659654
170.754,0.0659654
170.834,0.0659654
170.914,0.0659654
170.954,0.0659654
171.034,0.0659654
171.114,0.034502
171.154,0.034502
171.234,0.034502
171.314,0.034502
171.357,0.034502
171.434,0.034502
171.514,0.0507114
171.554,0.0507114
171.634,0.0507114
171.714,0.0507114
171.754,0.0507114
171.834,0.0507114
171.914,0.0544715
171.954,0.0544715
172.034,0.0544715
172.114,0.0544715
172.154,0.0544715
172.279,0.0544715
172.334,0.0546951
172.357,0.0546951
172.434,0.0546951
172.514,0.0546951
172.554,0.0546951
172.634,0.0546951
172.714,0.0549492
172.754,0.0549492
172.834,0.0549492
172.914,0.0549492
172.954,0.0549492
173.034,0.0549492
173.114,0.0540447
173.154,0.0540447
173.234,0.0540447
173.314,0.0540447
173.357,0.0540447
173.434,0.0540447
173.514,0.0549797
173.554,0.0549797
173.634,0.0549797
173.714,0.0549797
173.754,0.0549797
173.834,0.0549797
173.96,0.0702134
173.977,0.0702134
174.034,0.0702134
174.114,0.0702134
174.154,0.0702134
174.234,0.0702134
174.314,0.070935
174.357,0.070935
174.434,0.070935
174.514,0.070935
174.554,0.070935
174.634,0.070935
174.714,0.0684959
174.754,0.0684959
174.834,0.0684959
174.914,0.0684959
174.954,0.0684959
175.034,0.0684959
175.114,0.131524
175.154,0.131524
175.234,0.131524
175.314,0.131524
175.357,0.131524
175.434,0.131524
175.514,0.146362
175.599,0.146362
175.634,0.146362
175.714,0.146362
175.754,0.146362
175.834,0.146362
175.914,0.224431
175.954,0.224431
176.034,0.224431
176.114,0.224431
176.154,0.224431
176.234,0.224431
176.314,0.323069
176.357,0.323069
176.434,0.323069
176.514,0.323069
176.554,0.323069
176.634,0.323069
176.714,0.318902
176.754,0.318902
176.834,0.318902
176.914,0.318902
176.954,0.318902
177.034,0.318902
177.114,0.330996
177.154,0.330996
177.278,0.330996
177.314,0.330996
177.357,0.330996
177.434,0.330996
177.514,0.304187
177.554,0.304187
177.634,0.304187
177.714,0.304187
177.754,0.304187
177.834,0.304187
177.914,0.263394
177.955,0.263394
178.034,0.263394
178.114,0.263394
178.154,0.263394
178.234,0.263394
178.314,0.266819
178.357,0.266819
178.434,0.266819
178.514,0.266819
178.554,0.266819
178.634,0.266819
178.714,0.254096
178.754,0.254096
178.834,0.254096
178.919,0.254096
178.954,0.254096
179.034,0.254096
179.114,0.252165
179.154,0.252165
179.234,0.252165
179.314,0.252165
179.357,0.252165
179.434,0.252165
179.514,0.162815
179.554,0.162815
179.634,0.162815
179.714,0.162815
179.754,0.162815
179.834,0.162815
179.914,0.0755691
179.954,0.0755691
180.034,0.0755691
180.114,0.0755691
180.154,0.0755691
180.234,0.0755691
180.314,0.0717073
180.357,0.0717073
180.434,0.0717073
180.514,0.0717073
180.599,0.0717073
180.634,0.0717073
180.714,0.0791565
180.754,0.0791565
180.834,0.0791565
180.914,0.0791565
180.954,0.0791565
181.034,0.0791565
181.114,0.0674898
181.154,0.0674898
181.234,0.0674898
181.314,0.0674898
181.357,0.0674898
181.434,0.0674898
181.514,0.0701829
181.554,0.0701829
181.634,0.0701829
181.714,0.0701829
181.754,0.0701829
181.834,0.0701829
181.914,0.119522
181.954,0.119522
182.034,0.119522
182.114,0.119522
182.154,0.119522
182.279,0.119522
182.314,0.167175
182.36,0.167175
182.434,0.167175
182.514,0.167175
182.554,0.167175
182.634,0.167175
182.714,0.177317
182.754,0.177317
182.834,0.177317
182.914,0.177317
182.955,0.177317
183.034,0.177317
183.114,0.195559
183.154,0.195559
183.234,0.195559
183.314,0.195559
183.354,0.195559
183.434,0.195559
183.514,0.1994
183.554,0.1994
183.634,0.1994
183.714,0.1994
183.754,0.1994
183.834,0.1994
183.959,0.222896
183.976,0.222896
184.034,0.222896
184.114,0.222896
184.154,0.222896
184.234,0.222896
184.314,0.226067
184.357,0.226067
184.434,0.226067
184.514,0.226067
184.554,0.226067
184.635,0.226067
184.714,0.227236
184.754,0.227236
184.834,0.227236
184.914,0.227236
184.954,0.227236
185.034,0.227236
185.114,0.226606
185.154,0.226606
185.234,0.226606
185.314,0.226606
185.358,0.226606
185.434,0.226606
185.514,0.231921
185.599,0.231921
185.634,0.231921
185.714,0.231921
185.754,0.231921
185.834,0.231921
185.914,0.238425
185.954,0.238425
186.034,0.238425
186.114,0.238425
186.154,0.238425
186.234,0.238425
186.315,0.235823
186.357,0.235823
186.434,0.235823
186.514,0.235823
186.554,0.235823
186.634,0.235823
186.714,0.233415
186.754,0.233415
186.834,0.233415
186.914,0.233415
186.954,0.233415
187.034,0.233415
187.114,0.235325
187.154,0.235325
187.279,0.235325
187.314,0.235325
187.357,0.235325
187.434,0.235325
187.514,0.23127
187.574,0.23127
187.634,0.23127
187.714,0.23127
187.754,0.23127
187.834,0.23127
187.914,0.232967
187.954,0.232967
188.034,0.232967
188.114,0.232967
188.154,0.232967
188.234,0.232967
188.314,0.238435
188.357,0.238435
188.434,0.238435
188.514,0.238435
188.554,0.238435
188.634,0.238435
188.714,0.241626
188.754,0.241626
188.834,0.241626
188.959,0.241626
188.976,0.241626
189.034,0.241626
189.114,0.246616
189.154,0.246616
189.234,0.246616
189.314,0.246616
189.357,0.246616
189.434,0.246616
189.514,0.248679
189.554,0.248679
189.634,0.248679
189.714,0.248679
189.754,0.248679
189.834,0.248679
189.914,0.249004
189.954,0.249004
190.034,0.249004
190.114,0.249004
190.154,0.249004
190.234,0.249004
190.314,0.249939
190.357,0.249939
190.434,0.249939
190.514,0.249939
190.599,0.249939
190.634,0.249939
190.714,0.256006
190.754,0.256006
190.834,0.256006
190.914,0.256006
190.954,0.256006
191.034,0.256006
191.114,0.259156
191.154,0.259156
191.234,0.259156
191.314,0.259156
191.358,0.259156
191.434,0.259156
191.514,0.259502
191.554,0.259502
191.634,0.259502
191.714,0.259502
191.754,0.259502
191.834,0.259502
191.914,0.267398
191.954,0.267398
192.034,0.267398
192.114,0.267398
192.154,0.267398
192.258,0.267398
192.314,0.2669
192.358,0.2669
192.434,0.2669
192.514,0.2669
192.554,0.2669
192.634,0.2669
192.714,0.269939
192.754,0.269939
192.834,0.269939
192.914,0.269939
192.955,0.269939
193.034,0.269939
193.114,0.26128
193.155,0.26128
193.234,0.26128
193.314,0.26128
193.357,0.26128
193.434,0.26128
193.514,0.254756
193.554,0.254756
193.634,0.254756
193.714,0.254756
193.754,0.254756
193.834,0.254756
193.939,0.257276
193.956,0.257276
194.034,0.257276
194.115,0.257276
194.154,0.257276
194.234,0.257276
194.314,0.257012
194.357,0.257012
194.434,0.257012
194.514,0.257012
194.554,0.257012
194.635,0.257012
194.714,0.255437
194.754,0.255437
194.834,0.255437
194.914,0.255437
194.954,0.255437
195.034,0.255437
195.114,0.256291
195.154,0.256291
195.234,0.256291
195.314,0.256291
195.357,0.256291
195.434,0.256291
195.514,0.267632
195.598,0.267632
195.654,0.267632
195.714,0.267632
195.774,0.267632
195.834,0.267632
195.914,0.265518
195.954,0.265518
196.034,0.265518
196.114,0.265518
196.154,0.265518
196.234,0.265518
196.314,0.287978
196.357,0.287978
196.434,0.287978
196.515,0.287978
196.554,0.287978
196.634,0.287978
196.714,0.310417
196.754,0.310417
196.834,0.310417
196.914,0.310417
196.954,0.310417
197.055,0.310417
197.114,0.306026
197.154,0.306026
197.278,0.306026
197.314,0.306026
197.357,0.306026
197.434,0.306026
197.514,0.277053
197.554,0.277053
197.634,0.277053
197.714,0.277053
197.754,0.277053
197.834,0.277053
197.914,0.284024
197.954,0.284024
198.034,0.284024
198.114,0.284024
198.154,0.284024
198.234,0.284024
198.314,0.296169
198.358,0.296169
198.434,0.296169
198.514,0.296169
198.554,0.296169
198.634,0.296169
198.714,0.313669
198.754,0.313669
198.834,0.313669
198.938,0.313669
198.955,0.313669
199.034,0.313669
199.114,0.329411
199.154,0.329411
199.234,0.329411
199.314,0.329411
199.358,0.329411
199.434,0.329411
199.514,0.380894
199.554,0.380894
199.634,0.380894
199.714,0.380894
199.754,0.380894
199.834,0.380894
199.914,0.396138
199.954,0.396138
200.034,0.396138
200.114,0.396138
200.154,0.396138
200.234,0.396138
200.314,0.413425
200.357,0.413425
200.434,0.413425
200.514,0.413425
200.558,0.413425
200.634,0.413425
200.714,0.455437
200.754,0.455437
200.834,0.455437
200.914,0.455437
200.954,0.455437
201.034,0.455437
201.114,0.464654
201.154,0.464654
201.234,0.464654
201.314,0.464654
201.357,0.464654
201.434,0.464654
201.514,0.469268
201.554,0.469268
201.634,0.469268
201.714,0.469268
201.754,0.469268
201.834,0.469268
201.914,0.464807
201.954,0.464807
202.034,0.464807
202.114,0.464807
202.154,0.464807
202.258,0.464807
202.314,0.450904
202.357,0.450904
202.434,0.450904
202.514,0.450904
202.554,0.450904
202.634,0.450904
202.714,0.462388
202.754,0.462388
202.834,0.462388
202.914,0.462388
202.954,0.462388
203.034,0.462388
203.114,0.453262
203.154,0.453262
203.234,0.453262
203.314,0.453262
203.357,0.453262
203.434,0.453262
203.514,0.451026
203.554,0.451026
203.634,0.451026
203.714,0.451026
203.754,0.451026
203.834,0.451026
203.939,0.480457
203.956,0.480457
204.034,0.480457
204.114,0.480457
204.154,0.480457
204.234,0.480457
204.314,0.506006
204.358,0.506006
204.434,0.506006
204.514,0.506006
204.554,0.506006
204.634,0.506006
204.714,0.511717
204.754,0.511717
204.834,0.511717
204.914,0.511717
204.954,0.511717
205.034,0.511717
205.114,0.510224
205.154,0.510224
205.234,0.510224
205.314,0.510224
205.358,0.510224
205.434,0.510224
205.514,0.508323
205.598,0.508323
205.634,0.508323
205.714,0.508323
205.754,0.508323
205.834,0.508323
205.914,0.49874
205.954,0.49874
206.034,0.49874
206.114,0.49874
206.154,0.49874
206.234,0.49874
206.314,0.49313
206.357,0.49313
206.434,0.49313
206.514,0.49313
206.554,0.49313
206.634,0.49313
206.714,0.494573
206.754,0.494573
206.834,0.494573
206.914,0.494573
206.954,0.494573
207.034,0.494573
207.114,0.498313
207.154,0.498313
207.277,0.498313
207.314,0.498313
207.357,0.498313
207.434,0.498313
207.514,0.497967
207.554,0.497967
207.634,0.497967
207.714,0.497967
207.754,0.497967
207.834,0.497967
207.914,0.502195
207.954,0.502195
208.034,0.502195
208.114,0.502195
208.154,0.502195
208.234,0.502195
208.314,0.499624
208.357,0.499624
208.434,0.499624
208.514,0.499624
208.554,0.499624
208.634,0.499624
208.714,0.499421
208.754,0.499421
208.834,0.499421
208.958,0.499421
208.975,0.499421
209.034,0.499421
209.114,0.500793
209.154,0.500793
209.234,0.500793
209.314,0.500793
209.357,0.500793
209.434,0.500793
209.514,0.505793
209.554,0.505793
209.634,0.505793
209.714,0.505793
209.754,0.505793
209.834,0.505793
209.914,0.506179
209.954,0.506179
210.034,0.506179
210.114,0.506179
210.154,0.506179
210.234,0.506179
210.314,0.507144
210.357,0.507144
210.434,0.507144
210.514,0.507144
210.598,0.507144
210.654,0.507144
210.714,0.507276
210.754,0.507276
210.834,0.507276
210.914,0.507276
210.954,0.507276
211.034,0.507276
211.114,0.509024
211.154,0.509024
211.234,0.509024
211.314,0.509024
211.357,0.509024
211.434,0.509024
211.514,0.513303
211.554,0.513303
211.634,0.513303
211.714,0.513303
211.754,0.513303
211.834,0.513303
211.914,0.527246
211.954,0.527246
212.034,0.527246
212.114,0.527246
212.154,0.527246
212.278,0.527246
212.314,0.540437
212.357,0.540437
212.434,0.540437
212.514,0.540437
212.554,0.540437
212.634,0.540437
212.714,0.560925
212.754,0.560925
212.834,0.560925
212.914,0.560925
212.954,0.560925
213.034,0.560925
213.114,0.56938
213.154,0.56938
213.234,0.56938
213.314,0.56938
213.357,0.56938
213.424,0.56938
213.505,0.579278
213.544,0.579278
213.625,0.579278
213.705,0.579278
213.744,0.579278
213.824,0.579278
213.969,0.582083
214.005,0.582083
214.024,0.582083
214.104,0.582083
214.144,0.582083
214.225,0.582083
214.304,0.58561
214.345,0.58561
214.424,0.58561
214.505,0.58561
214.544,0.58561
214.625,0.58561
214.704,0.594756
214.744,0.594756
214.824,0.594756
214.904,0.594756
214.945,0.594756
215.024,0.594756
215.104,0.606565
215.144,0.606565
215.225,0.606565
215.304,0.606565
215.345,0.606565
215.424,0.606565
215.505,0.615254
215.609,0.615254
215.664,0.615254
215.704,0.615254
215.744,0.615254
215.824,0.615254
215.904,0.615884
215.945,0.615884
216.024,0.615884
216.104,0.615884
216.144,0.615884
216.225,0.615884
216.304,0.618608
216.345,0.618608
216.424,0.618608
216.505,0.618608
216.544,0.618608
216.625,0.618608
216.705,0.620366
216.744,0.620366
216.825,0.620366
216.904,0.620366
216.945,0.620366
217.024,0.620366
217.104,0.621606
217.144,0.621606
217.289,0.621606
217.306,0.621606
217.345,0.621606
217.424,0.621606
217.505,0.618374
217.544,0.618374
217.625,0.618374
217.704,0.618374
217.744,0.618374
217.824,0.618374
217.904,0.619573
217.945,0.619573
218.024,0.619573
218.104,0.619573
218.144,0.619573
218.225,0.619573
218.304,0.621016
218.345,0.621016
218.424,0.621016
218.505,0.621016
218.544,0.621016
218.625,0.621016
218.704,0.616199
218.744,0.616199
218.824,0.616199
218.969,0.616199
218.986,0.616199
219.024,0.616199
219.104,0.597205
219.144,0.597205
219.225,0.597205
219.304,0.597205
219.345,0.597205
219.424,0.597205
219.504,0.600285
219.544,0.600285
219.625,0.600285
219.704,0.600285
219.744,0.600285
219.824,0.600285
219.904,0.598984
219.945,0.598984
220.024,0.598984
220.104,0.598984
220.144,0.598984
220.225,0.598984
220.304,0.600427
220.345,0.600427
220.424,0.600427
220.505,0.600427
220.589,0.600427
220.625,0.600427
220.704,0.595955
220.744,0.595955
220.824,0.595955
220.904,0.595955
220.944,0.595955
221.024,0.595955
221.104,0.596972
221.144,0.596972
221.224,0.596972
221.305,0.596972
221.345,0.596972
221.424,0.596972
221.505,0.59752
221.544,0.59752
221.625,0.59752
221.704,0.59752
221.744,0.59752
221.824,0.59752
221.904,0.599776
221.945,0.599776
222.024,0.599776
222.104,0.599776
222.144,0.599776
222.29,0.599776
222.307,0.599187
222.345,0.599187
222.444,0.599187
222.505,0.599187
222.544,0.599187
222.625,0.599187
222.704,0.602774
222.744,0.602774
222.824,0.602774
222.904,0.602774
222.945,0.602774
223.024,0.602774
223.104,0.600965
223.144,0.600965
223.225,0.600965
223.304,0.600965
223.344,0.600965
223.424,0.600965
223.504,0.601545
223.544,0.601545
223.625,0.601545
223.704,0.601545
223.744,0.601545
223.824,0.601545
223.97,0.596443
223.987,0.596443
224.024,0.596443
224.104,0.596443
224.144,0.596443
224.225,0.596443
224.304,0.595823
224.345,0.595823
224.424,0.595823
224.505,0.595823
224.544,0.595823
224.625,0.595823
224.704,0.595478
224.744,0.595478
224.824,0.595478
224.904,0.595478
224.944,0.595478
225.024,0.595478
225.104,0.597043
225.144,0.597043
225.224,0.597043
225.304,0.597043
225.345,0.597043
225.424,0.597043
225.505,0.596474
225.589,0.596474
225.645,0.596474
225.704,0.596474
225.744,0.596474
225.824,0.596474
225.904,0.59501
225.945,0.59501
226.024,0.59501
226.104,0.59501
226.144,0.59501
226.224,0.59501
226.305,0.596972
226.344,0.596972
226.425,0.596972
226.505,0.596972
226.544,0.596972
226.624,0.596972
226.704,0.597642
226.744,0.597642
226.824,0.597642
226.904,0.597642
226.945,0.597642
227.024,0.597642
227.104,0.598303
227.144,0.598303
227.29,0.598303
227.325,0.598303
227.364,0.598303
227.434,0.598303
227.514,0.595722
227.554,0.595722
227.634,0.595722
227.714,0.595722
227.754,0.595722
227.834,0.595722
227.914,0.596992
227.955,0.596992
228.034,0.596992
228.114,0.596992
228.154,0.596992
228.234,0.596992
228.314,0.597134
228.354,0.597134
228.434,0.597134
228.514,0.597134
228.554,0.597134
228.634,0.597134
228.714,0.595102
228.754,0.595102
228.834,0.595102
228.959,0.595102
228.976,0.595102
229.034,0.595102
229.114,0.579512
229.154,0.579512
229.254,0.579512
229.314,0.579512
229.354,0.579512
229.434,0.579512
229.514,0.579654
229.554,0.579654
229.634,0.579654
229.714,0.579654
229.754,0.579654
229.834,0.579654
229.914,0.580031
229.954,0.580031
230.034,0.580031
230.114,0.580031
230.154,0.580031
230.234,0.580031
230.314,0.580854
230.357,0.580854
230.434,0.580854
230.514,0.580854
230.599,0.580854
230.634,0.580854
230.714,0.574329
230.754,0.574329
230.834,0.574329
230.914,0.574329
230.954,0.574329
231.034,0.574329
231.114,0.575366
231.154,0.575366
231.234,0.575366
231.314,0.575366
231.357,0.575366
231.434,0.575366
231.514,0.575894
231.554,0.575894
231.634,0.575894
231.714,0.575894
231.754,0.575894
231.834,0.575894
231.914,0.576453
231.954,0.576453
232.034,0.576453
232.114,0.576453
232.154,0.576453
232.279,0.576453
232.314,0.57623
232.354,0.57623
232.434,0.57623
232.514,0.57623
232.554,0.57623
232.634,0.57623
232.714,0.577053
232.754,0.577053
232.834,0.577053
232.914,0.577053
232.955,0.577053
233.034,0.577053
233.114,0.577154
233.154,0.577154
233.234,0.577154
233.314,0.577154
233.356,0.577154
233.434,0.577154
233.514,0.578465
233.554,0.578465
233.634,0.578465
233.714,0.578465
233.754,0.578465
233.834,0.578465
233.959,0.577205
233.976,0.577205
234.034,0.577205
234.114,0.577205
234.154,0.577205
234.234,0.577205
234.314,0.577287
234.357,0.577287
234.434,0.577287
234.514,0.577287
234.554,0.577287
234.634,0.577287
234.714,0.578344
234.754,0.578344
234.834,0.578344
234.914,0.578344
234.954,0.578344
235.034,0.578344
235.114,0.57873
235.154,0.57873
235.234,0.57873
235.314,0.57873
235.354,0.57873
235.434,0.57873
235.514,0.580132
235.599,0.580132
235.634,0.580132
235.714,0.580132
235.754,0.580132
235.834,0.580132
235.914,0.57624
235.954,0.57624
236.034,0.57624
236.114,0.57624
236.154,0.57624
236.234,0.57624
236.315,0.577906
236.357,0.577906
236.434,0.577906
236.514,0.577906
236.554,0.577906
236.634,0.577906
236.714,0.579136
236.754,0.579136
236.834,0.579136
236.914,0.579136
236.954,0.579136
237.034,0.579136
237.114,0.579848
237.154,0.579848
237.28,0.579848
237.314,0.579848
237.356,0.579848
237.434,0.579848
237.514,0.577906
237.554,0.577906
237.634,0.577906
237.714,0.577906
237.754,0.577906
238.96,0.577906
237.86,0.575325
239.034,0.575325
237.98,0.575325
238.02,0.575325
238.1,0.575325
238.18,0.575325
238.222,0.576657
238.3,0.576657
238.38,0.576657
238.42,0.576657
238.5,0.576657
238.58,0.576657
238.62,0.578496
238.7,0.578496
238.78,0.578496
238.82,0.578496
238.9,0.578496
238.98,0.578496
239.02,0.578537
239.1,0.578537
239.18,0.578537
239.222,0.578537
239.3,0.578537
239.38,0.578537
239.465,0.576006
239.5,0.576006
239.58,0.576006
239.62,0.576006
239.7,0.576006
239.78,0.576006
239.82,0.577276
239.9,0.577276
239.98,0.577276
240.02,0.577276
240.1,0.577276
240.18,0.577276
240.22,0.578882
240.291,0.578882
240.37,0.578882
240.41,0.578882
240.49,0.578882
240.57,0.578882
240.61,0.57874
240.69,0.57874
240.77,0.57874
240.81,0.57874
240.89,0.57874
240.97,0.57874
241.01,0.582022
241.136,0.582022
241.171,0.582022
241.21,0.582022
241.29,0.582022
241.37,0.582022
241.41,0.580691
241.49,0.580691
241.57,0.580691
241.61,0.580691
241.69,0.580691
241.77,0.580691
241.811,0.581585
241.89,0.581585
241.97,0.581585
242.01,0.581585
242.091,0.581585
242.17,0.581585
242.21,0.582785
242.29,0.582785
242.37,0.582785
242.41,0.582785
242.49,0.582785
242.57,0.582785
242.61,0.582805
242.69,0.582805
242.817,0.582805
242.85,0.582805
242.89,0.582805
242.97,0.582805
243.01,0.58063
243.09,0.58063
243.17,0.58063
243.21,0.58063
243.29,0.58063
243.37,0.58063
243.41,0.582551
243.491,0.582551
243.57,0.582551
243.61,0.582551
243.69,0.582551
243.771,0.582551
243.811,0.583638
243.89,0.583638
243.97,0.583638
244.01,0.583638
244.09,0.583638
244.17,0.583638
244.211,0.584604
244.29,0.584604
244.37,0.584604
244.456,0.584604
244.49,0.584604
244.57,0.584604
244.61,0.582398
244.69,0.582398
244.77,0.582398
244.81,0.582398
244.89,0.582398
244.97,0.582398
245.01,0.583272
245.09,0.583272
245.171,0.583272
245.211,0.583272
245.29,0.583272
245.37,0.583272
245.41,0.584888
245.49,0.584888
245.57,0.584888
245.61,0.584888
245.69,0.584888
245.77,0.584888
245.81,0.584797
245.89,0.584797
245.97,0.584797
246.01,0.584797
246.137,0.584797
246.17,0.584797
246.21,0.58252
246.29,0.58252
246.37,0.58252
246.41,0.58252
246.49,0.58252
246.59,0.58252
246.61,0.583364
246.69,0.583364
246.77,0.583364
246.811,0.583364
246.89,0.583364
246.97,0.583364
247.01,0.584502
247.09,0.584502
247.17,0.584502
247.21,0.584502
247.29,0.584502
247.37,0.584502
247.41,0.585163
247.49,0.585163
247.57,0.585163
247.61,0.585163
247.69,0.585163
247.797,0.585163
247.814,0.58436
247.89,0.58436
247.97,0.58436
248.01,0.58436
248.09,0.58436
248.17,0.58436
248.211,0.585132
248.29,0.585132
248.37,0.585132
248.41,0.585132
248.49,0.585132
248.57,0.585132
248.61,0.584726
248.69,0.584726
248.77,0.584726
248.81,0.584726
248.89,0.584726
248.97,0.584726
249.01,0.584319
249.09,0.584319
249.17,0.584319
249.21,0.584319
249.29,0.584319
249.37,0.584319
249.457,0.585325
249.49,0.585325
249.57,0.585325
249.61,0.585325
249.69,0.585325
249.77,0.585325
249.81,0.585996
249.89,0.585996
249.97,0.585996
250.01,0.585996
250.09,0.585996
250.171,0.585996
250.21,0.587378
250.29,0.587378
250.37,0.587378
250.41,0.587378
250.49,0.587378
250.57,0.587378
250.61,0.588496
250.69,0.588496
250.77,0.588496
250.81,0.588496
250.89,0.588496
250.97,0.588496
251.01,0.59
251.136,0.59
251.17,0.59
251.21,0.59
251.29,0.59
251.37,0.59
251.41,0.586636
251.49,0.586636
251.57,0.586636
251.61,0.586636
251.69,0.586636
251.77,0.586636
251.811,0.591596
251.89,0.591596
251.97,0.591596
252.01,0.591596
252.09,0.591596
252.171,0.591596
252.21,0.600874
252.29,0.600874
252.37,0.600874
252.41,0.600874
252.49,0.600874
252.57,0.600874
252.61,0.611484
252.69,0.611484
252.816,0.611484
252.833,0.611484
252.89,0.611484
252.97,0.611484
253.01,0.618913
253.09,0.618913
253.17,0.618913
253.21,0.618913
253.29,0.618913
253.37,0.618913
253.41,0.625579
253.491,0.625579
253.571,0.625579
253.61,0.625579
253.69,0.625579
253.77,0.625579
253.81,0.626108
253.89,0.626108
253.97,0.626108
254.01,0.626108
254.091,0.626108
254.17,0.626108
254.211,0.620945
254.29,0.620945
254.37,0.620945
254.455,0.620945
254.51,0.620945
254.57,0.620945
254.61,0.597439
254.69,0.597439
254.77,0.597439
254.81,0.597439
254.89,0.597439
254.97,0.597439
255.01,0.600335
255.09,0.600335
255.17,0.600335
255.211,0.600335
255.29,0.600335
255.37,0.600335
255.41,0.600112
255.49,0.600112
255.57,0.600112
255.61,0.600112
255.69,0.600112
255.77,0.600112
255.811,0.600854
255.89,0.600854
255.97,0.600854
256.011,0.600854
256.135,0.600854
256.17,0.600854
256.21,0.597673
256.29,0.597673
256.37,0.597673
256.41,0.597673
256.49,0.597673
256.57,0.597673
256.61,0.596443
256.69,0.596443
256.77,0.596443
256.811,0.596443
256.89,0.596443
256.971,0.596443
257.01,0.597846
257.09,0.597846
257.171,0.597846
257.211,0.597846
257.291,0.597846
257.371,0.597846
257.41,0.599421
257.491,0.599421
257.571,0.599421
257.61,0.599421
257.691,0.599421
257.816,0.599421
257.833,0.595213
257.89,0.595213
257.97,0.595213
258.01,0.595213
258.09,0.595213
258.17,0.595213
258.21,0.595915
258.29,0.595915
258.37,0.595915
258.41,0.595915
258.491,0.595915
258.57,0.595915
258.61,0.59624
258.69,0.59624
258.77,0.59624
258.81,0.59624
258.89,0.59624
258.971,0.59624
259.01,0.595203
259.09,0.595203
259.17,0.595203
259.21,0.595203
259.29,0.595203
259.37,0.595203
259.436,0.59503
259.49,0.59503
259.57,0.59503
259.61,0.59503
259.69,0.59503
259.77,0.59503
259.81,0.59437
259.89,0.59437
259.97,0.59437
260.01,0.59437
260.09,0.59437
260.17,0.59437
260.211,0.594644
260.29,0.594644
260.37,0.594644
260.41,0.594644
260.49,0.594644
260.57,0.594644
260.61,0.595783
260.691,0.595783
260.77,0.595783
260.811,0.595783
260.891,0.595783
260.97,0.595783
261.01,0.596077
261.136,0.596077
261.171,0.596077
261.21,0.596077
261.29,0.596077
261.37,0.596077
261.41,0.594655
261.49,0.594655
261.57,0.594655
261.61,0.594655
261.69,0.594655
261.77,0.594655
261.811,0.593191
261.891,0.593191
261.97,0.593191
262.01,0.593191
262.09,0.593191
262.17,0.593191
262.21,0.5931
262.29,0.5931
262.37,0.5931
262.41,0.5931
262.491,0.5931
262.57,0.5931
262.611,0.593293
262.69,0.593293
262.797,0.593293
262.814,0.593293
262.89,0.593293
262.97,0.593293
263.01,0.58815
263.09,0.58815
263.17,0.58815
263.21,0.58815
263.29,0.58815
263.37,0.58815
263.41,0.589431
263.491,0.589431
263.57,0.589431
263.61,0.589431
263.691,0.589431
263.77,0.589431
263.81,0.59003
263.89,0.59003
263.97,0.59003
264.01,0.59003
264.09,0.59003
264.17,0.59003
264.21,0.590478
264.29,0.590478
264.37,0.590478
264.455,0.590478
264.49,0.590478
264.57,0.590478
264.61,0.590661
264.69,0.590661
264.77,0.590661
264.81,0.590661
264.89,0.590661
264.97,0.590661
265.01,0.589858
265.09,0.589858
265.171,0.589858
265.211,0.589858
265.29,0.589858
265.37,0.589858
265.41,0.591159
265.491,0.591159
265.57,0.591159
265.61,0.591159
265.691,0.591159
265.77,0.591159
265.81,0.591362
265.891,0.591362
265.97,0.591362
266.01,0.591362
266.136,0.591362
266.17,0.591362
266.21,0.587886
266.29,0.587886
266.37,0.587886
266.41,0.587886
266.49,0.587886
266.57,0.587886
266.61,0.587673
266.69,0.587673
266.77,0.587673
266.811,0.587673
266.891,0.587673
266.971,0.587673
267.01,0.588252
267.09,0.588252
267.17,0.588252
267.21,0.588252
267.29,0.588252
267.37,0.588252
267.41,0.588455
267.49,0.588455
267.57,0.588455
267.61,0.588455
267.69,0.588455
267.816,0.588455
267.833,0.587947
267.89,0.587947
267.97,0.587947
268.01,0.587947
268.091,0.587947
268.17,0.587947
268.211,0.588852
268.29,0.588852
268.37,0.588852
268.41,0.588852
268.491,0.588852
268.571,0.588852
268.61,0.589593
268.69,0.589593
268.771,0.589593
268.81,0.589593
268.89,0.589593
268.97,0.589593
269.01,0.589624
269.09,0.589624
269.17,0.589624
269.21,0.589624
269.29,0.589624
269.37,0.589624
269.456,0.584695
269.49,0.584695
269.57,0.584695
269.61,0.584695
269.69,0.584695
269.77,0.584695
269.81,0.586738
269.891,0.586738
269.97,0.586738
270.01,0.586738
270.09,0.586738
270.171,0.586738
270.211,0.586748
270.291,0.586748
270.371,0.586748
270.41,0.586748
270.491,0.586748
270.57,0.586748
270.61,0.587297
270.691,0.587297
270.77,0.587297
270.811,0.587297
270.891,0.587297
270.97,0.587297
271.01,0.58753
277.816,0.58753
277.833,0.58753
271.157,0.58753
271.237,0.58753
271.277,0.58753
271.358,0.58626
271.437,0.58626
271.477,0.58626
271.557,0.58626
271.637,0.58626
271.677,0.58626
271.778,0.586839
271.837,0.586839
271.877,0.586839
271.957,0.586839
272.037,0.586839
272.077,0.586839
272.157,0.587063
272.237,0.587063
272.278,0.587063
272.357,0.587063
272.438,0.587063
272.477,0.587063
272.558,0.58747
272.638,0.58747
272.722,0.58747
272.778,0.58747
272.837,0.58747
272.877,0.58747
272.977,0.585122
273.037,0.585122
273.077,0.585122
273.157,0.585122
273.237,0.585122
273.277,0.585122
273.357,0.586392
273.438,0.586392
273.477,0.586392
273.557,0.586392
273.637,0.586392
273.677,0.586392
273.758,0.586677
273.838,0.586677
273.877,0.586677
273.958,0.586677
274.038,0.586677
274.077,0.586677
274.158,0.588232
274.238,0.588232
274.277,0.588232
274.383,0.588232
274.437,0.588232
274.477,0.588232
274.557,0.587632
274.637,0.587632
274.677,0.587632
274.757,0.587632
274.837,0.587632
274.878,0.587632
274.957,0.586291
275.038,0.586291
275.078,0.586291
275.157,0.586291
275.237,0.586291
275.278,0.586291
275.357,0.587368
275.438,0.587368
275.477,0.587368
275.558,0.587368
275.638,0.587368
275.677,0.587368
275.758,0.590213
275.838,0.590213
275.877,0.590213
275.958,0.590213
276.082,0.590213
276.099,0.590213
276.158,0.59186
276.237,0.59186
276.277,0.59186
276.357,0.59186
276.437,0.59186
276.477,0.59186
276.557,0.5975
276.637,0.5975
276.677,0.5975
276.758,0.5975
276.837,0.5975
276.877,0.5975
276.958,0.597358
277.037,0.597358
277.077,0.597358
277.158,0.597358
277.237,0.597358
277.277,0.597358
277.358,0.600203
277.437,0.600203
277.477,0.600203
277.558,0.600203
277.637,0.600203
277.722,0.600203
277.757,0.603547
277.837,0.603547
277.877,0.603547
277.957,0.603547
278.037,0.603547
278.077,0.603547
278.157,0.610183
278.237,0.610183
278.277,0.610183
278.357,0.610183
278.438,0.610183
278.478,0.610183
278.558,0.61373
278.637,0.61373
278.677,0.61373
278.757,0.61373
278.837,0.61373
278.877,0.61373
278.957,0.609116
279.038,0.609116
279.078,0.609116
279.157,0.609116
279.237,0.609116
279.278,0.609116
279.362,0.593984
279.437,0.593984
279.477,0.593984
279.557,0.593984
279.637,0.593984
279.677,0.593984
279.758,0.581016
279.837,0.581016
279.877,0.581016
279.957,0.581016
280.037,0.581016
280.078,0.581016
280.158,0.584888
280.238,0.584888
280.277,0.584888
280.358,0.584888
280.438,0.584888
280.478,0.584888
280.557,0.576677
280.637,0.576677
280.677,0.576677
280.757,0.576677
280.838,0.576677
280.877,0.576677
280.957,0.558028
281.083,0.558028
281.1,0.558028
281.157,0.558028
281.237,0.558028
281.277,0.558028
281.357,0.531596
281.437,0.531596
281.478,0.531596
281.557,0.531596
281.637,0.531596
281.678,0.531596
281.758,0.518059
281.838,0.518059
281.877,0.518059
281.958,0.518059
282.038,0.518059
282.078,0.518059
282.158,0.512785
282.238,0.512785
282.277,0.512785
282.358,0.512785
282.438,0.512785
282.478,0.512785
282.568,0.545955
282.647,0.545955
282.711,0.545955
282.767,0.545955
282.847,0.545955
282.887,0.545955
282.987,0.574665
283.047,0.574665
283.087,0.574665
283.167,0.574665
283.247,0.574665
283.287,0.574665
283.367,0.609339
283.448,0.609339
283.487,0.609339
283.567,0.609339
283.647,0.609339
283.687,0.609339
283.767,0.628709
283.847,0.628709
283.887,0.628709
283.967,0.628709
284.047,0.628709
284.087,0.628709
284.167,0.627398
284.247,0.627398
284.287,0.627398
284.391,0.627398
284.447,0.627398
284.491,0.627398
284.567,0.633496
284.647,0.633496
284.687,0.633496
284.767,0.633496
284.847,0.633496
284.887,0.633496
284.967,0.604827
285.047,0.604827
285.088,0.604827
285.168,0.604827
285.248,0.604827
285.288,0.604827
285.367,0.530366
285.448,0.530366
285.491,0.530366
285.568,0.530366
285.647,0.530366
285.687,0.530366
285.767,0.513892
285.848,0.513892
285.887,0.513892
285.968,0.513892
286.072,0.513892
286.089,0.513892
286.167,0.523933
286.247,0.523933
286.287,0.523933
286.367,0.523933
286.447,0.523933
286.491,0.523933
286.567,0.518089
286.647,0.518089
286.687,0.518089
286.768,0.518089
286.849,0.518089
286.887,0.518089
286.967,0.516819
287.047,0.516819
287.088,0.516819
287.167,0.516819
287.249,0.516819
287.287,0.516819
287.37,0.558608
287.449,0.558608
287.491,0.558608
287.569,0.558608
287.647,0.558608
287.734,0.558608
287.768,0.550234
287.847,0.550234
287.887,0.550234
287.968,0.550234
288.047,0.550234
288.089,0.550234
288.167,0.550467
288.247,0.550467
288.288,0.550467
288.367,0.550467
288.449,0.550467
288.491,0.550467
288.568,0.528343
288.649,0.528343
288.688,0.528343
288.768,0.528343
288.849,0.528343
288.889,0.528343
288.967,0.510732
289.049,0.510732
289.089,0.510732
289.169,0.510732
289.249,0.510732
289.288,0.510732
289.391,0.552876
289.449,0.552876
289.488,0.552876
289.568,0.552876
289.649,0.552876
289.688,0.552876
289.768,0.569055
289.849,0.569055
289.889,0.569055
289.968,0.569055
290.049,0.569055
290.088,0.569055
290.169,0.55812
290.249,0.55812
290.288,0.55812
290.368,0.55812
290.449,0.55812
290.491,0.55812
290.568,0.564309
290.649,0.564309
290.688,0.564309
290.768,0.564309
290.849,0.564309
290.889,0.564309
290.968,0.573801
291.092,0.573801
291.109,0.573801
291.169,0.573801
291.249,0.573801
291.288,0.573801
291.368,0.564035
291.449,0.564035
291.491,0.564035
291.568,0.564035
291.649,0.564035
291.689,0.564035
291.768,0.535864
291.849,0.535864
291.889,0.535864
291.968,0.535864
292.049,0.535864
292.088,0.535864
292.169,0.487561
292.249,0.487561
292.289,0.487561
292.368,0.487561
292.449,0.487561
292.491,0.487561
292.568,0.445274
292.649,0.445274
292.732,0.445274
292.787,0.445274
292.849,0.445274
292.888,0.445274
292.968,0.412134
293.048,0.412134
293.088,0.412134
293.169,0.412134
293.249,0.412134
293.288,0.412134
293.368,0.395894
293.449,0.395894
293.491,0.395894
293.568,0.395894
293.649,0.395894
293.688,0.395894
293.77,0.426179
293.849,0.426179
293.889,0.426179
293.968,0.426179
294.049,0.426179
294.088,0.426179
294.169,0.4831
294.25,0.4831
294.288,0.4831
294.372,0.4831
294.449,0.4831
294.492,0.4831
294.568,0.490407
294.649,0.490407
294.688,0.490407
294.768,0.490407
294.849,0.490407
294.889,0.490407
294.968,0.532226
295.049,0.532226
295.088,0.532226
295.169,0.532226
295.249,0.532226
295.288,0.532226
295.368,0.566585
295.449,0.566585
295.491,0.566585
295.568,0.566585
295.649,0.566585
295.688,0.566585
295.769,0.594482
295.849,0.594482
295.889,0.594482
295.969,0.594482
296.092,0.594482
296.109,0.594482
296.169,0.644492
296.249,0.644492
296.288,0.644492
296.368,0.644492
296.449,0.644492
296.491,0.644492
296.568,0.660894
296.649,0.660894
296.689,0.660894
296.769,0.660894
296.849,0.660894
296.889,0.660894
296.969,0.685742
297.049,0.685742
297.088,0.685742
297.169,0.685742
297.249,0.685742
297.288,0.685742
297.368,0.63561
297.449,0.63561
297.491,0.63561
297.568,0.63561
297.649,0.63561
297.711,0.63561
297.768,0.602226
297.849,0.602226
297.889,0.602226
297.968,0.602226
298.049,0.602226
298.088,0.602226
298.169,0.626026
298.249,0.626026
298.288,0.626026
298.369,0.626026
298.449,0.626026
298.491,0.626026
298.568,0.643902
298.649,0.643902
298.689,0.643902
298.768,0.643902
298.849,0.643902
298.889,0.643902
298.968,0.595955
299.049,0.595955
299.089,0.595955
299.169,0.595955
299.249,0.595955
299.288,0.595955
299.412,0.614888
299.449,0.614888
299.491,0.614888
299.568,0.614888
299.649,0.614888
299.688,0.614888
299.768,0.598293
299.849,0.598293
299.889,0.598293
299.969,0.598293
300.049,0.598293
300.089,0.598293
300.17,0.552327
300.249,0.552327
300.288,0.552327
300.368,0.552327
300.449,0.552327
300.491,0.552327
300.568,0.465854
300.649,0.465854
300.689,0.465854
300.768,0.465854
300.849,0.465854
300.889,0.465854
300.969,0.448628
301.071,0.448628
301.088,0.448628
301.17,0.448628
301.249,0.448628
301.288,0.448628
301.368,0.516596
301.449,0.516596
301.492,0.516596
301.568,0.516596
301.649,0.516596
301.688,0.516596
301.768,0.559949
301.849,0.559949
301.889,0.559949
301.968,0.559949
302.049,0.559949
302.088,0.559949
302.169,0.553171
302.249,0.553171
302.288,0.553171
302.368,0.553171
302.428,0.553171
302.491,0.553171
302.568,0.542104
302.649,0.542104
302.692,0.542104
302.768,0.542104
302.849,0.542104
302.889,0.542104
302.968,0.534136
303.049,0.534136
303.088,0.534136
303.169,0.534136
303.228,0.534136
303.288,0.534136
303.368,0.54626
303.449,0.54626
303.491,0.54626
303.568,0.54626
303.629,0.54626
303.688,0.54626
303.768,0.602195
303.828,0.602195
303.889,0.602195
303.948,0.602195
304.028,0.602195
304.088,0.602195
304.148,0.673374
304.228,0.673374
304.288,0.673374
304.372,0.673374
304.428,0.673374
304.468,0.673374
304.548,0.743435
304.628,0.743435
304.668,0.743435
304.748,0.743435
304.828,0.743435
304.868,0.743435
304.948,0.74376
305.028,0.74376
305.068,0.74376
305.148,0.74376
305.228,0.74376
305.268,0.74376
305.348,0.764512
305.428,0.764512
305.468,0.764512
305.548,0.764512
305.628,0.764512
305.668,0.764512
305.748,0.764817
305.828,0.764817
305.868,0.764817
305.948,0.764817
306.092,0.764817
306.109,0.764817
306.148,0.707967
306.228,0.707967
306.267,0.707967
306.348,0.707967
306.428,0.707967
306.468,0.707967
306.548,0.674492
306.628,0.674492
306.668,0.674492
306.748,0.674492
306.828,0.674492
306.868,0.674492
306.948,0.626524
307.028,0.626524
307.068,0.626524
307.148,0.626524
307.228,0.626524
307.267,0.626524
307.348,0.54813
307.428,0.54813
307.468,0.54813
307.548,0.54813
307.628,0.54813
307.692,0.54813
307.748,0.489878
307.828,0.489878
307.867,0.489878
307.948,0.489878
308.028,0.489878
308.068,0.489878
308.148,0.469858
308.228,0.469858
308.268,0.469858
308.348,0.469858
308.428,0.469858
308.468,0.469858
308.548,0.52061
308.628,0.52061
308.668,0.52061
308.748,0.52061
308.848,0.52061
308.868,0.52061
308.948,0.497754
309.028,0.497754
309.068,0.497754
309.148,0.497754
309.228,0.497754
309.268,0.497754
309.412,0.537378
309.429,0.537378
309.468,0.537378
309.548,0.537378
309.628,0.537378
309.667,0.537378
309.748,0.532348
309.828,0.532348
309.867,0.532348
309.947,0.532348
310.028,0.532348
310.068,0.532348
310.148,0.482144
310.228,0.482144
310.267,0.482144
310.348,0.482144
310.427,0.482144
310.468,0.482144
310.557,0.420528
310.637,0.420528
310.677,0.420528
310.757,0.420528
310.837,0.420528
310.877,0.420528
310.957,0.403831
311.061,0.403831
311.078,0.403831
311.157,0.403831
311.237,0.403831
311.277,0.403831
311.357,0.340539
311.437,0.340539
311.477,0.340539
311.557,0.340539
311.637,0.340539
311.738,0.340539
311.818,0.287805
311.898,0.287805
311.938,0.287805
312.018,0.287805
312.098,0.287805
312.138,0.287805
312.218,0.304787
312.298,0.304787
312.337,0.304787
312.418,0.304787
312.498,0.304787
312.538,0.304787
312.617,0.33187
312.698,0.33187
312.78,0.33187
312.817,0.33187
312.897,0.33187
312.937,0.33187
313.017,0.306098
313.097,0.306098
313.137,0.306098
313.217,0.306098
313.297,0.306098
313.337,0.306098
313.417,0.315996
313.498,0.315996
313.537,0.315996
313.617,0.315996
313.697,0.315996
313.737,0.315996
313.817,0.342276
313.898,0.342276
313.937,0.342276
314.017,0.342276
314.098,0.342276
314.138,0.342276
314.217,0.394045
314.298,0.394045
314.337,0.394045
314.421,0.394045
314.497,0.394045
314.537,0.394045
314.618,0.430081
314.697,0.430081
314.737,0.430081
314.817,0.430081
314.897,0.430081
314.937,0.430081
315.017,0.445854
315.097,0.445854
315.138,0.445854
315.217,0.445854
315.297,0.445854
315.337,0.445854
315.417,0.426087
315.497,0.426087
315.538,0.426087
315.617,0.426087
315.698,0.426087
315.737,0.426087
315.818,0.411911
315.897,0.411911
315.937,0.411911
316.017,0.411911
316.122,0.411911
316.139,0.411911
316.217,0.410193
316.297,0.410193
316.337,0.410193
316.418,0.410193
316.498,0.410193
316.538,0.410193
316.617,0.381799
316.698,0.381799
316.737,0.381799
316.818,0.381799
316.897,0.381799
316.937,0.381799
317.017,0.325061
317.118,0.325061
317.138,0.325061
317.218,0.325061
317.297,0.325061
317.337,0.325061
317.417,0.269075
317.498,0.269075
317.538,0.269075
317.617,0.269075
317.697,0.269075
317.781,0.269075
317.817,0.244329
317.897,0.244329
317.937,0.244329
318.017,0.244329
318.097,0.244329
318.137,0.244329
318.217,0.176484
318.297,0.176484
318.337,0.176484
318.417,0.176484
318.518,0.176484
318.538,0.176484
318.617,0.118699
318.698,0.118699
318.737,0.118699
318.818,0.118699
318.897,0.118699
318.938,0.118699
319.018,0.0302236
319.098,0.0302236
319.138,0.0302236
319.217,0.0302236
319.297,0.0302236
319.337,0.0302236
319.461,0.0168293
319.517,0.0168293
319.537,0.0168293
319.617,0.0168293
319.697,0.0168293
319.737,0.0168293
319.817,0.0381504
319.897,0.0381504
319.937,0.0381504
320.017,0.0381504
320.097,0.0381504
320.138,0.0381504
320.217,0.035061
320.298,0.035061
320.338,0.035061
320.418,0.035061
320.498,0.035061
320.538,0.035061
320.617,0.0372764
320.698,0.0372764
320.737,0.0372764
320.817,0.0372764
320.897,0.0372764
320.937,0.0372764
321.017,0.0399289
321.142,0.0399289
321.159,0.0399289
321.217,0.0399289
321.297,0.0399289
321.338,0.0399289
321.417,0.0546951
321.497,0.0546951
321.537,0.0546951
321.617,0.0546951
321.697,0.0546951
321.737,0.0546951
321.818,0.0534451
321.898,0.0534451
321.937,0.0534451
326.135,0.0534451
322.041,0.0534451
326.207,0.0534451
322.162,0.0545732
322.201,0.0545732
322.281,0.0545732
322.361,0.0545732
322.402,0.0545732
322.481,0.0545732
322.562,0.0560366
322.601,0.0560366
322.682,0.0560366
322.762,0.0560366
322.802,0.0560366
322.882,0.0560366
322.962,0.0561687
323.002,0.0561687
323.082,0.0561687
323.162,0.0561687
323.202,0.0561687
323.281,0.0561687
323.362,0.0572154
323.401,0.0572154
323.481,0.0572154
323.562,0.0572154
323.648,0.0572154
323.682,0.0572154
323.761,0.057876
323.801,0.057876
323.881,0.057876
323.961,0.057876
324.001,0.057876
324.081,0.057876
324.162,0.0577033
324.202,0.0577033
324.282,0.0577033
324.362,0.0577033
324.402,0.0577033
324.482,0.0577033
324.562,0.0580589
324.602,0.0580589
324.682,0.0580589
324.762,0.0580589
324.801,0.0580589
324.881,0.0580589
324.962,0.0580285
325.001,0.0580285
325.082,0.0580285
325.162,0.0580285
325.201,0.0580285
325.328,0.0580285
325.362,0.0545833
325.401,0.0545833
325.481,0.0545833
325.561,0.0545833
325.601,0.0545833
325.681,0.0545833
325.761,0.0550915
325.801,0.0550915
325.881,0.0550915
325.962,0.0550915
326.002,0.0550915
326.082,0.0550915
326.162,0.0546748
326.202,0.0546748
326.282,0.0546748
326.362,0.0546748
326.402,0.0546748
326.482,0.0546748
326.562,0.0558232
326.602,0.0558232
326.682,0.0558232
326.762,0.0558232
326.801,0.0558232
326.882,0.0558232
327.008,0.0562805
327.025,0.0562805
327.081,0.0562805
327.162,0.0562805
327.201,0.0562805
327.281,0.0562805
327.361,0.0556707
327.401,0.0556707
327.481,0.0556707
327.562,0.0556707
327.601,0.0556707
327.682,0.0556707
327.762,0.128384
327.802,0.128384
327.882,0.128384
327.962,0.128384
328.002,0.128384
328.082,0.128384
328.162,0.183547
328.202,0.183547
328.282,0.183547
328.362,0.183547
328.402,0.183547
328.482,0.183547
328.562,0.265945
328.647,0.265945
328.682,0.265945
328.762,0.265945
328.802,0.265945
328.882,0.265945
328.962,0.237276
329.002,0.237276
329.082,0.237276
329.162,0.237276
329.201,0.237276
329.281,0.237276
329.362,0.239024
329.402,0.239024
329.481,0.239024
329.562,0.239024
329.601,0.239024
329.681,0.239024
329.761,0.216006
329.801,0.216006
329.881,0.216006
329.961,0.216006
330.001,0.216006
330.081,0.216006
330.162,0.182043
330.201,0.182043
330.308,0.182043
330.362,0.182043
330.402,0.182043
330.482,0.182043
330.562,0.171545
330.602,0.171545
330.682,0.171545
330.762,0.171545
330.802,0.171545
330.882,0.171545
330.961,0.179461
331.002,0.179461
331.082,0.179461
331.162,0.179461
331.202,0.179461
331.282,0.179461
331.362,0.190691
331.402,0.190691
331.482,0.190691
331.562,0.190691
331.601,0.190691
331.682,0.190691
331.762,0.209787
331.802,0.209787
331.882,0.209787
332.007,0.209787
332.024,0.209787
332.081,0.209787
332.161,0.241514
332.201,0.241514
332.281,0.241514
332.361,0.241514
332.401,0.241514
332.481,0.241514
332.561,0.236209
332.601,0.236209
332.682,0.236209
332.762,0.236209
332.801,0.236209
332.882,0.236209
332.962,0.246463
333.002,0.246463
333.082,0.246463
333.162,0.246463
333.202,0.246463
333.282,0.246463
333.362,0.216453
333.402,0.216453
333.482,0.216453
333.562,0.216453
333.647,0.216453
333.682,0.216453
333.761,0.155976
333.801,0.155976
333.882,0.155976
333.962,0.155976
334.001,0.155976
334.081,0.155976
334.162,0.0615244
334.201,0.0615244
334.281,0.0615244
334.362,0.0615244
334.402,0.0615244
334.482,0.0615244
334.562,0.0303659
334.602,0.0303659
334.682,0.0303659
334.762,0.0303659
334.802,0.0303659
334.882,0.0303659
334.962,0.0291972
335.002,0.0291972
335.082,0.0291972
335.162,0.0291972
335.202,0.0291972
335.327,0.0291972
335.362,0.0514431
335.401,0.0514431
335.482,0.0514431
335.562,0.0514431
335.602,0.0514431
335.682,0.0514431
335.762,0.054248
335.801,0.054248
335.882,0.054248
335.962,0.054248
336.002,0.054248
336.082,0.054248
336.162,0.0565041
336.202,0.0565041
336.282,0.0565041
336.362,0.0565041
336.402,0.0565041
336.482,0.0565041
336.562,0.0791463
336.602,0.0791463
336.682,0.0791463
336.762,0.0791463
336.801,0.0791463
336.882,0.0791463
337.006,0.0931402
337.042,0.0931402
337.082,0.0931402
337.162,0.0931402
337.202,0.0931402
337.282,0.0931402
337.362,0.0941463
337.402,0.0941463
337.482,0.0941463
337.562,0.0941463
337.601,0.0941463
337.682,0.0941463
337.762,0.147053
337.801,0.147053
337.882,0.147053
337.962,0.147053
338.002,0.147053
338.081,0.147053
338.162,0.187317
338.201,0.187317
338.281,0.187317
338.361,0.187317
338.402,0.187317
338.482,0.187317
338.561,0.17378
338.605,0.17378
338.681,0.17378
338.761,0.17378
338.801,0.17378
338.882,0.17378
338.962,0.163974
339.002,0.163974
339.082,0.163974
339.162,0.163974
339.202,0.163974
339.282,0.163974
339.362,0.153994
339.402,0.153994
339.482,0.153994
339.562,0.153994
339.602,0.153994
339.682,0.153994
339.762,0.148648
339.801,0.148648
339.881,0.148648
339.961,0.148648
340.002,0.148648
340.082,0.148648
340.162,0.18065
340.202,0.18065
340.326,0.18065
340.362,0.18065
340.401,0.18065
340.482,0.18065
340.561,0.123557
340.601,0.123557
340.682,0.123557
340.762,0.123557
340.801,0.123557
340.881,0.123557
340.961,0.0326524
341.002,0.0326524
341.082,0.0326524
341.162,0.0326524
341.202,0.0326524
341.282,0.0326524
341.362,0.0225508
341.401,0.0225508
341.482,0.0225508
341.562,0.0225508
341.602,0.0225508
341.682,0.0225508
341.762,0.0361484
341.802,0.0361484
341.882,0.0361484
342.006,0.0361484
342.023,0.0361484
342.082,0.0361484
342.162,0.0757622
342.202,0.0757622
342.282,0.0757622
342.382,0.0757622
342.401,0.0757622
342.482,0.0757622
342.561,0.0815041
342.601,0.0815041
342.682,0.0815041
342.762,0.0815041
342.801,0.0815041
342.881,0.0815041
342.961,0.0805386
343.001,0.0805386
343.081,0.0805386
343.162,0.0805386
343.202,0.0805386
343.282,0.0805386
343.362,0.0798984
343.402,0.0798984
343.482,0.0798984
343.562,0.0798984
343.646,0.0798984
343.682,0.0798984
343.762,0.076189
343.801,0.076189
343.901,0.076189
343.961,0.076189
344.001,0.076189
344.082,0.076189
344.162,0.0774898
344.201,0.0774898
344.281,0.0774898
344.362,0.0774898
344.402,0.0774898
344.482,0.0774898
344.562,0.0783537
344.602,0.0783537
344.682,0.0783537
344.761,0.0783537
344.802,0.0783537
344.882,0.0783537
344.961,0.0786382
345.001,0.0786382
345.082,0.0786382
345.162,0.0786382
345.202,0.0786382
345.327,0.0786382
345.361,0.0817276
345.402,0.0817276
345.481,0.0817276
345.562,0.0817276
345.601,0.0817276
345.682,0.0817276
345.762,0.0817683
345.802,0.0817683
345.882,0.0817683
345.962,0.0817683
352.008,0.0817683
346.052,0.0817683
352.082,0.0728659
346.189,0.0728659
346.229,0.0728659
346.308,0.0728659
346.389,0.0728659
346.429,0.0728659
346.509,0.073811
346.589,0.073811
346.628,0.073811
346.709,0.073811
346.789,0.073811
346.829,0.073811
346.908,0.0727032
346.989,0.0727032
347.029,0.0727032
347.109,0.0727032
347.189,0.0727032
347.229,0.0727032
347.309,0.0733333
347.388,0.0733333
347.429,0.0733333
347.508,0.0733333
347.589,0.0733333
347.674,0.0733333
347.709,0.0755081
347.789,0.0755081
347.829,0.0755081
347.908,0.0755081
347.988,0.0755081
348.028,0.0755081
348.108,0.0718496
348.189,0.0718496
348.228,0.0718496
348.308,0.0718496
348.389,0.0718496
348.429,0.0718496
348.509,0.0722663
348.589,0.0722663
348.628,0.0722663
348.709,0.0722663
348.789,0.0722663
348.828,0.0722663
348.909,0.0718902
348.989,0.0718902
349.028,0.0718902
349.108,0.0718902
349.189,0.0718902
349.228,0.0718902
349.355,0.0737906
349.389,0.0737906
349.429,0.0737906
349.508,0.0737906
349.589,0.0737906
349.628,0.0737906
349.709,0.0761484
349.788,0.0761484
349.829,0.0761484
349.909,0.0761484
349.989,0.0761484
350.029,0.0761484
350.109,0.090813
350.189,0.090813
350.229,0.090813
350.309,0.090813
350.389,0.090813
350.429,0.090813
350.509,0.179807
350.589,0.179807
350.629,0.179807
350.709,0.179807
350.789,0.179807
350.829,0.179807
350.909,0.182104
351.034,0.182104
351.051,0.182104
351.109,0.182104
351.189,0.182104
351.229,0.182104
351.309,0.1519
351.389,0.1519
351.429,0.1519
351.509,0.1519
351.589,0.1519
351.628,0.1519
351.709,0.154228
351.789,0.154228
351.829,0.154228
351.909,0.154228
351.989,0.154228
352.029,0.154228
352.109,0.159228
352.189,0.159228
352.229,0.159228
352.309,0.159228
352.389,0.159228
352.429,0.159228
352.509,0.224705
352.589,0.224705
352.672,0.224705
352.709,0.224705
352.789,0.224705
352.829,0.224705
352.909,0.237276
352.989,0.237276
353.029,0.237276
353.109,0.237276
353.189,0.237276
353.229,0.237276
353.309,0.235
353.389,0.235
353.429,0.235
353.509,0.235
353.589,0.235
353.629,0.235
353.709,0.240681
353.789,0.240681
353.828,0.240681
353.909,0.240681
353.989,0.240681
354.029,0.240681
354.109,0.241707
354.189,0.241707
354.228,0.241707
354.332,0.241707
354.389,0.241707
354.428,0.241707
354.509,0.246951
354.589,0.246951
354.628,0.246951
354.709,0.246951
354.789,0.246951
354.828,0.246951
354.909,0.269644
354.989,0.269644
355.029,0.269644
355.109,0.269644
355.189,0.269644
355.229,0.269644
355.309,0.313567
355.389,0.313567
355.429,0.313567
355.509,0.313567
355.589,0.313567
355.629,0.313567
355.709,0.314106
355.789,0.314106
355.829,0.314106
355.909,0.314106
355.993,0.314106
356.028,0.314106
356.109,0.319136
356.189,0.319136
356.228,0.319136
356.309,0.319136
356.389,0.319136
356.429,0.319136
356.509,0.350539
356.589,0.350539
356.629,0.350539
356.709,0.350539
356.789,0.350539
356.829,0.350539
356.909,0.394177
356.989,0.394177
357.029,0.394177
357.109,0.394177
357.189,0.394177
357.229,0.394177
357.309,0.409858
357.389,0.409858
357.429,0.409858
357.509,0.409858
357.589,0.409858
357.652,0.409858
357.709,0.431982
357.788,0.431982
357.829,0.431982
357.909,0.431982
357.989,0.431982
358.029,0.431982
358.109,0.43685
358.189,0.43685
358.229,0.43685
358.309,0.43685
358.389,0.43685
358.428,0.43685
358.509,0.435081
358.589,0.435081
358.629,0.435081
358.709,0.435081
358.789,0.435081
358.829,0.435081
358.909,0.479929
358.989,0.479929
359.029,0.479929
359.109,0.479929
359.189,0.479929
359.229,0.479929
359.332,0.526128
359.389,0.526128
359.429,0.526128
359.509,0.526128
359.589,0.526128
359.629,0.526128
359.709,0.530285
359.789,0.530285
359.828,0.530285
359.909,0.530285
359.988,0.530285
360.029,0.530285
360.109,0.539756
360.189,0.539756
360.228,0.539756
360.309,0.539756
360.389,0.539756
360.429,0.539756
360.509,0.544248
360.589,0.544248
360.629,0.544248
360.709,0.544248
360.789,0.544248
360.829,0.544248
360.909,0.592937
361.013,0.592937
361.03,0.592937
361.109,0.592937
361.189,0.592937
361.229,0.592937
361.309,0.62122
361.389,0.62122
361.429,0.62122
361.509,0.62122
361.589,0.62122
361.629,0.62122
361.709,0.639919
361.789,0.639919
361.829,0.639919
361.909,0.639919
361.989,0.639919
362.029,0.639919
362.109,0.681778
362.189,0.681778
362.229,0.681778
362.309,0.681778
362.389,0.681778
362.429,0.681778
362.509,0.707846
362.589,0.707846
362.672,0.707846
362.709,0.707846
362.789,0.707846
362.829,0.707846
362.909,0.710894
362.989,0.710894
363.029,0.710894
363.109,0.710894
363.189,0.710894
363.228,0.710894
363.309,0.697886
363.389,0.697886
363.429,0.697886
363.509,0.697886
363.589,0.697886
363.629,0.697886
363.709,0.685762
363.789,0.685762
363.829,0.685762
363.909,0.685762
363.989,0.685762
364.029,0.685762
364.109,0.655447
364.189,0.655447
364.229,0.655447
364.312,0.655447
364.389,0.655447
364.429,0.655447
364.504,0.621067
364.584,0.621067
364.623,0.621067
364.704,0.621067
364.784,0.621067
364.824,0.621067
364.904,0.622632
364.984,0.622632
365.024,0.622632
365.104,0.622632
365.184,0.622632
365.224,0.622632
365.304,0.644299
365.384,0.644299
365.424,0.644299
365.504,0.644299
365.584,0.644299
365.624,0.644299
365.704,0.668608
365.784,0.668608
365.824,0.668608
365.904,0.668608
366.027,0.668608
366.064,0.668608
366.104,0.683374
366.184,0.683374
366.224,0.683374
366.304,0.683374
366.384,0.683374
366.424,0.683374
366.524,0.689431
366.584,0.689431
366.624,0.689431
366.704,0.689431
366.784,0.689431
366.824,0.689431
366.904,0.689756
366.984,0.689756
367.024,0.689756
367.104,0.689756
367.184,0.689756
367.224,0.689756
367.304,0.685061
367.384,0.685061
367.424,0.685061
367.504,0.685061
367.584,0.685061
367.667,0.685061
367.704,0.698486
367.784,0.698486
367.824,0.698486
367.904,0.698486
367.984,0.698486
368.024,0.698486
368.104,0.732876
368.184,0.732876
368.224,0.732876
368.304,0.732876
368.384,0.732876
368.424,0.732876
368.504,0.739309
368.584,0.739309
368.624,0.739309
368.704,0.739309
368.784,0.739309
368.823,0.739309
368.904,0.743679
368.984,0.743679
369.024,0.743679
369.104,0.743679
369.184,0.743679
369.223,0.743679
369.327,0.728018
369.384,0.728018
369.423,0.728018
369.504,0.728018
369.584,0.728018
369.624,0.728018
369.704,0.738394
369.784,0.738394
369.824,0.738394
369.904,0.738394
369.984,0.738394
370.024,0.738394
370.104,0.765224
370.184,0.765224
370.224,0.765224
370.304,0.765224
370.384,0.765224
370.424,0.765224
370.504,0.801789
370.584,0.801789
370.624,0.801789
370.704,0.801789
370.784,0.801789
370.824,0.801789
370.904,0.852673
371.027,0.852673
371.044,0.852673
371.104,0.852673
371.184,0.852673
371.224,0.852673
371.304,0.877612
371.384,0.877612
371.424,0.877612
371.504,0.877612
371.584,0.877612
371.624,0.877612
371.704,0.877754
371.784,0.877754
371.824,0.877754
371.904,0.877754
371.984,0.877754
372.024,0.877754
372.104,0.867713
372.184,0.867713
372.224,0.867713
372.304,0.867713
372.384,0.867713
372.424,0.867713
372.504,0.854278
372.584,0.854278
372.627,0.854278
372.704,0.854278
372.784,0.854278
372.824,0.854278
372.904,0.831463
372.984,0.831463
373.024,0.831463
373.104,0.831463
373.184,0.831463
373.224,0.831463
373.304,0.827683
373.384,0.827683
373.424,0.827683
373.504,0.827683
373.584,0.827683
373.624,0.827683
373.704,0.852632
373.784,0.852632
373.824,0.852632
373.904,0.852632
373.984,0.852632
374.024,0.852632
374.104,0.865945
374.184,0.865945
374.224,0.865945
374.347,0.865945
374.384,0.865945
374.424,0.865945
374.504,0.857358
374.584,0.857358
374.624,0.857358
374.704,0.857358
374.784,0.857358
374.824,0.857358
374.904,0.859959
374.984,0.859959
375.024,0.859959
375.104,0.859959
375.184,0.859959
375.224,0.859959
375.304,0.865833
375.384,0.865833
375.424,0.865833
375.504,0.865833
375.584,0.865833
375.624,0.865833
375.704,0.870793
375.784,0.870793
375.824,0.870793
375.904,0.870793
375.988,0.870793
376.024,0.870793
376.104,0.840173
376.184,0.840173
376.224,0.840173
376.304,0.840173
376.384,0.840173
376.424,0.840173
376.504,0.84247
376.584,0.84247
376.624,0.84247
376.704,0.84247
376.784,0.84247
376.824,0.84247
376.904,0.848222
376.984,0.848222
377.024,0.848222
377.104,0.848222
377.184,0.848222
377.224,0.848222
377.304,0.854421
377.384,0.854421
377.424,0.854421
377.504,0.854421
377.584,0.854421
377.668,0.854421
377.704,0.844096
377.784,0.844096
377.824,0.844096
377.904,0.844096
377.984,0.844096
378.024,0.844096
378.104,0.854878
378.184,0.854878
378.224,0.854878
378.304,0.854878
378.384,0.854878
378.424,0.854878
378.504,0.863272
378.584,0.863272
378.624,0.863272
378.704,0.863272
378.784,0.863272
378.824,0.863272
378.904,0.876585
378.984,0.876585
379.024,0.876585
379.104,0.876585
379.184,0.876585
379.224,0.876585
379.347,0.871961
379.384,0.871961
379.424,0.871961
379.504,0.871961
379.584,0.871961
379.624,0.871961
379.704,0.870376
379.784,0.870376
379.824,0.870376
379.904,0.870376
379.984,0.870376
380.024,0.870376
380.104,0.868181
380.184,0.868181
380.224,0.868181
380.304,0.868181
380.384,0.868181
380.424,0.868181
380.504,0.856596
380.584,0.856596
380.624,0.856596
380.704,0.856596
380.784,0.856596
380.824,0.856596
380.904,0.849502
381.008,0.849502
381.025,0.849502
381.104,0.849502
381.184,0.849502
381.223,0.849502
381.304,0.820244
381.384,0.820244
381.423,0.820244
381.497,0.820244
381.577,0.820244
381.616,0.820244
381.697,0.819888
381.777,0.819888
381.817,0.819888
381.897,0.819888
381.977,0.819888
382.017,0.819888
382.097,0.821138
