0.119987,0.125061
0.1,0.125061
0.119987,0.125061
0.2,0.155407
0.280013,0.155407
0.319987,0.155407
0.4,0.188516
0.480013,0.188516
0.519987,0.188516
0.6,0.199187
0.680013,0.199187
0.719987,0.199187
0.8,0.20687
0.880013,0.20687
0.919987,0.20687
1,0.213384
1.08001,0.213384
1.11999,0.213384
1.2,0.218892
1.30404,0.218892
1.32103,0.218892
1.4,0.224715
1.48001,0.224715
1.54004,0.224715
1.6,0.228313
1.68001,0.228313
1.71999,0.228313
1.8,0.232185
1.88001,0.232185
1.91999,0.232185
2,0.231463
2.08001,0.231463
2.11999,0.231463
2.2,0.23185
2.28001,0.23185
2.31999,0.23185
2.4,0.232835
2.48001,0.232835
2.51999,0.232835
2.6,0.235417
2.68001,0.235417
2.71999,0.235417
2.8,0.236961
2.88001,0.236961
2.964,0.236961
3,0.242093
3.08001,0.242093
3.11999,0.242093
3.2,0.241748
3.28001,0.241748
3.31999,0.241748
3.4,0.243679
3.48001,0.243679
3.51999,0.243679
3.6,0.245528
3.68001,0.245528
3.71999,0.245528
3.8,0.245874
3.88001,0.245874
3.91999,0.245874
4,0.242581
4.08001,0.242581
4.11999,0.242581
4.2,0.242307
4.28001,0.242307
4.31999,0.242307
4.4,0.242886
4.48001,0.242886
4.51999,0.242886
4.64401,0.246098
4.68001,0.246098
4.71999,0.246098
4.8,0.246423
4.88001,0.246423
4.91999,0.246423
5,0.249533
5.08001,0.249533
5.11999,0.249533
5.2,0.256646
5.28001,0.256646
5.31999,0.256646
5.4,0.258018
5.48001,0.258018
5.51999,0.258018
5.6,0.28376
5.68001,0.28376
5.71999,0.28376
5.8,0.310498
5.88001,0.310498
5.91999,0.310498
6,0.314848
6.08001,0.314848
6.11999,0.314848
6.21999,0.317368
6.32298,0.317368
6.34004,0.317368
6.4,0.315945
6.48001,0.315945
6.51999,0.315945
6.6,0.317297
6.68001,0.317297
6.71999,0.317297
6.8,0.31751
6.88001,0.31751
6.91999,0.31751
7,0.31936
7.08001,0.31936
7.11999,0.31936
7.2,0.343181
7.28001,0.343181
7.31999,0.343181
7.4,0.368994
7.48001,0.368994
7.51999,0.368994
7.6,0.377266
7.68001,0.377266
7.71999,0.377266
7.8,0.382795
7.88001,0.382795
7.92298,0.382795
8,0.392561
8.08001,0.392561
8.11999,0.392561
8.2,0.39439
8.28001,0.39439
8.31999,0.39439
8.4,0.395803
8.48001,0.395803
8.51999,0.395803
8.6,0.403963
8.68001,0.403963
8.71999,0.403963
8.8,0.406707
8.88001,0.406707
8.91999,0.406707
9,0.411331
9.08001,0.411331
9.11999,0.411331
9.2,0.416463
9.28001,0.416463
9.31999,0.416463
9.4,0.415559
9.48001,0.415559
9.51999,0.415559
9.64303,0.407846
9.68001,0.407846
9.71999,0.407846
9.8,0.408618
9.88001,0.408618
9.91999,0.408618
10,0.40749
10.08,0.40749
10.12,0.40749
10.2,0.408557
10.28,0.408557
10.32,0.408557
10.4,0.407846
10.48,0.407846
10.52,0.407846
10.6,0.406087
10.68,0.406087
10.72,0.406087
10.8,0.403933
10.88,0.403933
10.92,0.403933
11,0.40185
11.08,0.40185
11.12,0.40185
11.2,0.401189
11.323,0.401189
11.34,0.401189
11.4,0.403598
11.48,0.403598
11.52,0.403598
11.6,0.403852
11.68,0.403852
11.72,0.403852
11.8,0.399756
11.88,0.399756
11.92,0.399756
12,0.397967
12.08,0.397967
12.12,0.397967
12.2,0.392978
12.28,0.392978
12.32,0.392978
12.4,0.387063
12.48,0.387063
12.52,0.387063
12.6,0.382419
12.68,0.382419
12.72,0.382419
12.8,0.379238
12.88,0.379238
12.963,0.379238
13,0.368943
13.08,0.368943
13.12,0.368943
13.2,0.368089
13.28,0.368089
13.32,0.368089
13.4,0.368974
13.48,0.368974
13.52,0.368974
13.6,0.368872
13.68,0.368872
13.72,0.368872
13.8,0.367124
13.88,0.367124
13.92,0.367124
14,0.366758
14.08,0.366758
14.12,0.366758
14.2,0.366911
14.28,0.366911
14.32,0.366911
14.4,0.366596
14.48,0.366596
14.52,0.366596
14.643,0.363587
14.68,0.363587
14.72,0.363587
14.8,0.366372
14.88,0.366372
14.92,0.366372
15,0.366799
15.08,0.366799
15.12,0.366799
15.2,0.366819
15.28,0.366819
15.32,0.366819
15.4,0.368191
15.48,0.368191
15.52,0.368191
15.6,0.369594
15.68,0.369594
15.72,0.369594
15.8,0.371047
15.88,0.371047
15.92,0.371047
16,0.371677
16.08,0.371677
16.12,0.371677
16.2,0.378821
16.323,0.378821
16.34,0.378821
16.4,0.377866
16.48,0.377866
16.52,0.377866
16.6,0.374766
16.68,0.374766
16.72,0.374766
16.8,0.373313
16.88,0.373313
16.92,0.373313
17,0.375376
17.08,0.375376
17.12,0.375376
17.2,0.37748
17.28,0.37748
17.32,0.37748
17.4,0.378283
17.48,0.378283
17.52,0.378283
17.6,0.379736
17.68,0.379736
17.72,0.379736
17.8,0.380244
17.88,0.380244
17.964,0.380244
18.02,0.38061
18.08,0.38061
18.12,0.38061
18.2,0.381108
18.28,0.381108
18.32,0.381108
18.4,0.382256
18.48,0.382256
18.52,0.382256
18.6,0.382917
18.68,0.382917
18.72,0.382917
18.8,0.385488
18.88,0.385488
18.92,0.385488
19,0.381545
19.08,0.381545
19.12,0.381545
19.2,0.37877
19.28,0.37877
19.32,0.37877
19.4,0.374644
19.48,0.374644
19.52,0.374644
19.643,0.377744
19.68,0.377744
19.72,0.377744
19.8,0.378089
19.88,0.378089
19.92,0.378089
20,0.378791
20.08,0.378791
20.12,0.378791
20.2,0.379837
20.28,0.379837
20.32,0.379837
20.4,0.379563
20.48,0.379563
20.52,0.379563
20.6,0.379949
20.68,0.379949
20.721,0.379949
20.8,0.380752
20.88,0.380752
20.92,0.380752
21,0.3819
21.08,0.3819
21.12,0.3819
21.2,0.382754
21.323,0.382754
21.34,0.382754
21.4,0.382459
21.48,0.382459
21.52,0.382459
21.62,0.382236
21.68,0.382236
21.72,0.382236
21.8,0.384258
21.88,0.384258
21.92,0.384258
22,0.383872
22.08,0.383872
22.12,0.383872
22.2,0.38501
22.28,0.38501
22.32,0.38501
22.4,0.385335
22.48,0.385335
22.52,0.385335
22.6,0.385132
22.68,0.385132
22.72,0.385132
22.8,0.385274
22.88,0.385274
22.963,0.385274
23,0.379045
23.08,0.379045
23.12,0.379045
23.2,0.378364
23.28,0.378364
23.32,0.378364
23.4,0.37815
23.48,0.37815
23.52,0.37815
23.6,0.379289
23.68,0.379289
23.72,0.379289
23.8,0.378933
23.88,0.378933
23.92,0.378933
24,0.379827
24.08,0.379827
24.12,0.379827
24.2,0.381057
24.28,0.381057
24.32,0.381057
24.4,0.382368
24.48,0.382368
24.52,0.382368
24.643,0.383089
24.68,0.383089
24.71,0.383089
24.79,0.382358
24.87,0.382358
24.91,0.382358
24.99,0.383811
25.07,0.383811
25.11,0.383811
25.19,0.38373
25.27,0.38373
25.33,0.38373
25.39,0.384583
25.47,0.384583
25.51,0.384583
25.59,0.390844
25.67,0.390844
25.71,0.390844
25.8,0.391047
25.88,0.391047
25.92,0.391047
26,0.392602
26.08,0.392602
26.12,0.392602
26.2,0.393262
26.304,0.393262
26.321,0.393262
26.4,0.397398
26.48,0.397398
26.52,0.397398
26.6,0.39873
26.68,0.39873
26.72,0.39873
26.8,0.400356
26.88,0.400356
26.92,0.400356
27,0.400752
27.08,0.400752
27.12,0.400752
27.2,0.403089
27.28,0.403089
27.32,0.403089
27.4,0.406697
27.48,0.406697
27.52,0.406697
27.6,0.409492
27.68,0.409492
27.72,0.409492
27.8,0.412683
27.88,0.412683
27.963,0.412683
28.02,0.425122
28.08,0.425122
28.12,0.425122
28.2,0.425976
28.28,0.425976
28.32,0.425976
28.4,0.428333
28.48,0.428333
28.52,0.428333
28.6,0.430193
28.68,0.430193
28.71,0.430193
28.79,0.433933
28.87,0.433933
28.91,0.433933
28.99,0.434634
29.07,0.434634
29.11,0.434634
29.19,0.434756
29.27,0.434756
29.31,0.434756
29.39,0.438262
29.47,0.438262
29.51,0.438262
29.613,0.437967
29.67,0.437967
29.71,0.437967
29.79,0.440396
29.87,0.440396
29.91,0.440396
29.99,0.437348
30.07,0.437348
30.11,0.437348
30.19,0.437541
30.27,0.437541
30.31,0.437541
30.39,0.438557
30.47,0.438557
30.51,0.438557
30.59,0.438343
30.67,0.438343
30.71,0.438343
30.8,0.439888
30.88,0.439888
30.92,0.439888
31,0.440925
31.08,0.440925
31.12,0.440925
31.2,0.440549
31.283,0.440549
31.32,0.440549
31.4,0.433923
31.48,0.433923
31.52,0.433923
31.6,0.436555
31.68,0.436555
31.72,0.436555
31.8,0.437175
31.88,0.437175
31.92,0.437175
32,0.438425
32.08,0.438425
32.12,0.438425
32.2,0.440783
32.28,0.440783
32.32,0.440783
32.4,0.441646
32.48,0.441646
32.52,0.441646
32.6,0.443354
32.68,0.443354
32.709,0.443354
32.79,0.443445
32.87,0.443445
32.934,0.443445
32.99,0.441463
33.07,0.441463
33.11,0.441463
33.19,0.451646
33.27,0.451646
33.31,0.451646
33.41,0.481809
33.47,0.481809
33.51,0.481809
33.59,0.508791
33.67,0.508791
33.71,0.508791
33.79,0.530894
33.87,0.530894
33.91,0.530894
33.99,0.538852
34.07,0.538852
34.11,0.538852
34.19,0.546565
34.27,0.546565
34.31,0.546565
34.39,0.541433
34.47,0.541433
34.51,0.541433
34.634,0.518587
34.67,0.518587
34.71,0.518587
34.8,0.520986
34.88,0.520986
34.92,0.520986
35,0.519756
35.08,0.519756
35.12,0.519756
35.2,0.524014
35.28,0.524014
35.32,0.524014
35.4,0.528963
35.48,0.528963
35.52,0.528963
35.6,0.534939
35.68,0.534939
35.71,0.534939
35.79,0.537083
35.87,0.537083
35.91,0.537083
35.99,0.540447
36.07,0.540447
36.11,0.540447
36.19,0.545163
36.295,0.545163
36.312,0.545163
36.39,0.542866
36.47,0.542866
36.51,0.542866
36.59,0.549512
36.67,0.549512
36.71,0.549512
36.79,0.549644
36.87,0.549644
36.91,0.549644
36.99,0.549654
37.07,0.549654
37.11,0.549654
37.19,0.552154
37.27,0.552154
37.31,0.552154
37.39,0.552073
37.47,0.552073
37.51,0.552073
37.59,0.548059
37.67,0.548059
37.714,0.548059
37.79,0.553425
37.87,0.553425
37.954,0.553425
38.01,0.561707
38.07,0.561707
38.11,0.561707
38.19,0.576463
38.27,0.576463
38.31,0.576463
38.39,0.594594
38.47,0.594594
38.51,0.594594
38.59,0.611413
38.67,0.611413
38.71,0.611413
38.8,0.619776
38.88,0.619776
38.92,0.619776
39,0.632287
39.08,0.632287
39.12,0.632287
39.2,0.636951
39.28,0.636951
39.32,0.636951
39.4,0.638943
39.48,0.638943
39.52,0.638943
39.644,0.630091
39.68,0.630091
39.72,0.630091
39.8,0.628018
39.88,0.628018
39.92,0.628018
40,0.63627
40.08,0.63627
40.12,0.63627
40.2,0.644919
40.28,0.644919
40.32,0.644919
40.4,0.654827
40.48,0.654827
40.52,0.654827
40.6,0.661331
40.68,0.661331
40.709,0.661331
40.79,0.666667
40.87,0.666667
40.91,0.666667
40.99,0.675467
41.07,0.675467
41.11,0.675467
41.19,0.683211
41.315,0.683211
41.332,0.683211
41.39,0.679309
41.47,0.679309
41.51,0.679309
41.59,0.688435
41.67,0.688435
41.71,0.688435
41.79,0.691606
41.87,0.691606
41.91,0.691606
41.99,0.691189
42.07,0.691189
42.11,0.691189
42.19,0.690427
42.27,0.690427
42.31,0.690427
42.39,0.690864
42.47,0.690864
42.51,0.690864
42.59,0.690844
42.67,0.690844
42.71,0.690844
42.8,0.693283
42.88,0.693283
42.964,0.693283
43.02,0.69687
43.08,0.69687
43.12,0.69687
43.2,0.705417
43.28,0.705417
43.32,0.705417
43.4,0.709787
43.48,0.709787
43.52,0.709787
43.6,0.710112
43.68,0.710112
43.72,0.710112
43.8,0.712398
43.88,0.712398
43.92,0.712398
44,0.714624
44.08,0.714624
44.12,0.714624
44.2,0.718781
44.28,0.718781
44.32,0.718781
44.4,0.72502
44.48,0.72502
44.52,0.72502
44.644,0.727591
44.68,0.727591
44.708,0.727591
44.79,0.732094
44.87,0.732094
44.91,0.732094
44.99,0.736738
45.07,0.736738
45.11,0.736738
45.19,0.740691
45.27,0.740691
45.31,0.740691
45.39,0.743526
45.47,0.743526
45.51,0.743526
45.59,0.746596
45.67,0.746596
45.71,0.746596
45.79,0.748516
45.87,0.748516
45.91,0.748516
45.99,0.751321
46.07,0.751321
46.11,0.751321
46.19,0.753008
46.315,0.753008
46.332,0.753008
46.39,0.753577
46.47,0.753577
46.51,0.753577
46.59,0.755701
46.67,0.755701
46.71,0.755701
46.8,0.755102
46.88,0.755102
46.92,0.755102
47,0.754421
47.08,0.754421
47.12,0.754421
47.2,0.753923
47.28,0.753923
47.32,0.753923
47.4,0.755305
47.48,0.755305
47.52,0.755305
47.6,0.755935
47.68,0.755935
47.72,0.755935
47.8,0.754573
47.88,0.754573
47.964,0.754573
48,0.742622
48.08,0.742622
48.12,0.742622
48.2,0.743679
48.28,0.743679
48.32,0.743679
48.4,0.743933
48.48,0.743933
48.52,0.743933
48.6,0.743882
48.68,0.743882
48.708,0.743882
48.8,0.740945
48.88,0.740945
48.92,0.740945
49,0.738415
49.08,0.738415
49.12,0.738415
49.2,0.735742
49.28,0.735742
49.32,0.735742
49.4,0.733862
49.48,0.733862
49.52,0.733862
49.646,0.723486
49.68,0.723486
49.72,0.723486
49.8,0.7219
49.88,0.7219
49.92,0.7219
50,0.720274
50.08,0.720274
50.12,0.720274
50.2,0.719685
50.28,0.719685
50.32,0.719685
50.4,0.719035
50.48,0.719035
50.52,0.719035
50.6,0.718781
50.68,0.718781
50.72,0.718781
50.8,0.715467
50.88,0.715467
50.92,0.715467
51,0.711829
51.08,0.711829
51.12,0.711829
51.2,0.708455
51.326,0.708455
51.343,0.708455
51.4,0.694939
51.48,0.694939
51.52,0.694939
51.6,0.695356
51.68,0.695356
51.72,0.695356
51.8,0.695925
51.88,0.695925
51.92,0.695925
52,0.697398
52.08,0.697398
52.12,0.697398
52.2,0.698648
52.28,0.698648
52.32,0.698648
52.4,0.708943
52.48,0.708943
52.52,0.708943
52.6,0.718689
52.68,0.718689
52.708,0.718689
52.8,0.733516
52.88,0.733516
52.966,0.733516
53.02,0.752805
53.08,0.752805
53.12,0.752805
53.2,0.762297
53.28,0.762297
53.32,0.762297
53.4,0.771128
53.48,0.771128
53.52,0.771128
53.6,0.780549
53.68,0.780549
53.72,0.780549
53.8,0.786118
53.88,0.786118
53.92,0.786118
54,0.787439
54.08,0.787439
54.12,0.787439
54.2,0.787195
54.28,0.787195
54.32,0.787195
54.4,0.785579
54.48,0.785579
54.52,0.785579
54.646,0.768161
54.68,0.768161
54.72,0.768161
54.79,0.767744
54.87,0.767744
54.91,0.767744
54.99,0.76312
55.07,0.76312
55.11,0.76312
55.19,0.76373
55.27,0.76373
55.31,0.76373
55.39,0.763963
55.47,0.763963
55.51,0.763963
55.59,0.760752
55.67,0.760752
55.71,0.760752
55.79,0.75876
55.87,0.75876
55.91,0.75876
55.99,0.757978
56.07,0.757978
56.11,0.757978
56.19,0.758892
56.316,0.758892
56.333,0.758892
56.39,0.751199
56.47,0.751199
56.51,0.751199
56.59,0.752724
56.67,0.752724
56.71,0.752724
56.79,0.753801
56.87,0.753801
56.91,0.753801
56.99,0.753415
57.07,0.753415
57.11,0.753415
57.19,0.753181
57.27,0.753181
57.31,0.753181
57.39,0.754045
57.47,0.754045
57.51,0.754045
57.59,0.75439
57.67,0.75439
57.712,0.75439
57.79,0.754624
57.87,0.754624
57.955,0.754624
58.01,0.754146
58.07,0.754146
58.11,0.754146
58.19,0.754126
58.27,0.754126
58.31,0.754126
58.39,0.754858
58.47,0.754858
58.51,0.754858
59.636,0.755335
58.6165,0.755335
59.71,0.755335
58.7365,0.754766
58.8165,0.754766
58.8565,0.754766
58.9365,0.753161
59.0165,0.753161
59.0565,0.753161
59.1365,0.753831
59.2165,0.753831
59.2565,0.753831
59.3365,0.754329
59.4165,0.754329
59.4565,0.754329
59.5365,0.753923
59.6165,0.753923
59.6565,0.753923
59.7365,0.753476
59.8165,0.753476
59.8565,0.753476
59.9365,0.753547
60.0165,0.753547
60.0565,0.753547
60.1365,0.753516
60.2625,0.753516
60.2965,0.753516
60.3365,0.75252
60.4165,0.75252
60.4565,0.75252
60.5365,0.753171
60.6165,0.753171
60.6565,0.753171
60.7365,0.753232
60.8165,0.753232
60.8565,0.753232
60.9365,0.753659
61.0165,0.753659
61.0565,0.753659
61.1365,0.753516
61.2165,0.753516
61.2565,0.753516
61.3365,0.753841
61.4165,0.753841
61.4565,0.753841
61.5365,0.754014
61.6165,0.754014
61.6565,0.754014
61.7365,0.753913
61.8165,0.753913
61.9025,0.753913
61.9365,0.750965
62.0165,0.750965
62.0565,0.750965
62.1365,0.751179
62.2165,0.751179
62.2565,0.751179
62.3365,0.752866
62.4165,0.752866
62.4565,0.752866
62.5365,0.756199
62.6165,0.756199
62.6565,0.756199
62.7365,0.757053
62.8165,0.757053
62.8565,0.757053
62.9365,0.756667
63.0165,0.756667
63.0565,0.756667
63.1365,0.757317
63.2165,0.757317
63.2565,0.757317
63.3365,0.757419
63.4165,0.757419
63.4565,0.757419
63.5825,0.756321
63.6365,0.756321
63.6585,0.756321
63.7365,0.757226
63.8165,0.757226
63.8765,0.757226
63.9365,0.760366
64.0165,0.760366
64.0565,0.760366
64.1365,0.76248
64.2165,0.76248
64.2565,0.76248
64.3365,0.763567
64.4165,0.763567
64.4565,0.763567
64.5365,0.765142
64.6165,0.765142
64.6565,0.765142
64.7365,0.768069
64.8165,0.768069
64.8565,0.768069
64.9365,0.769096
65.0165,0.769096
65.0565,0.769096
65.1365,0.771433
65.2625,0.771433
65.2795,0.771433
65.3365,0.766423
65.4165,0.766423
65.4565,0.766423
65.5365,0.765894
65.6165,0.765894
65.6565,0.765894
65.7365,0.764035
65.8165,0.764035
65.8565,0.764035
65.9375,0.763171
66.0165,0.763171
66.0565,0.763171
66.1365,0.763069
66.2165,0.763069
66.2565,0.763069
66.3365,0.762906
66.4165,0.762906
66.4565,0.762906
66.5365,0.762124
66.6165,0.762124
66.6565,0.762124
66.7365,0.7606
66.8165,0.7606
66.9025,0.7606
66.9365,0.758506
67.0165,0.758506
67.0565,0.758506
67.1365,0.758587
67.2165,0.758587
68.5815,0.758587
67.3239,0.764553
68.6565,0.764553
67.444,0.764553
67.5239,0.766037
67.564,0.766037
67.644,0.766037
67.7239,0.765417
67.764,0.765417
67.844,0.765417
67.9239,0.765955
67.984,0.765955
68.044,0.765955
68.1239,0.767073
68.164,0.767073
68.244,0.767073
68.3239,0.766829
68.364,0.766829
68.444,0.766829
68.5239,0.767419
68.564,0.767419
68.644,0.767419
68.7239,0.767266
68.764,0.767266
68.844,0.767266
68.97,0.76374
68.987,0.76374
69.044,0.76374
69.1239,0.763313
69.164,0.763313
69.244,0.763313
69.3239,0.763465
69.364,0.763465
69.444,0.763465
69.5239,0.763557
69.564,0.763557
69.644,0.763557
69.7239,0.76377
69.764,0.76377
69.844,0.76377
69.9239,0.764634
69.964,0.764634
70.044,0.764634
70.1239,0.764959
70.164,0.764959
70.244,0.764959
70.3239,0.764431
70.364,0.764431
70.4539,0.764431
70.534,0.764482
70.6209,0.764482
70.6539,0.764482
70.734,0.762896
70.7739,0.762896
70.8539,0.762896
70.934,0.763232
70.9739,0.763232
71.054,0.763232
71.134,0.765081
71.1739,0.765081
71.254,0.765081
71.334,0.764837
71.3739,0.764837
71.4539,0.764837
71.534,0.76561
71.5739,0.76561
71.6539,0.76561
71.734,0.766006
71.7739,0.766006
71.8539,0.766006
71.934,0.766839
71.9739,0.766839
72.054,0.766839
72.134,0.767419
72.1739,0.767419
72.301,0.767419
72.334,0.768404
72.3739,0.768404
72.4539,0.768404
72.534,0.770112
72.5739,0.770112
72.6539,0.770112
72.734,0.770589
72.7739,0.770589
72.8539,0.770589
72.934,0.769583
72.9739,0.769583
73.054,0.769583
73.134,0.769248
73.1739,0.769248
73.254,0.769248
73.334,0.769533
73.3739,0.769533
73.4539,0.769533
73.534,0.769278
73.5739,0.769278
73.6539,0.769278
73.734,0.769817
73.7739,0.769817
73.8539,0.769817
73.981,0.767764
73.998,0.767764
74.054,0.767764
74.134,0.767856
74.1739,0.767856
74.254,0.767856
74.334,0.768526
74.361,0.768526
74.4539,0.768526
74.534,0.768354
74.5739,0.768354
74.6739,0.768354
74.734,0.768079
74.7739,0.768079
74.8539,0.768079
74.934,0.770955
74.9739,0.770955
75.054,0.770955
75.134,0.775884
75.1739,0.775884
75.254,0.775884
75.334,0.776677
75.3739,0.776677
75.4539,0.776677
75.534,0.775681
75.6209,0.775681
75.6539,0.775681
75.734,0.773354
75.7739,0.773354
75.8539,0.773354
75.934,0.773679
75.9739,0.773679
76.054,0.773679
76.134,0.774715
76.1739,0.774715
76.254,0.774715
76.334,0.777551
76.359,0.777551
76.4539,0.777551
76.534,0.77748
76.5739,0.77748
76.6539,0.77748
76.734,0.77378
76.7739,0.77378
76.8539,0.77378
76.934,0.77126
76.9739,0.77126
77.054,0.77126
77.134,0.774807
77.1739,0.774807
77.301,0.774807
77.356,0.777175
77.3739,0.777175
77.4539,0.777175
77.534,0.779136
77.5739,0.779136
77.6539,0.779136
77.734,0.775894
77.794,0.775894
77.8539,0.775894
77.934,0.774868
77.9739,0.774868
78.054,0.774868
78.134,0.774136
78.1739,0.774136
78.254,0.774136
78.334,0.7725
78.364,0.7725
78.444,0.7725
78.5239,0.77062
78.564,0.77062
78.644,0.77062
78.7239,0.770396
78.764,0.770396
78.844,0.770396
78.97,0.76501
78.987,0.76501
79.044,0.76501
79.1239,0.76437
79.164,0.76437
79.244,0.76437
79.3239,0.764533
79.3679,0.764533
79.444,0.764533
79.5239,0.765579
79.564,0.765579
79.645,0.765579
79.7239,0.766494
79.764,0.766494
79.844,0.766494
79.9239,0.767154
79.964,0.767154
80.044,0.767154
80.1239,0.766982
80.164,0.766982
80.244,0.766982
80.3239,0.767459
80.364,0.767459
80.444,0.767459
80.5239,0.767703
80.609,0.767703
80.644,0.767703
80.7239,0.764339
80.764,0.764339
80.844,0.764339
80.9239,0.765041
80.964,0.765041
81.044,0.765041
81.1239,0.765508
81.164,0.765508
81.244,0.765508
81.3239,0.766128
81.364,0.766128
81.444,0.766128
81.5239,0.767256
81.564,0.767256
81.644,0.767256
81.7239,0.768283
81.764,0.768283
81.844,0.768283
81.9239,0.769258
81.964,0.769258
82.044,0.769258
82.1239,0.768872
82.164,0.768872
82.25,0.768872
82.3239,0.770437
82.3679,0.770437
82.444,0.770437
82.5239,0.771667
82.564,0.771667
82.644,0.771667
82.7239,0.775173
82.764,0.775173
82.844,0.775173
82.9239,0.773963
82.964,0.773963
83.044,0.773963
83.1239,0.769766
83.164,0.769766
83.244,0.769766
83.3239,0.767957
83.364,0.767957
83.444,0.767957
83.5239,0.767683
83.564,0.767683
83.644,0.767683
83.7239,0.766545
83.764,0.766545
83.844,0.766545
83.97,0.762581
83.987,0.762581
84.044,0.762581
84.1239,0.763242
84.164,0.763242
84.244,0.763242
84.3239,0.764146
84.364,0.764146
84.444,0.764146
84.5239,0.76435
84.564,0.76435
84.644,0.76435
84.7239,0.764644
84.764,0.764644
84.844,0.764644
84.9239,0.765132
84.964,0.765132
85.044,0.765132
85.1239,0.765163
85.164,0.765163
85.244,0.765163
85.3239,0.76378
85.364,0.76378
85.444,0.76378
85.5239,0.763618
85.609,0.763618
85.644,0.763618
85.7239,0.763171
85.764,0.763171
85.844,0.763171
85.9239,0.76499
85.964,0.76499
86.044,0.76499
86.1239,0.767256
86.164,0.767256
86.244,0.767256
86.3239,0.771067
86.364,0.771067
86.4539,0.771067
86.534,0.773862
86.5739,0.773862
86.6539,0.773862
86.734,0.773791
86.7739,0.773791
86.8539,0.773791
86.934,0.773018
86.9739,0.773018
87.054,0.773018
87.134,0.775132
87.1739,0.775132
87.301,0.775132
87.334,0.774532
87.3569,0.774532
87.4539,0.774532
87.534,0.771169
87.5739,0.771169
87.6539,0.771169
87.734,0.769736
87.7739,0.769736
87.8539,0.769736
87.934,0.769837
87.9739,0.769837
88.054,0.769837
88.134,0.769522
88.1739,0.769522
88.2539,0.769522
88.334,0.769624
88.358,0.769624
88.4539,0.769624
88.534,0.769309
88.5739,0.769309
88.6539,0.769309
88.734,0.769146
88.7739,0.769146
88.8539,0.769146
88.98,0.76688
88.997,0.76688
89.054,0.76688
89.134,0.768557
89.1739,0.768557
89.2539,0.768557
89.334,0.769705
89.3569,0.769705
89.4539,0.769705
89.534,0.768974
89.5739,0.768974
89.6539,0.768974
89.734,0.769573
89.7739,0.769573
89.8539,0.769573
89.934,0.770894
89.9739,0.770894
90.054,0.770894
90.134,0.771728
90.1739,0.771728
90.2539,0.771728
90.334,0.773913
90.361,0.773913
90.4539,0.773913
90.534,0.774573
90.62,0.774573
90.6539,0.774573
90.734,0.774217
90.7739,0.774217
90.8539,0.774217
90.934,0.774797
90.9739,0.774797
91.054,0.774797
91.134,0.775518
91.1739,0.775518
91.2539,0.775518
91.3349,0.777114
91.358,0.777114
91.444,0.777114
91.5239,0.776657
91.564,0.776657
91.644,0.776657
91.7239,0.77562
91.764,0.77562
91.844,0.77562
91.9239,0.773496
91.964,0.773496
92.044,0.773496
92.1239,0.770569
92.164,0.770569
92.289,0.770569
92.3239,0.764573
92.364,0.764573
92.444,0.764573
92.5239,0.763699
92.564,0.763699
92.644,0.763699
92.7239,0.762785
92.764,0.762785
92.844,0.762785
92.9239,0.761839
92.964,0.761839
93.044,0.761839
93.1239,0.762307
93.164,0.762307
93.244,0.762307
93.3239,0.761626
93.365,0.761626
93.444,0.761626
93.5239,0.761057
93.564,0.761057
93.644,0.761057
93.7239,0.761941
93.764,0.761941
93.844,0.761941
93.95,0.759766
93.967,0.759766
94.044,0.759766
94.1239,0.761169
94.164,0.761169
94.244,0.761169
94.3239,0.762906
94.364,0.762906
94.444,0.762906
94.5239,0.765305
94.564,0.765305
94.644,0.765305
94.7239,0.768679
94.764,0.768679
94.844,0.768679
94.9239,0.769289
94.964,0.769289
95.044,0.769289
95.1239,0.771809
95.164,0.771809
95.244,0.771809
95.3239,0.778252
95.364,0.778252
95.444,0.778252
95.5239,0.782459
95.609,0.782459
95.644,0.782459
95.7239,0.78252
95.764,0.78252
95.844,0.78252
95.9239,0.788984
95.964,0.788984
96.044,0.788984
96.1239,0.79688
96.164,0.79688
96.244,0.79688
96.3239,0.796626
96.364,0.796626
96.444,0.796626
96.5239,0.797439
96.564,0.797439
96.644,0.797439
96.7239,0.798089
96.764,0.798089
96.844,0.798089
96.9239,0.799868
96.964,0.799868
97.044,0.799868
97.1239,0.800803
97.164,0.800803
97.289,0.800803
97.3239,0.797256
97.364,0.797256
97.444,0.797256
97.5239,0.797998
97.564,0.797998
97.644,0.797998
97.7239,0.791768
97.764,0.791768
97.844,0.791768
97.9239,0.787327
97.964,0.787327
98.044,0.787327
98.1239,0.773222
98.164,0.773222
98.244,0.773222
98.3239,0.761646
98.364,0.761646
98.444,0.761646
98.5239,0.740925
98.564,0.740925
98.644,0.740925
98.7239,0.728486
98.764,0.728486
98.844,0.728486
98.969,0.703242
98.986,0.703242
99.044,0.703242
99.1239,0.693648
99.164,0.693648
99.244,0.693648
99.3239,0.677632
99.3659,0.677632
99.444,0.677632
99.5239,0.661281
99.564,0.661281
99.644,0.661281
99.7239,0.649146
99.764,0.649146
99.844,0.649146
99.9239,0.639614
99.964,0.639614
100.044,0.639614
100.124,0.636717
100.164,0.636717
100.244,0.636717
100.324,0.631687
100.364,0.631687
100.444,0.631687
100.524,0.619553
100.608,0.619553
100.644,0.619553
100.724,0.604746
100.764,0.604746
100.844,0.604746
100.924,0.598821
100.964,0.598821
101.044,0.598821
101.124,0.593841
101.164,0.593841
101.244,0.593841
101.324,0.603028
101.364,0.603028
101.444,0.603028
101.524,0.601596
101.564,0.601596
101.644,0.601596
101.724,0.590163
101.764,0.590163
101.844,0.590163
101.924,0.584685
101.964,0.584685
102.044,0.584685
102.124,0.572591
102.164,0.572591
102.288,0.572591
102.324,0.564197
102.367,0.564197
102.444,0.564197
102.524,0.544075
102.564,0.544075
102.644,0.544075
102.724,0.533811
102.764,0.533811
102.844,0.533811
102.924,0.5319
102.964,0.5319
103.044,0.5319
103.124,0.525417
103.164,0.525417
103.244,0.525417
103.324,0.540711
103.364,0.540711
103.444,0.540711
103.524,0.547967
103.564,0.547967
103.644,0.547967
103.724,0.551199
103.764,0.551199
103.844,0.551199
103.948,0.566433
103.965,0.566433
104.064,0.566433
104.124,0.57688
104.164,0.57688
104.244,0.57688
104.324,0.578171
104.364,0.578171
104.444,0.578171
104.524,0.567348
104.564,0.567348
104.644,0.567348
104.724,0.576159
104.764,0.576159
104.844,0.576159
104.924,0.570904
104.964,0.570904
105.044,0.570904
105.124,0.577652
105.164,0.577652
105.244,0.577652
105.324,0.583902
105.364,0.583902
105.444,0.583902
105.524,0.584421
105.587,0.584421
105.644,0.584421
105.724,0.57122
105.764,0.57122
105.844,0.57122
105.924,0.56315
105.964,0.56315
106.044,0.56315
106.124,0.58563
106.164,0.58563
106.244,0.58563
106.324,0.599624
106.364,0.599624
106.444,0.599624
106.524,0.630539
106.564,0.630539
106.644,0.630539
106.724,0.659411
106.764,0.659411
106.844,0.659411
106.924,0.676982
106.964,0.676982
107.044,0.676982
107.124,0.684563
107.164,0.684563
107.268,0.684563
107.344,0.684695
107.364,0.684695
107.444,0.684695
107.524,0.686636
107.564,0.686636
107.644,0.686636
107.724,0.675671
107.764,0.675671
107.844,0.675671
107.924,0.656118
107.964,0.656118
108.044,0.656118
108.124,0.654746
108.164,0.654746
108.244,0.654746
108.324,0.66872
108.364,0.66872
108.455,0.66872
108.535,0.687795
108.554,0.687795
108.635,0.687795
108.714,0.694776
108.754,0.694776
108.835,0.694776
108.939,0.702398
108.956,0.702398
109.034,0.702398
109.114,0.717205
109.154,0.717205
109.235,0.717205
109.314,0.736728
109.357,0.736728
109.434,0.736728
109.515,0.761443
109.554,0.761443
109.635,0.761443
109.714,0.778628
109.754,0.778628
109.834,0.778628
109.915,0.774959
109.955,0.774959
110.034,0.774959
110.114,0.759248
110.154,0.759248
110.235,0.759248
110.314,0.74311
110.357,0.74311
110.434,0.74311
110.515,0.734726
110.579,0.734726
110.635,0.734726
110.714,0.72188
110.754,0.72188
110.834,0.72188
110.914,0.696982
110.955,0.696982
111.034,0.696982
111.114,0.695102
111.154,0.695102
111.235,0.695102
111.314,0.676911
111.357,0.676911
111.434,0.676911
111.515,0.655783
111.554,0.655783
111.635,0.655783
111.714,0.647419
111.754,0.647419
111.834,0.647419
111.914,0.634278
111.955,0.634278
112.034,0.634278
112.114,0.621921
112.154,0.621921
112.278,0.621921
112.314,0.61813
112.357,0.61813
112.434,0.61813
112.515,0.632795
112.554,0.632795
112.635,0.632795
112.714,0.660274
112.754,0.660274
112.834,0.660274
112.914,0.686555
112.955,0.686555
113.034,0.686555
113.114,0.697266
113.154,0.697266
113.235,0.697266
113.314,0.699339
113.357,0.699339
113.434,0.699339
113.515,0.690183
113.554,0.690183
113.635,0.690183
113.714,0.661636
113.754,0.661636
113.834,0.661636
113.939,0.626799
113.974,0.626799
114.034,0.626799
114.114,0.590793
114.154,0.590793
114.234,0.590793
114.314,0.564848
114.357,0.564848
114.434,0.564848
114.514,0.537805
114.554,0.537805
114.634,0.537805
114.714,0.53937
114.754,0.53937
114.834,0.53937
114.914,0.5244
114.954,0.5244
115.034,0.5244
115.114,0.49937
115.154,0.49937
115.235,0.49937
115.335,0.480874
115.357,0.480874
115.454,0.480874
115.514,0.481961
115.558,0.481961
115.634,0.481961
115.714,0.496057
115.754,0.496057
115.834,0.496057
115.914,0.489624
115.974,0.489624
116.034,0.489624
116.114,0.481494
116.154,0.481494
116.235,0.481494
116.314,0.456596
116.357,0.456596
116.434,0.456596
116.514,0.456565
116.554,0.456565
116.634,0.456565
116.714,0.461524
116.754,0.461524
116.834,0.461524
116.914,0.457287
116.954,0.457287
117.034,0.457287
117.114,0.444726
117.154,0.444726
117.278,0.444726
117.314,0.427439
117.357,0.427439
117.434,0.427439
117.514,0.426646
117.554,0.426646
117.634,0.426646
117.714,0.432246
117.754,0.432246
117.834,0.432246
117.914,0.452693
117.955,0.452693
118.034,0.452693
118.114,0.437744
118.154,0.437744
118.234,0.437744
118.314,0.415904
118.357,0.415904
118.434,0.415904
118.514,0.400132
118.554,0.400132
118.634,0.400132
118.714,0.39565
118.754,0.39565
118.834,0.39565
118.939,0.375528
118.974,0.375528
119.034,0.375528
119.114,0.38247
119.154,0.38247
119.234,0.38247
119.314,0.394776
119.357,0.394776
119.434,0.394776
119.514,0.399604
119.554,0.399604
119.635,0.399604
119.714,0.414329
119.754,0.414329
119.834,0.414329
119.914,0.418283
119.955,0.418283
120.034,0.418283
120.114,0.419126
120.154,0.419126
120.234,0.419126
120.314,0.418821
120.357,0.418821
120.434,0.418821
120.514,0.402073
120.598,0.402073
120.634,0.402073
120.714,0.387348
120.754,0.387348
120.834,0.387348
120.914,0.382876
120.954,0.382876
121.034,0.382876
121.114,0.391677
121.154,0.391677
121.234,0.391677
121.314,0.410803
121.357,0.410803
121.434,0.410803
121.514,0.436392
121.554,0.436392
121.634,0.436392
121.714,0.459614
121.754,0.459614
121.834,0.459614
121.914,0.470823
121.954,0.470823
122.034,0.470823
122.114,0.473557
122.154,0.473557
122.238,0.473557
122.314,0.465244
122.357,0.465244
122.434,0.465244
122.514,0.450854
122.554,0.450854
122.634,0.450854
122.714,0.42997
122.754,0.42997
122.834,0.42997
122.914,0.404624
122.954,0.404624
123.034,0.404624
123.114,0.373547
123.154,0.373547
123.234,0.373547
123.314,0.322215
123.354,0.322215
123.434,0.322215
123.514,0.300589
123.554,0.300589
123.634,0.300589
123.714,0.302378
123.754,0.302378
123.834,0.302378
123.979,0.277134
123.996,0.277134
124.034,0.277134
124.114,0.277226
124.154,0.277226
124.234,0.277226
124.314,0.318791
124.357,0.318791
124.434,0.318791
124.514,0.377673
124.554,0.377673
124.634,0.377673
124.714,0.389776
124.754,0.389776
124.834,0.389776
124.914,0.382591
124.954,0.382591
125.034,0.382591
125.114,0.38
125.154,0.38
125.235,0.38
125.314,0.376717
125.357,0.376717
125.434,0.376717
125.515,0.390833
125.598,0.390833
125.655,0.390833
125.714,0.415498
125.754,0.415498
125.854,0.415498
125.914,0.427358
125.954,0.427358
126.034,0.427358
126.114,0.445681
126.154,0.445681
126.234,0.445681
126.314,0.435173
126.357,0.435173
126.434,0.435173
126.514,0.462317
126.554,0.462317
126.634,0.462317
126.714,0.488272
126.754,0.488272
126.834,0.488272
126.914,0.485457
126.954,0.485457
127.034,0.485457
127.114,0.488699
127.154,0.488699
127.238,0.488699
127.314,0.431382
127.357,0.431382
127.434,0.431382
127.514,0.383709
127.554,0.383709
127.634,0.383709
127.714,0.338984
127.754,0.338984
127.834,0.338984
127.914,0.302358
127.954,0.302358
128.034,0.302358
128.114,0.287154
128.154,0.287154
128.234,0.287154
128.314,0.271494
128.357,0.271494
128.434,0.271494
128.514,0.238242
128.554,0.238242
128.634,0.238242
128.714,0.21253
128.754,0.21253
128.834,0.21253
128.918,0.195722
128.954,0.195722
129.034,0.195722
129.114,0.192785
129.154,0.192785
129.234,0.192785
129.314,0.184055
129.357,0.184055
129.434,0.184055
129.514,0.17811
129.554,0.17811
129.635,0.17811
129.714,0.162734
129.754,0.162734
129.834,0.162734
129.914,0.14065
129.954,0.14065
130.034,0.14065
130.114,0.111362
130.154,0.111362
130.234,0.111362
130.314,0.0909451
130.357,0.0909451
130.434,0.0909451
130.514,0.0700203
130.598,0.0700203
130.635,0.0700203
130.714,0.0433028
130.754,0.0433028
130.834,0.0433028
130.914,0.0175102
130.954,0.0175102
131.034,0.0175102
131.114,0.00400406
131.154,0.00400406
131.234,0.00400406
131.314,0.00120935
131.357,0.00120935
131.434,0.00120935
131.514,0.00132114
131.554,0.00132114
131.634,0.00132114
131.714,0
131.754,0
131.834,0
131.914,0.00247967
131.954,0.00247967
132.034,0.00247967
132.114,0.00752033
132.154,0.00752033
132.278,0.00752033
132.314,0.0200711
132.357,0.0200711
132.434,0.0200711
132.514,0.020935
132.554,0.020935
132.634,0.020935
132.714,0.0218598
132.754,0.0218598
132.834,0.0218598
132.914,0.0213923
132.955,0.0213923
133.034,0.0213923
133.114,0.0250305
133.154,0.0250305
133.234,0.0250305
133.314,0.0671138
133.357,0.0671138
133.434,0.0671138
133.514,0.131799
133.554,0.131799
133.634,0.131799
133.714,0.202825
133.754,0.202825
133.835,0.202825
133.958,0.291504
133.975,0.291504
134.035,0.291504
134.134,0.343069
134.154,0.343069
134.234,0.343069
134.314,0.399187
134.357,0.399187
134.434,0.399187
134.514,0.440356
134.554,0.440356
134.634,0.440356
134.714,0.464766
134.754,0.464766
134.834,0.464766
134.914,0.481748
134.954,0.481748
135.034,0.481748
135.114,0.501504
135.154,0.501504
135.234,0.501504
135.314,0.46503
135.359,0.46503
135.434,0.46503
135.514,0.395193
135.558,0.395193
135.634,0.395193
135.714,0.318516
135.754,0.318516
135.834,0.318516
135.914,0.274451
135.954,0.274451
136.034,0.274451
136.114,0.214858
136.154,0.214858
136.234,0.214858
136.314,0.152785
136.357,0.152785
136.434,0.152785
136.514,0.0903354
136.554,0.0903354
136.634,0.0903354
136.714,0.0680894
136.754,0.0680894
136.834,0.0680894
136.914,0.0579268
136.954,0.0579268
137.034,0.0579268
137.114,0.0675102
137.154,0.0675102
137.238,0.0675102
137.314,0.0657215
137.357,0.0657215
137.434,0.0657215
137.514,0.0444817
137.554,0.0444817
137.634,0.0444817
137.714,0.0457419
137.754,0.0457419
137.834,0.0457419
137.914,0.0302337
137.955,0.0302337
138.034,0.0302337
138.114,0.00922764
138.154,0.00922764
138.234,0.00922764
138.314,0.0046748
138.354,0.0046748
138.434,0.0046748
138.514,0.00565041
138.554,0.00565041
138.634,0.00565041
138.714,0.00867886
138.754,0.00867886
138.834,0.00867886
138.959,0.0154472
138.976,0.0154472
139.034,0.0154472
139.114,0.0204472
139.154,0.0204472
139.234,0.0204472
139.314,0.0225407
139.357,0.0225407
139.434,0.0225407
139.514,0.0234248
139.554,0.0234248
139.634,0.0234248
139.714,0.0259146
139.754,0.0259146
139.834,0.0259146
139.914,0.0336179
139.954,0.0336179
140.034,0.0336179
140.114,0.0496951
140.154,0.0496951
140.234,0.0496951
140.314,0.0675508
140.357,0.0675508
140.434,0.0675508
140.514,0.0880285
140.598,0.0880285
140.634,0.0880285
140.714,0.11253
140.754,0.11253
140.834,0.11253
140.934,0.1194
140.954,0.1194
141.034,0.1194
141.114,0.12877
141.154,0.12877
141.234,0.12877
141.314,0.161951
141.354,0.161951
141.434,0.161951
141.514,0.203638
141.554,0.203638
141.634,0.203638
141.714,0.231098
141.754,0.231098
141.834,0.231098
141.914,0.263963
141.954,0.263963
142.034,0.263963
142.114,0.301504
142.154,0.301504
142.277,0.301504
142.314,0.334045
142.357,0.334045
142.434,0.334045
142.514,0.350102
142.554,0.350102
142.634,0.350102
142.714,0.36999
142.754,0.36999
142.834,0.36999
142.914,0.386026
142.954,0.386026
143.034,0.386026
143.114,0.393354
143.154,0.393354
143.234,0.393354
143.314,0.395417
143.357,0.395417
143.434,0.395417
143.514,0.435752
143.554,0.435752
143.634,0.435752
143.715,0.457307
143.754,0.457307
143.834,0.457307
143.917,0.470864
143.954,0.470864
144.034,0.470864
144.114,0.474268
144.154,0.474268
144.234,0.474268
144.314,0.464258
144.357,0.464258
144.434,0.464258
144.514,0.450752
144.554,0.450752
144.634,0.450752
144.714,0.416596
144.754,0.416596
144.835,0.416596
144.914,0.365701
144.954,0.365701
145.034,0.365701
145.114,0.316707
145.154,0.316707
145.234,0.316707
145.314,0.267825
145.357,0.267825
145.434,0.267825
145.514,0.214644
145.598,0.214644
145.634,0.214644
145.714,0.16872
145.754,0.16872
145.834,0.16872
145.914,0.114248
145.954,0.114248
146.034,0.114248
146.114,0.0692988
146.154,0.0692988
146.234,0.0692988
146.314,0.0492988
146.357,0.0492988
146.434,0.0492988
146.514,0.0326524
146.554,0.0326524
146.634,0.0326524
146.714,0.0281809
146.754,0.0281809
146.834,0.0281809
146.914,0.0266565
146.954,0.0266565
147.034,0.0266565
147.114,0.0197764
147.154,0.0197764
147.278,0.0197764
147.314,0.0397663
147.357,0.0397663
147.434,0.0397663
147.514,0.0394309
147.554,0.0394309
147.634,0.0394309
147.714,0.0400508
147.754,0.0400508
147.834,0.0400508
147.914,0.0406809
147.954,0.0406809
148.035,0.0406809
148.114,0.0396443
148.154,0.0396443
148.234,0.0396443
148.314,0.0415447
148.357,0.0415447
148.434,0.0415447
148.514,0.0418598
148.554,0.0418598
148.634,0.0418598
148.714,0.0404573
148.754,0.0404573
148.834,0.0404573
148.959,0.0397256
148.976,0.0397256
149.034,0.0397256
149.114,0.0395122
149.154,0.0395122
149.234,0.0395122
149.314,0.0400305
149.357,0.0400305
149.434,0.0400305
149.514,0.041626
149.554,0.041626
149.634,0.041626
149.714,0.04375
149.754,0.04375
149.834,0.04375
149.914,0.0459451
149.954,0.0459451
150.034,0.0459451
150.114,0.0475305
150.154,0.0475305
150.234,0.0475305
150.314,0.0467886
150.357,0.0467886
150.434,0.0467886
150.514,0.0462602
150.599,0.0462602
150.634,0.0462602
150.714,0.0441159
150.754,0.0441159
150.834,0.0441159
150.914,0.0571341
150.954,0.0571341
151.034,0.0571341
151.114,0.0836585
151.154,0.0836585
151.234,0.0836585
151.314,0.0893191
151.357,0.0893191
151.434,0.0893191
151.514,0.0906606
151.554,0.0906606
151.634,0.0906606
151.714,0.0919207
151.754,0.0919207
151.834,0.0919207
151.914,0.0954268
151.954,0.0954268
152.034,0.0954268
152.114,0.0973679
152.154,0.0973679
152.278,0.0973679
152.314,0.117561
152.357,0.117561
152.434,0.117561
152.514,0.115396
152.554,0.115396
152.634,0.115396
152.714,0.119035
152.754,0.119035
152.834,0.119035
152.914,0.117693
152.954,0.117693
153.034,0.117693
153.114,0.122927
153.154,0.122927
153.234,0.122927
153.314,0.125498
153.357,0.125498
153.434,0.125498
153.514,0.126748
153.554,0.126748
153.634,0.126748
153.714,0.118425
153.754,0.118425
153.834,0.118425
153.958,0.083811
153.975,0.083811
154.034,0.083811
154.114,0.0844004
154.154,0.0844004
154.234,0.0844004
154.314,0.0821951
154.357,0.0821951
154.434,0.0821951
154.514,0.0758943
154.554,0.0758943
154.634,0.0758943
154.715,0.0747358
154.754,0.0747358
154.834,0.0747358
154.914,0.0628862
154.954,0.0628862
155.034,0.0628862
155.114,0.0594715
155.154,0.0594715
155.234,0.0594715
155.314,0.058435
155.357,0.058435
155.434,0.058435
155.514,0.0623882
155.598,0.0623882
155.634,0.0623882
155.714,0.0681911
155.754,0.0681911
155.834,0.0681911
155.914,0.0621748
155.954,0.0621748
156.034,0.0621748
156.114,0.0544207
156.154,0.0544207
156.234,0.0544207
156.315,0.0442785
156.358,0.0442785
156.434,0.0442785
156.514,0.0444919
156.554,0.0444919
156.634,0.0444919
156.714,0.0436687
156.754,0.0436687
156.834,0.0436687
156.914,0.034939
156.954,0.034939
157.034,0.034939
157.114,0.0309858
157.154,0.0309858
157.278,0.0309858
157.335,0.0472053
157.357,0.0472053
157.434,0.0472053
157.514,0.0471951
157.554,0.0471951
157.634,0.0471951
157.714,0.0495732
157.754,0.0495732
157.834,0.0495732
157.914,0.0487602
157.954,0.0487602
158.034,0.0487602
158.114,0.0480691
158.154,0.0480691
158.234,0.0480691
158.314,0.0498679
158.357,0.0498679
158.434,0.0498679
158.514,0.0483028
158.554,0.0483028
158.634,0.0483028
158.714,0.0584959
158.754,0.0584959
158.834,0.0584959
158.959,0.140254
158.976,0.140254
159.034,0.140254
159.114,0.172866
159.154,0.172866
159.234,0.172866
159.314,0.158079
159.357,0.158079
159.454,0.158079
159.534,0.150081
159.554,0.150081
159.634,0.150081
159.714,0.145081
159.754,0.145081
159.834,0.145081
159.914,0.14374
159.954,0.14374
160.034,0.14374
160.114,0.14622
160.154,0.14622
160.234,0.14622
160.314,0.148608
160.357,0.148608
160.434,0.148608
160.514,0.163547
160.579,0.163547
160.634,0.163547
160.714,0.159858
160.754,0.159858
160.834,0.159858
160.914,0.139248
160.954,0.139248
161.034,0.139248
161.114,0.112419
161.154,0.112419
161.234,0.112419
161.314,0.0700305
161.357,0.0700305
161.434,0.0700305
161.514,0.0301829
161.554,0.0301829
161.634,0.0301829
161.714,0.0223171
161.754,0.0223171
161.834,0.0223171
161.914,0.0260163
161.954,0.0260163
162.034,0.0260163
162.114,0.0812602
162.154,0.0812602
162.279,0.0812602
162.314,0.129146
162.357,0.129146
162.434,0.129146
162.514,0.139766
162.554,0.139766
162.634,0.139766
162.714,0.146931
162.754,0.146931
162.834,0.146931
162.914,0.150447
162.954,0.150447
163.034,0.150447
163.114,0.155193
163.154,0.155193
163.234,0.155193
163.314,0.157663
163.357,0.157663
163.434,0.157663
163.514,0.157104
163.554,0.157104
163.634,0.157104
163.714,0.158242
163.754,0.158242
163.834,0.158242
163.959,0.150173
163.994,0.150173
164.034,0.150173
164.114,0.121321
164.154,0.121321
164.234,0.121321
164.314,0.0916972
164.357,0.0916972
164.434,0.0916972
164.514,0.0676829
164.554,0.0676829
164.635,0.0676829
164.714,0.0491362
164.754,0.0491362
164.834,0.0491362
164.914,0.038689
164.954,0.038689
165.034,0.038689
165.114,0.0399085
165.154,0.0399085
165.234,0.0399085
165.314,0.0451321
165.357,0.0451321
165.434,0.0451321
165.514,0.0500102
165.599,0.0500102
165.634,0.0500102
165.714,0.0578557
165.754,0.0578557
165.834,0.0578557
165.914,0.0591057
165.954,0.0591057
166.034,0.0591057
166.114,0.0602744
166.154,0.0602744
166.234,0.0602744
166.314,0.0606606
166.358,0.0606606
166.434,0.0606606
166.514,0.0612703
166.554,0.0612703
166.634,0.0612703
166.714,0.0609654
166.754,0.0609654
166.834,0.0609654
166.914,0.062002
166.954,0.062002
167.034,0.062002
167.114,0.0957419
167.154,0.0957419
167.279,0.0957419
167.314,0.146819
167.357,0.146819
167.434,0.146819
167.534,0.166484
167.554,0.166484
167.634,0.166484
167.714,0.166006
167.754,0.166006
167.834,0.166006
167.914,0.163516
167.954,0.163516
168.034,0.163516
168.114,0.153201
168.154,0.153201
168.234,0.153201
168.314,0.147429
168.358,0.147429
168.434,0.147429
168.514,0.150925
168.554,0.150925
168.634,0.150925
168.714,0.153628
168.754,0.153628
168.834,0.153628
168.94,0.152652
168.957,0.152652
169.034,0.152652
169.114,0.157256
169.154,0.157256
169.234,0.157256
169.314,0.16626
169.357,0.16626
169.434,0.16626
169.514,0.183953
169.554,0.183953
169.655,0.183953
169.714,0.191575
169.754,0.191575
169.834,0.191575
169.914,0.178496
169.954,0.178496
170.034,0.178496
170.114,0.15685
170.154,0.15685
170.234,0.15685
170.314,0.123425
170.357,0.123425
170.434,0.123425
170.514,0.0902337
170.599,0.0902337
170.634,0.0902337
170.714,0.0659654
170.754,0.0659654
170.834,0.0659654
170.914,0.0430081
170.954,0.0430081
171.034,0.0430081
171.114,0.034502
171.154,0.034502
171.234,0.034502
171.314,0.0422764
171.357,0.0422764
171.434,0.0422764
171.514,0.0507114
171.554,0.0507114
171.634,0.0507114
171.714,0.052378
171.754,0.052378
171.834,0.052378
171.914,0.0544715
171.954,0.0544715
172.034,0.0544715
172.114,0.0542175
172.154,0.0542175
172.279,0.0542175
172.334,0.0546951
172.357,0.0546951
172.434,0.0546951
172.514,0.0552642
172.554,0.0552642
172.634,0.0552642
172.714,0.0549492
172.754,0.0549492
172.834,0.0549492
172.914,0.0551016
172.954,0.0551016
173.034,0.0551016
173.114,0.0540447
173.154,0.0540447
173.234,0.0540447
173.314,0.0542683
173.357,0.0542683
173.434,0.0542683
173.514,0.0549797
173.554,0.0549797
173.634,0.0549797
173.714,0.055061
173.754,0.055061
173.834,0.055061
173.96,0.0702134
173.977,0.0702134
174.034,0.0702134
174.114,0.0703659
174.154,0.0703659
174.234,0.0703659
174.314,0.070935
174.357,0.070935
174.434,0.070935
174.514,0.0699085
174.554,0.0699085
174.634,0.0699085
174.714,0.0684959
174.754,0.0684959
174.834,0.0684959
174.914,0.107165
174.954,0.107165
175.034,0.107165
175.114,0.131524
175.154,0.131524
175.234,0.131524
175.314,0.140112
175.357,0.140112
175.434,0.140112
175.514,0.146362
175.599,0.146362
175.634,0.146362
175.714,0.179055
175.754,0.179055
175.834,0.179055
175.914,0.224431
175.954,0.224431
176.034,0.224431
176.114,0.275528
176.154,0.275528
176.234,0.275528
176.314,0.323069
176.357,0.323069
176.434,0.323069
176.514,0.332459
176.554,0.332459
176.634,0.332459
176.714,0.318902
176.754,0.318902
176.834,0.318902
176.914,0.324553
176.954,0.324553
177.034,0.324553
177.114,0.330996
177.154,0.330996
177.278,0.330996
177.314,0.326514
177.357,0.326514
177.434,0.326514
177.514,0.304187
177.554,0.304187
177.634,0.304187
177.714,0.285376
177.754,0.285376
177.834,0.285376
177.914,0.263394
177.955,0.263394
178.034,0.263394
178.114,0.26562
178.154,0.26562
178.234,0.26562
178.314,0.266819
178.357,0.266819
178.434,0.266819
178.514,0.263008
178.554,0.263008
178.634,0.263008
178.714,0.254096
178.754,0.254096
178.834,0.254096
178.919,0.274665
178.954,0.274665
179.034,0.274665
179.114,0.252165
179.154,0.252165
179.234,0.252165
179.314,0.208059
179.357,0.208059
179.434,0.208059
179.514,0.162815
179.554,0.162815
179.634,0.162815
179.714,0.115661
179.754,0.115661
179.834,0.115661
179.914,0.0755691
179.954,0.0755691
180.034,0.0755691
180.114,0.0561484
180.154,0.0561484
180.234,0.0561484
180.314,0.0717073
180.357,0.0717073
180.434,0.0717073
180.514,0.0831606
180.599,0.0831606
180.634,0.0831606
180.714,0.0791565
180.754,0.0791565
180.834,0.0791565
180.914,0.0743496
180.954,0.0743496
181.034,0.0743496
181.114,0.0674898
181.154,0.0674898
181.234,0.0674898
181.314,0.0702337
181.357,0.0702337
181.434,0.0702337
181.514,0.0701829
181.554,0.0701829
181.634,0.0701829
181.714,0.0884045
181.754,0.0884045
181.834,0.0884045
181.914,0.119522
181.954,0.119522
182.034,0.119522
182.114,0.137571
182.154,0.137571
182.279,0.137571
182.314,0.167175
182.36,0.167175
182.434,0.167175
182.514,0.171524
182.554,0.171524
182.634,0.171524
182.714,0.177317
182.754,0.177317
182.834,0.177317
182.914,0.184715
182.955,0.184715
183.034,0.184715
183.114,0.195559
183.154,0.195559
183.234,0.195559
183.314,0.196585
183.354,0.196585
183.434,0.196585
183.514,0.1994
183.554,0.1994
183.634,0.1994
183.714,0.201169
183.754,0.201169
183.834,0.201169
183.959,0.222896
183.976,0.222896
184.034,0.222896
184.114,0.226555
184.154,0.226555
184.234,0.226555
184.314,0.226067
184.357,0.226067
184.434,0.226067
184.514,0.225742
184.554,0.225742
184.635,0.225742
184.714,0.227236
184.754,0.227236
184.834,0.227236
184.914,0.227907
184.954,0.227907
185.034,0.227907
185.114,0.226606
185.154,0.226606
185.234,0.226606
185.314,0.231016
185.358,0.231016
185.434,0.231016
185.514,0.231921
185.599,0.231921
185.634,0.231921
185.714,0.238933
185.754,0.238933
185.834,0.238933
185.914,0.238425
185.954,0.238425
186.034,0.238425
186.114,0.239106
186.154,0.239106
186.234,0.239106
186.315,0.235823
186.357,0.235823
186.434,0.235823
186.514,0.235315
186.554,0.235315
186.634,0.235315
186.714,0.233415
186.754,0.233415
186.834,0.233415
186.914,0.235122
186.954,0.235122
187.034,0.235122
187.114,0.235325
187.154,0.235325
187.279,0.235325
187.314,0.231819
187.357,0.231819
187.434,0.231819
187.514,0.23127
187.574,0.23127
187.634,0.23127
187.714,0.23248
187.754,0.23248
187.834,0.23248
187.914,0.232967
187.954,0.232967
188.034,0.232967
188.114,0.236697
188.154,0.236697
188.234,0.236697
188.314,0.238435
188.357,0.238435
188.434,0.238435
188.514,0.238242
188.554,0.238242
188.634,0.238242
188.714,0.241626
188.754,0.241626
188.834,0.241626
188.959,0.248404
188.976,0.248404
189.034,0.248404
189.114,0.246616
189.154,0.246616
189.234,0.246616
189.314,0.248384
189.357,0.248384
189.434,0.248384
189.514,0.248679
189.554,0.248679
189.634,0.248679
189.714,0.249593
189.754,0.249593
189.834,0.249593
189.914,0.249004
189.954,0.249004
190.034,0.249004
190.114,0.250508
190.154,0.250508
190.234,0.250508
190.314,0.249939
190.357,0.249939
190.434,0.249939
190.514,0.251453
190.599,0.251453
190.634,0.251453
190.714,0.256006
190.754,0.256006
190.834,0.256006
190.914,0.257378
190.954,0.257378
191.034,0.257378
191.114,0.259156
191.154,0.259156
191.234,0.259156
191.314,0.261646
191.358,0.261646
191.434,0.261646
191.514,0.259502
191.554,0.259502
191.634,0.259502
191.714,0.265427
191.754,0.265427
191.834,0.265427
191.914,0.267398
191.954,0.267398
192.034,0.267398
192.114,0.266443
192.154,0.266443
192.258,0.266443
192.314,0.2669
192.358,0.2669
192.434,0.2669
192.514,0.267917
192.554,0.267917
192.634,0.267917
192.714,0.269939
192.754,0.269939
192.834,0.269939
192.914,0.263191
192.955,0.263191
193.034,0.263191
193.114,0.26128
193.155,0.26128
193.234,0.26128
193.314,0.259299
193.357,0.259299
193.434,0.259299
193.514,0.254756
193.554,0.254756
193.634,0.254756
193.714,0.257795
193.754,0.257795
193.834,0.257795
193.939,0.257276
193.956,0.257276
194.034,0.257276
194.115,0.258862
194.154,0.258862
194.234,0.258862
194.314,0.257012
194.357,0.257012
194.434,0.257012
194.514,0.254197
194.554,0.254197
194.635,0.254197
194.714,0.255437
194.754,0.255437
194.834,0.255437
194.914,0.256006
194.954,0.256006
195.034,0.256006
195.114,0.256291
195.154,0.256291
195.234,0.256291
195.314,0.265203
195.357,0.265203
195.434,0.265203
195.514,0.267632
195.598,0.267632
195.654,0.267632
195.714,0.264909
195.774,0.264909
195.834,0.264909
195.914,0.265518
195.954,0.265518
196.034,0.265518
196.114,0.273476
196.154,0.273476
196.234,0.273476
196.314,0.287978
196.357,0.287978
196.434,0.287978
196.515,0.300996
196.554,0.300996
196.634,0.300996
196.714,0.310417
196.754,0.310417
196.834,0.310417
196.914,0.313323
196.954,0.313323
197.055,0.313323
197.114,0.306026
197.154,0.306026
197.278,0.306026
197.314,0.274614
197.357,0.274614
197.434,0.274614
197.514,0.277053
197.554,0.277053
197.634,0.277053
197.714,0.280163
197.754,0.280163
197.834,0.280163
197.914,0.284024
197.954,0.284024
198.034,0.284024
198.114,0.289492
198.154,0.289492
198.234,0.289492
198.314,0.296169
198.358,0.296169
198.434,0.296169
198.514,0.303689
198.554,0.303689
198.634,0.303689
198.714,0.313669
198.754,0.313669
198.834,0.313669
198.938,0.301575
198.955,0.301575
199.034,0.301575
199.114,0.329411
199.154,0.329411
199.234,0.329411
199.314,0.358039
199.358,0.358039
199.434,0.358039
199.514,0.380894
199.554,0.380894
199.634,0.380894
199.714,0.392144
199.754,0.392144
199.834,0.392144
199.914,0.396138
199.954,0.396138
200.034,0.396138
200.114,0.401687
200.154,0.401687
200.234,0.401687
200.314,0.413425
200.357,0.413425
200.434,0.413425
200.514,0.437388
200.558,0.437388
200.634,0.437388
200.714,0.455437
200.754,0.455437
200.834,0.455437
200.914,0.461138
200.954,0.461138
201.034,0.461138
201.114,0.464654
201.154,0.464654
201.234,0.464654
201.314,0.469543
201.357,0.469543
201.434,0.469543
201.514,0.469268
201.554,0.469268
201.634,0.469268
201.714,0.467998
201.754,0.467998
201.834,0.467998
201.914,0.464807
201.954,0.464807
202.034,0.464807
202.114,0.461768
202.154,0.461768
202.258,0.461768
202.314,0.450904
202.357,0.450904
202.434,0.450904
202.514,0.457724
202.554,0.457724
202.634,0.457724
202.714,0.462388
202.754,0.462388
202.834,0.462388
202.914,0.455417
202.954,0.455417
203.034,0.455417
203.114,0.453262
203.154,0.453262
203.234,0.453262
203.314,0.452551
203.357,0.452551
203.434,0.452551
203.514,0.451026
203.554,0.451026
203.634,0.451026
203.714,0.47812
203.754,0.47812
203.834,0.47812
203.939,0.480457
203.956,0.480457
204.034,0.480457
204.114,0.497927
204.154,0.497927
204.234,0.497927
204.314,0.506006
204.358,0.506006
204.434,0.506006
204.514,0.508963
204.554,0.508963
204.634,0.508963
204.714,0.511717
204.754,0.511717
204.834,0.511717
204.914,0.509512
204.954,0.509512
205.034,0.509512
205.114,0.510224
205.154,0.510224
205.234,0.510224
205.314,0.505041
205.358,0.505041
205.434,0.505041
205.514,0.508323
205.598,0.508323
205.634,0.508323
205.714,0.504593
205.754,0.504593
205.834,0.504593
205.914,0.49874
205.954,0.49874
206.034,0.49874
206.114,0.494126
206.154,0.494126
206.234,0.494126
206.314,0.49313
206.357,0.49313
206.434,0.49313
206.514,0.493191
206.554,0.493191
206.634,0.493191
206.714,0.494573
206.754,0.494573
206.834,0.494573
206.914,0.496646
206.954,0.496646
207.034,0.496646
207.114,0.498313
207.154,0.498313
207.277,0.498313
207.314,0.498354
207.357,0.498354
207.434,0.498354
207.514,0.497967
207.554,0.497967
207.634,0.497967
207.714,0.498526
207.754,0.498526
207.834,0.498526
207.914,0.502195
207.954,0.502195
208.034,0.502195
208.114,0.502642
208.154,0.502642
208.234,0.502642
208.314,0.499624
208.357,0.499624
208.434,0.499624
208.514,0.49877
208.554,0.49877
208.634,0.49877
208.714,0.499421
208.754,0.499421
208.834,0.499421
208.958,0.496362
208.975,0.496362
209.034,0.496362
209.114,0.500793
209.154,0.500793
209.234,0.500793
209.314,0.505417
209.357,0.505417
209.434,0.505417
209.514,0.505793
209.554,0.505793
209.634,0.505793
209.714,0.505894
209.754,0.505894
209.834,0.505894
209.914,0.506179
209.954,0.506179
210.034,0.506179
210.114,0.506474
210.154,0.506474
210.234,0.506474
210.314,0.507144
210.357,0.507144
210.434,0.507144
210.514,0.507398
210.598,0.507398
210.654,0.507398
210.714,0.507276
210.754,0.507276
210.834,0.507276
210.914,0.507967
210.954,0.507967
211.034,0.507967
211.114,0.509024
211.154,0.509024
211.234,0.509024
211.314,0.510224
211.357,0.510224
211.434,0.510224
211.514,0.513303
211.554,0.513303
211.634,0.513303
211.714,0.519116
211.754,0.519116
211.834,0.519116
211.914,0.527246
211.954,0.527246
212.034,0.527246
212.114,0.533547
212.154,0.533547
212.278,0.533547
212.314,0.540437
212.357,0.540437
212.434,0.540437
212.514,0.548516
212.554,0.548516
212.634,0.548516
212.714,0.560925
212.754,0.560925
212.834,0.560925
212.914,0.566961
212.954,0.566961
213.034,0.566961
213.114,0.56938
213.154,0.56938
213.234,0.56938
213.314,0.574848
213.357,0.574848
213.424,0.574848
213.505,0.579278
213.544,0.579278
213.625,0.579278
213.705,0.582561
213.744,0.582561
213.824,0.582561
213.969,0.582083
214.005,0.582083
214.024,0.582083
214.104,0.583303
214.144,0.583303
214.225,0.583303
214.304,0.58561
214.345,0.58561
214.424,0.58561
214.505,0.590579
214.544,0.590579
214.625,0.590579
214.704,0.594756
214.744,0.594756
214.824,0.594756
214.904,0.599055
214.945,0.599055
215.024,0.599055
215.104,0.606565
215.144,0.606565
215.225,0.606565
215.304,0.611514
215.345,0.611514
215.424,0.611514
215.505,0.615254
215.609,0.615254
215.664,0.615254
215.704,0.615173
215.744,0.615173
215.824,0.615173
215.904,0.615884
215.945,0.615884
216.024,0.615884
216.104,0.6175
216.144,0.6175
216.225,0.6175
216.304,0.618608
216.345,0.618608
216.424,0.618608
216.505,0.619339
216.544,0.619339
216.625,0.619339
216.705,0.620366
216.744,0.620366
216.825,0.620366
216.904,0.619339
216.945,0.619339
217.024,0.619339
217.104,0.621606
217.144,0.621606
217.289,0.621606
217.306,0.616118
217.345,0.616118
217.424,0.616118
217.505,0.618374
217.544,0.618374
217.625,0.618374
217.704,0.617348
217.744,0.617348
217.824,0.617348
217.904,0.619573
217.945,0.619573
218.024,0.619573
218.104,0.621352
218.144,0.621352
218.225,0.621352
218.304,0.621016
218.345,0.621016
218.424,0.621016
218.505,0.617998
218.544,0.617998
218.625,0.617998
218.704,0.616199
218.744,0.616199
218.824,0.616199
218.969,0.598638
218.986,0.598638
219.024,0.598638
219.104,0.597205
219.144,0.597205
219.225,0.597205
219.304,0.596951
219.345,0.596951
219.424,0.596951
219.504,0.600285
219.544,0.600285
219.625,0.600285
219.704,0.600041
219.744,0.600041
219.824,0.600041
219.904,0.598984
219.945,0.598984
220.024,0.598984
220.104,0.599543
220.144,0.599543
220.225,0.599543
220.304,0.600427
220.345,0.600427
220.424,0.600427
220.505,0.599167
220.589,0.599167
220.625,0.599167
220.704,0.595955
220.744,0.595955
220.824,0.595955
220.904,0.597002
220.944,0.597002
221.024,0.597002
221.104,0.596972
221.144,0.596972
221.224,0.596972
221.305,0.596951
221.345,0.596951
221.424,0.596951
221.505,0.59752
221.544,0.59752
221.625,0.59752
221.704,0.598283
221.744,0.598283
221.824,0.598283
221.904,0.599776
221.945,0.599776
222.024,0.599776
222.104,0.601199
222.144,0.601199
222.29,0.601199
222.307,0.599187
222.345,0.599187
222.444,0.599187
222.505,0.600772
222.544,0.600772
222.625,0.600772
222.704,0.602774
222.744,0.602774
222.824,0.602774
222.904,0.602622
222.945,0.602622
223.024,0.602622
223.104,0.600965
223.144,0.600965
223.225,0.600965
223.304,0.601087
223.344,0.601087
223.424,0.601087
223.504,0.601545
223.544,0.601545
223.625,0.601545
223.704,0.601565
223.744,0.601565
223.824,0.601565
223.97,0.596443
223.987,0.596443
224.024,0.596443
224.104,0.59625
224.144,0.59625
224.225,0.59625
224.304,0.595823
224.345,0.595823
224.424,0.595823
224.505,0.595285
224.544,0.595285
224.625,0.595285
224.704,0.595478
224.744,0.595478
224.824,0.595478
224.904,0.596717
224.944,0.596717
225.024,0.596717
225.104,0.597043
225.144,0.597043
225.224,0.597043
225.304,0.596596
225.345,0.596596
225.424,0.596596
225.505,0.596474
225.589,0.596474
225.645,0.596474
225.704,0.593587
225.744,0.593587
225.824,0.593587
225.904,0.59501
225.945,0.59501
226.024,0.59501
226.104,0.596199
226.144,0.596199
226.224,0.596199
226.305,0.596972
226.344,0.596972
226.425,0.596972
226.505,0.597348
226.544,0.597348
226.624,0.597348
226.704,0.597642
226.744,0.597642
226.824,0.597642
226.904,0.598089
226.945,0.598089
227.024,0.598089
227.104,0.598303
227.144,0.598303
227.29,0.598303
227.325,0.595518
227.364,0.595518
227.434,0.595518
227.514,0.595722
227.554,0.595722
227.634,0.595722
227.714,0.596209
227.754,0.596209
227.834,0.596209
227.914,0.596992
227.955,0.596992
228.034,0.596992
228.114,0.596931
228.154,0.596931
228.234,0.596931
228.314,0.597134
228.354,0.597134
228.434,0.597134
228.514,0.597337
228.554,0.597337
228.634,0.597337
228.714,0.595102
228.754,0.595102
228.834,0.595102
228.959,0.5794
228.976,0.5794
229.034,0.5794
229.114,0.579512
229.154,0.579512
229.254,0.579512
229.314,0.579817
229.354,0.579817
229.434,0.579817
229.514,0.579654
229.554,0.579654
229.634,0.579654
229.714,0.579411
229.754,0.579411
229.834,0.579411
229.914,0.580031
229.954,0.580031
230.034,0.580031
230.114,0.580457
230.154,0.580457
230.234,0.580457
230.314,0.580854
230.357,0.580854
230.434,0.580854
230.514,0.580559
230.599,0.580559
230.634,0.580559
230.714,0.574329
230.754,0.574329
230.834,0.574329
230.914,0.575081
230.954,0.575081
231.034,0.575081
231.114,0.575366
231.154,0.575366
231.234,0.575366
231.314,0.576016
231.357,0.576016
231.434,0.576016
231.514,0.575894
231.554,0.575894
231.634,0.575894
231.714,0.575986
231.754,0.575986
231.834,0.575986
231.914,0.576453
231.954,0.576453
232.034,0.576453
232.114,0.577429
232.154,0.577429
232.279,0.577429
232.314,0.57623
232.354,0.57623
232.434,0.57623
232.514,0.576636
232.554,0.576636
232.634,0.576636
232.714,0.577053
232.754,0.577053
232.834,0.577053
232.914,0.578039
232.955,0.578039
233.034,0.578039
233.114,0.577154
233.154,0.577154
233.234,0.577154
233.314,0.578059
233.356,0.578059
233.434,0.578059
233.514,0.578465
233.554,0.578465
233.634,0.578465
233.714,0.577978
233.754,0.577978
233.834,0.577978
233.959,0.577205
233.976,0.577205
234.034,0.577205
234.114,0.577805
234.154,0.577805
234.234,0.577805
234.314,0.577287
234.357,0.577287
234.434,0.577287
234.514,0.577652
234.554,0.577652
234.634,0.577652
234.714,0.578344
234.754,0.578344
234.834,0.578344
234.914,0.57877
234.954,0.57877
235.034,0.57877
235.114,0.57873
235.154,0.57873
235.234,0.57873
235.314,0.57939
235.354,0.57939
235.434,0.57939
235.514,0.580132
235.599,0.580132
235.634,0.580132
235.714,0.575833
235.754,0.575833
235.834,0.575833
235.914,0.57624
235.954,0.57624
236.034,0.57624
236.114,0.576839
236.154,0.576839
236.234,0.576839
236.315,0.577906
236.357,0.577906
236.434,0.577906
236.514,0.578659
236.554,0.578659
236.634,0.578659
236.714,0.579136
236.754,0.579136
236.834,0.579136
236.914,0.579888
236.954,0.579888
237.034,0.579888
237.114,0.579848
237.154,0.579848
237.28,0.579848
237.314,0.578283
237.356,0.578283
237.434,0.578283
237.514,0.577906
237.554,0.577906
237.634,0.577906
237.714,0.578364
237.754,0.578364
238.96,0.578364
237.86,0.575325
239.034,0.575325
237.98,0.575325
238.02,0.576159
238.1,0.576159
238.18,0.576159
238.222,0.576657
238.3,0.576657
238.38,0.576657
238.42,0.577957
238.5,0.577957
238.58,0.577957
238.62,0.578496
238.7,0.578496
238.78,0.578496
238.82,0.578608
238.9,0.578608
238.98,0.578608
239.02,0.578537
239.1,0.578537
239.18,0.578537
239.222,0.578689
239.3,0.578689
239.38,0.578689
239.465,0.576006
239.5,0.576006
239.58,0.576006
239.62,0.576484
239.7,0.576484
239.78,0.576484
239.82,0.577276
239.9,0.577276
239.98,0.577276
240.02,0.578425
240.1,0.578425
240.18,0.578425
240.22,0.578882
240.291,0.578882
240.37,0.578882
240.41,0.578821
240.49,0.578821
240.57,0.578821
240.61,0.57874
240.69,0.57874
240.77,0.57874
240.81,0.579329
240.89,0.579329
240.97,0.579329
241.01,0.582022
241.136,0.582022
241.171,0.582022
241.21,0.581423
241.29,0.581423
241.37,0.581423
241.41,0.580691
241.49,0.580691
241.57,0.580691
241.61,0.5806
241.69,0.5806
241.77,0.5806
241.811,0.581585
241.89,0.581585
241.97,0.581585
242.01,0.582429
242.091,0.582429
242.17,0.582429
242.21,0.582785
242.29,0.582785
242.37,0.582785
242.41,0.58251
242.49,0.58251
242.57,0.58251
242.61,0.582805
242.69,0.582805
242.817,0.582805
242.85,0.580285
242.89,0.580285
242.97,0.580285
243.01,0.58063
243.09,0.58063
243.17,0.58063
243.21,0.581362
243.29,0.581362
243.37,0.581362
243.41,0.582551
243.491,0.582551
243.57,0.582551
243.61,0.583039
243.69,0.583039
243.771,0.583039
243.811,0.583638
243.89,0.583638
243.97,0.583638
244.01,0.584258
244.09,0.584258
244.17,0.584258
244.211,0.584604
244.29,0.584604
244.37,0.584604
244.456,0.583161
244.49,0.583161
244.57,0.583161
244.61,0.582398
244.69,0.582398
244.77,0.582398
244.81,0.583181
244.89,0.583181
244.97,0.583181
245.01,0.583272
245.09,0.583272
245.171,0.583272
245.211,0.583923
245.29,0.583923
245.37,0.583923
245.41,0.584888
245.49,0.584888
245.57,0.584888
245.61,0.584919
245.69,0.584919
245.77,0.584919
245.81,0.584797
245.89,0.584797
245.97,0.584797
246.01,0.584573
246.137,0.584573
246.17,0.584573
246.21,0.58252
246.29,0.58252
246.37,0.58252
246.41,0.58313
246.49,0.58313
246.59,0.58313
246.61,0.583364
246.69,0.583364
246.77,0.583364
246.811,0.583608
246.89,0.583608
246.97,0.583608
247.01,0.584502
247.09,0.584502
247.17,0.584502
247.21,0.584898
247.29,0.584898
247.37,0.584898
247.41,0.585163
247.49,0.585163
247.57,0.585163
247.61,0.585783
247.69,0.585783
247.797,0.585783
247.814,0.58436
247.89,0.58436
247.97,0.58436
248.01,0.585
248.09,0.585
248.17,0.585
248.211,0.585132
248.29,0.585132
248.37,0.585132
248.41,0.585081
248.49,0.585081
248.57,0.585081
248.61,0.584726
248.69,0.584726
248.77,0.584726
248.81,0.584766
248.89,0.584766
248.97,0.584766
249.01,0.584319
249.09,0.584319
249.17,0.584319
249.21,0.584929
249.29,0.584929
249.37,0.584929
249.457,0.585325
249.49,0.585325
249.57,0.585325
249.61,0.585661
249.69,0.585661
249.77,0.585661
249.81,0.585996
249.89,0.585996
249.97,0.585996
250.01,0.58689
250.09,0.58689
250.171,0.58689
250.21,0.587378
250.29,0.587378
250.37,0.587378
250.41,0.587876
250.49,0.587876
250.57,0.587876
250.61,0.588496
250.69,0.588496
250.77,0.588496
250.81,0.589411
250.89,0.589411
250.97,0.589411
251.01,0.59
251.136,0.59
251.17,0.59
251.21,0.586596
251.29,0.586596
251.37,0.586596
251.41,0.586636
251.49,0.586636
251.57,0.586636
251.61,0.587673
251.69,0.587673
251.77,0.587673
251.811,0.591596
251.89,0.591596
251.97,0.591596
252.01,0.595701
252.09,0.595701
252.171,0.595701
252.21,0.600874
252.29,0.600874
252.37,0.600874
252.41,0.606565
252.49,0.606565
252.57,0.606565
252.61,0.611484
252.69,0.611484
252.816,0.611484
252.833,0.615549
252.89,0.615549
252.97,0.615549
253.01,0.618913
253.09,0.618913
253.17,0.618913
253.21,0.622083
253.29,0.622083
253.37,0.622083
253.41,0.625579
253.491,0.625579
253.571,0.625579
253.61,0.629461
253.69,0.629461
253.77,0.629461
253.81,0.626108
253.89,0.626108
253.97,0.626108
254.01,0.624888
254.091,0.624888
254.17,0.624888
254.211,0.620945
254.29,0.620945
254.37,0.620945
254.455,0.595691
254.51,0.595691
254.57,0.595691
254.61,0.597439
254.69,0.597439
254.77,0.597439
254.81,0.599522
254.89,0.599522
254.97,0.599522
255.01,0.600335
255.09,0.600335
255.17,0.600335
255.211,0.599522
255.29,0.599522
255.37,0.599522
255.41,0.600112
255.49,0.600112
255.57,0.600112
255.61,0.600752
255.69,0.600752
255.77,0.600752
255.811,0.600854
255.89,0.600854
255.97,0.600854
256.011,0.600823
256.135,0.600823
256.17,0.600823
256.21,0.597673
256.29,0.597673
256.37,0.597673
256.41,0.597236
256.49,0.597236
256.57,0.597236
256.61,0.596443
256.69,0.596443
256.77,0.596443
256.811,0.597774
256.89,0.597774
256.971,0.597774
257.01,0.597846
257.09,0.597846
257.171,0.597846
257.211,0.598709
257.291,0.598709
257.371,0.598709
257.41,0.599421
257.491,0.599421
257.571,0.599421
257.61,0.599472
257.691,0.599472
257.816,0.599472
257.833,0.595213
257.89,0.595213
257.97,0.595213
258.01,0.595783
258.09,0.595783
258.17,0.595783
258.21,0.595915
258.29,0.595915
258.37,0.595915
258.41,0.595264
258.491,0.595264
258.57,0.595264
258.61,0.59624
258.69,0.59624
258.77,0.59624
258.81,0.597114
258.89,0.597114
258.971,0.597114
259.01,0.595203
259.09,0.595203
259.17,0.595203
259.21,0.593161
259.29,0.593161
259.37,0.593161
259.436,0.59503
259.49,0.59503
259.57,0.59503
259.61,0.594929
259.69,0.594929
259.77,0.594929
259.81,0.59437
259.89,0.59437
259.97,0.59437
260.01,0.594705
260.09,0.594705
260.17,0.594705
260.211,0.594644
260.29,0.594644
260.37,0.594644
260.41,0.596392
260.49,0.596392
260.57,0.596392
260.61,0.595783
260.691,0.595783
260.77,0.595783
260.811,0.596453
260.891,0.596453
260.97,0.596453
261.01,0.596077
261.136,0.596077
261.171,0.596077
261.21,0.595152
261.29,0.595152
261.37,0.595152
261.41,0.594655
261.49,0.594655
261.57,0.594655
261.61,0.593841
261.69,0.593841
261.77,0.593841
261.811,0.593191
261.891,0.593191
261.97,0.593191
262.01,0.593415
262.09,0.593415
262.17,0.593415
262.21,0.5931
262.29,0.5931
262.37,0.5931
262.41,0.593384
262.491,0.593384
262.57,0.593384
262.611,0.593293
262.69,0.593293
262.797,0.593293
262.814,0.588689
262.89,0.588689
262.97,0.588689
263.01,0.58815
263.09,0.58815
263.17,0.58815
263.21,0.589024
263.29,0.589024
263.37,0.589024
263.41,0.589431
263.491,0.589431
263.57,0.589431
263.61,0.589065
263.691,0.589065
263.77,0.589065
263.81,0.59003
263.89,0.59003
263.97,0.59003
264.01,0.589909
264.09,0.589909
264.17,0.589909
264.21,0.590478
264.29,0.590478
264.37,0.590478
264.455,0.58997
264.49,0.58997
264.57,0.58997
264.61,0.590661
264.69,0.590661
264.77,0.590661
264.81,0.590793
264.89,0.590793
264.97,0.590793
265.01,0.589858
265.09,0.589858
265.171,0.589858
265.211,0.591179
265.29,0.591179
265.37,0.591179
265.41,0.591159
265.491,0.591159
265.57,0.591159
265.61,0.591555
265.691,0.591555
265.77,0.591555
265.81,0.591362
265.891,0.591362
265.97,0.591362
266.01,0.591413
266.136,0.591413
266.17,0.591413
266.21,0.587886
266.29,0.587886
266.37,0.587886
266.41,0.588069
266.49,0.588069
266.57,0.588069
266.61,0.587673
266.69,0.587673
266.77,0.587673
266.811,0.58815
266.891,0.58815
266.971,0.58815
267.01,0.588252
267.09,0.588252
267.17,0.588252
267.21,0.588242
267.29,0.588242
267.37,0.588242
267.41,0.588455
267.49,0.588455
267.57,0.588455
267.61,0.58876
267.69,0.58876
267.816,0.58876
267.833,0.587947
267.89,0.587947
267.97,0.587947
268.01,0.588933
268.091,0.588933
268.17,0.588933
268.211,0.588852
268.29,0.588852
268.37,0.588852
268.41,0.589726
268.491,0.589726
268.571,0.589726
268.61,0.589593
268.69,0.589593
268.771,0.589593
268.81,0.589472
268.89,0.589472
268.97,0.589472
269.01,0.589624
269.09,0.589624
269.17,0.589624
269.21,0.588882
269.29,0.588882
269.37,0.588882
269.456,0.584695
269.49,0.584695
269.57,0.584695
269.61,0.585986
269.69,0.585986
269.77,0.585986
269.81,0.586738
269.891,0.586738
269.97,0.586738
270.01,0.587144
270.09,0.587144
270.171,0.587144
270.211,0.586748
270.291,0.586748
270.371,0.586748
270.41,0.587358
270.491,0.587358
270.57,0.587358
270.61,0.587297
270.691,0.587297
270.77,0.587297
270.811,0.587297
270.891,0.587297
270.97,0.587297
271.01,0.58753
277.816,0.58753
277.833,0.58753
271.157,0.586321
271.237,0.586321
271.277,0.586321
271.358,0.58626
271.437,0.58626
271.477,0.58626
271.557,0.586819
271.637,0.586819
271.677,0.586819
271.778,0.586839
271.837,0.586839
271.877,0.586839
271.957,0.586961
272.037,0.586961
272.077,0.586961
272.157,0.587063
272.237,0.587063
272.278,0.587063
272.357,0.587032
272.438,0.587032
272.477,0.587032
272.558,0.58747
272.638,0.58747
272.722,0.58747
272.778,0.582988
272.837,0.582988
272.877,0.582988
272.977,0.585122
273.037,0.585122
273.077,0.585122
273.157,0.585701
273.237,0.585701
273.277,0.585701
273.357,0.586392
273.438,0.586392
273.477,0.586392
273.557,0.586707
273.637,0.586707
273.677,0.586707
273.758,0.586677
273.838,0.586677
273.877,0.586677
273.958,0.587307
274.038,0.587307
274.077,0.587307
274.158,0.588232
274.238,0.588232
274.277,0.588232
274.383,0.587663
274.437,0.587663
274.477,0.587663
274.557,0.587632
274.637,0.587632
274.677,0.587632
274.757,0.587083
274.837,0.587083
274.878,0.587083
274.957,0.586291
275.038,0.586291
275.078,0.586291
275.157,0.587165
275.237,0.587165
275.278,0.587165
275.357,0.587368
275.438,0.587368
275.477,0.587368
275.558,0.588496
275.638,0.588496
275.677,0.588496
275.758,0.590213
275.838,0.590213
275.877,0.590213
275.958,0.592815
276.082,0.592815
276.099,0.592815
276.158,0.59186
276.237,0.59186
276.277,0.59186
276.357,0.593262
276.437,0.593262
276.477,0.593262
276.557,0.5975
276.637,0.5975
276.677,0.5975
276.758,0.598862
276.837,0.598862
276.877,0.598862
276.958,0.597358
277.037,0.597358
277.077,0.597358
277.158,0.598943
277.237,0.598943
277.277,0.598943
277.358,0.600203
277.437,0.600203
277.477,0.600203
277.558,0.60249
277.637,0.60249
277.722,0.60249
277.757,0.603547
277.837,0.603547
277.877,0.603547
277.957,0.607429
278.037,0.607429
278.077,0.607429
278.157,0.610183
278.237,0.610183
278.277,0.610183
278.357,0.611179
278.438,0.611179
278.478,0.611179
278.558,0.61373
278.637,0.61373
278.677,0.61373
278.757,0.61186
278.837,0.61186
278.877,0.61186
278.957,0.609116
279.038,0.609116
279.078,0.609116
279.157,0.601697
279.237,0.601697
279.278,0.601697
279.362,0.593984
279.437,0.593984
279.477,0.593984
279.557,0.581219
279.637,0.581219
279.677,0.581219
279.758,0.581016
279.837,0.581016
279.877,0.581016
279.957,0.584675
280.037,0.584675
280.078,0.584675
280.158,0.584888
280.238,0.584888
280.277,0.584888
280.358,0.585884
280.438,0.585884
280.478,0.585884
280.557,0.576677
280.637,0.576677
280.677,0.576677
280.757,0.567124
280.838,0.567124
280.877,0.567124
280.957,0.558028
281.083,0.558028
281.1,0.558028
281.157,0.537642
281.237,0.537642
281.277,0.537642
281.357,0.531596
281.437,0.531596
281.478,0.531596
281.557,0.528171
281.637,0.528171
281.678,0.528171
281.758,0.518059
281.838,0.518059
281.877,0.518059
281.958,0.514654
282.038,0.514654
282.078,0.514654
282.158,0.512785
282.238,0.512785
282.277,0.512785
282.358,0.524309
282.438,0.524309
282.478,0.524309
282.568,0.545955
282.647,0.545955
282.711,0.545955
282.767,0.557642
282.847,0.557642
282.887,0.557642
282.987,0.574665
283.047,0.574665
283.087,0.574665
283.167,0.590396
283.247,0.590396
283.287,0.590396
283.367,0.609339
283.448,0.609339
283.487,0.609339
283.567,0.616352
283.647,0.616352
283.687,0.616352
283.767,0.628709
283.847,0.628709
283.887,0.628709
283.967,0.633618
284.047,0.633618
284.087,0.633618
284.167,0.627398
284.247,0.627398
284.287,0.627398
284.391,0.635122
284.447,0.635122
284.491,0.635122
284.567,0.633496
284.647,0.633496
284.687,0.633496
284.767,0.625762
284.847,0.625762
284.887,0.625762
284.967,0.604827
285.047,0.604827
285.088,0.604827
285.168,0.56686
285.248,0.56686
285.288,0.56686
285.367,0.530366
285.448,0.530366
285.491,0.530366
285.568,0.513587
285.647,0.513587
285.687,0.513587
285.767,0.513892
285.848,0.513892
285.887,0.513892
285.968,0.520285
286.072,0.520285
286.089,0.520285
286.167,0.523933
286.247,0.523933
286.287,0.523933
286.367,0.525447
286.447,0.525447
286.491,0.525447
286.567,0.518089
286.647,0.518089
286.687,0.518089
286.768,0.515783
286.849,0.515783
286.887,0.515783
286.967,0.516819
287.047,0.516819
287.088,0.516819
287.167,0.535427
287.249,0.535427
287.287,0.535427
287.37,0.558608
287.449,0.558608
287.491,0.558608
287.569,0.557581
287.647,0.557581
287.734,0.557581
287.768,0.550234
287.847,0.550234
287.887,0.550234
287.968,0.560244
288.047,0.560244
288.089,0.560244
288.167,0.550467
288.247,0.550467
288.288,0.550467
288.367,0.538689
288.449,0.538689
288.491,0.538689
288.568,0.528343
288.649,0.528343
288.688,0.528343
288.768,0.520163
288.849,0.520163
288.889,0.520163
288.967,0.510732
289.049,0.510732
289.089,0.510732
289.169,0.527124
289.249,0.527124
289.288,0.527124
289.391,0.552876
289.449,0.552876
289.488,0.552876
289.568,0.568242
289.649,0.568242
289.688,0.568242
289.768,0.569055
289.849,0.569055
289.889,0.569055
289.968,0.567307
290.049,0.567307
290.088,0.567307
290.169,0.55812
290.249,0.55812
290.288,0.55812
290.368,0.557917
290.449,0.557917
290.491,0.557917
290.568,0.564309
290.649,0.564309
290.688,0.564309
290.768,0.573862
290.849,0.573862
290.889,0.573862
290.968,0.573801
291.092,0.573801
291.109,0.573801
291.169,0.566921
291.249,0.566921
291.288,0.566921
291.368,0.564035
291.449,0.564035
291.491,0.564035
291.568,0.550772
291.649,0.550772
291.689,0.550772
291.768,0.535864
291.849,0.535864
291.889,0.535864
291.968,0.506697
292.049,0.506697
292.088,0.506697
292.169,0.487561
292.249,0.487561
292.289,0.487561
292.368,0.461098
292.449,0.461098
292.491,0.461098
292.568,0.445274
292.649,0.445274
292.732,0.445274
292.787,0.434543
292.849,0.434543
292.888,0.434543
292.968,0.412134
293.048,0.412134
293.088,0.412134
293.169,0.397053
293.249,0.397053
293.288,0.397053
293.368,0.395894
293.449,0.395894
293.491,0.395894
293.568,0.402063
293.649,0.402063
293.688,0.402063
293.77,0.426179
293.849,0.426179
293.889,0.426179
293.968,0.456402
294.049,0.456402
294.088,0.456402
294.169,0.4831
294.25,0.4831
294.288,0.4831
294.372,0.487703
294.449,0.487703
294.492,0.487703
294.568,0.490407
294.649,0.490407
294.688,0.490407
294.768,0.512937
294.849,0.512937
294.889,0.512937
294.968,0.532226
295.049,0.532226
295.088,0.532226
295.169,0.549705
295.249,0.549705
295.288,0.549705
295.368,0.566585
295.449,0.566585
295.491,0.566585
295.568,0.586961
295.649,0.586961
295.688,0.586961
295.769,0.594482
295.849,0.594482
295.889,0.594482
295.969,0.617297
296.092,0.617297
296.109,0.617297
296.169,0.644492
296.249,0.644492
296.288,0.644492
296.368,0.662998
296.449,0.662998
296.491,0.662998
296.568,0.660894
296.649,0.660894
296.689,0.660894
296.769,0.682785
296.849,0.682785
296.889,0.682785
296.969,0.685742
297.049,0.685742
297.088,0.685742
297.169,0.668333
297.249,0.668333
297.288,0.668333
297.368,0.63561
297.449,0.63561
297.491,0.63561
297.568,0.614909
297.649,0.614909
297.711,0.614909
297.768,0.602226
297.849,0.602226
297.889,0.602226
297.968,0.609431
298.049,0.609431
298.088,0.609431
298.169,0.626026
298.249,0.626026
298.288,0.626026
298.369,0.645986
298.449,0.645986
298.491,0.645986
298.568,0.643902
298.649,0.643902
298.689,0.643902
298.768,0.616697
298.849,0.616697
298.889,0.616697
298.968,0.595955
299.049,0.595955
299.089,0.595955
299.169,0.593923
299.249,0.593923
299.288,0.593923
299.412,0.614888
299.449,0.614888
299.491,0.614888
299.568,0.605132
299.649,0.605132
299.688,0.605132
299.768,0.598293
299.849,0.598293
299.889,0.598293
299.969,0.581494
300.049,0.581494
300.089,0.581494
300.17,0.552327
300.249,0.552327
300.288,0.552327
300.368,0.507083
300.449,0.507083
300.491,0.507083
300.568,0.465854
300.649,0.465854
300.689,0.465854
300.768,0.429766
300.849,0.429766
300.889,0.429766
300.969,0.448628
301.071,0.448628
301.088,0.448628
301.17,0.476413
301.249,0.476413
301.288,0.476413
301.368,0.516596
301.449,0.516596
301.492,0.516596
301.568,0.551392
301.649,0.551392
301.688,0.551392
301.768,0.559949
301.849,0.559949
301.889,0.559949
301.968,0.557358
302.049,0.557358
302.088,0.557358
302.169,0.553171
302.249,0.553171
302.288,0.553171
302.368,0.54874
302.428,0.54874
302.491,0.54874
302.568,0.542104
302.649,0.542104
302.692,0.542104
302.768,0.533872
302.849,0.533872
302.889,0.533872
302.968,0.534136
303.049,0.534136
303.088,0.534136
303.169,0.532805
303.228,0.532805
303.288,0.532805
303.368,0.54626
303.449,0.54626
303.491,0.54626
303.568,0.58125
303.629,0.58125
303.688,0.58125
303.768,0.602195
303.828,0.602195
303.889,0.602195
303.948,0.633303
304.028,0.633303
304.088,0.633303
304.148,0.673374
304.228,0.673374
304.288,0.673374
304.372,0.71062
304.428,0.71062
304.468,0.71062
304.548,0.743435
304.628,0.743435
304.668,0.743435
304.748,0.751524
304.828,0.751524
304.868,0.751524
304.948,0.74376
305.028,0.74376
305.068,0.74376
305.148,0.743415
305.228,0.743415
305.268,0.743415
305.348,0.764512
305.428,0.764512
305.468,0.764512
305.548,0.775315
305.628,0.775315
305.668,0.775315
305.748,0.764817
305.828,0.764817
305.868,0.764817
305.948,0.738516
306.092,0.738516
306.109,0.738516
306.148,0.707967
306.228,0.707967
306.267,0.707967
306.348,0.692246
306.428,0.692246
306.468,0.692246
306.548,0.674492
306.628,0.674492
306.668,0.674492
306.748,0.653628
306.828,0.653628
306.868,0.653628
306.948,0.626524
307.028,0.626524
307.068,0.626524
307.148,0.59003
307.228,0.59003
307.267,0.59003
307.348,0.54813
307.428,0.54813
307.468,0.54813
307.548,0.52063
307.628,0.52063
307.692,0.52063
307.748,0.489878
307.828,0.489878
307.867,0.489878
307.948,0.478872
308.028,0.478872
308.068,0.478872
308.148,0.469858
308.228,0.469858
308.268,0.469858
308.348,0.496982
308.428,0.496982
308.468,0.496982
308.548,0.52061
308.628,0.52061
308.668,0.52061
308.748,0.517409
308.848,0.517409
308.868,0.517409
308.948,0.497754
309.028,0.497754
309.068,0.497754
309.148,0.510417
309.228,0.510417
309.268,0.510417
309.412,0.537378
309.429,0.537378
309.468,0.537378
309.548,0.533201
309.628,0.533201
309.667,0.533201
309.748,0.532348
309.828,0.532348
309.867,0.532348
309.947,0.519766
310.028,0.519766
310.068,0.519766
310.148,0.482144
310.228,0.482144
310.267,0.482144
310.348,0.446778
310.427,0.446778
310.468,0.446778
310.557,0.420528
310.637,0.420528
310.677,0.420528
310.757,0.411433
310.837,0.411433
310.877,0.411433
310.957,0.403831
311.061,0.403831
311.078,0.403831
311.157,0.372429
311.237,0.372429
311.277,0.372429
311.357,0.340539
311.437,0.340539
311.477,0.340539
311.557,0.306443
311.637,0.306443
311.738,0.306443
311.818,0.287805
311.898,0.287805
311.938,0.287805
312.018,0.284878
312.098,0.284878
312.138,0.284878
312.218,0.304787
312.298,0.304787
312.337,0.304787
312.418,0.327906
312.498,0.327906
312.538,0.327906
312.617,0.33187
312.698,0.33187
312.78,0.33187
312.817,0.308862
312.897,0.308862
312.937,0.308862
313.017,0.306098
313.097,0.306098
313.137,0.306098
313.217,0.309512
313.297,0.309512
313.337,0.309512
313.417,0.315996
313.498,0.315996
313.537,0.315996
313.617,0.322022
313.697,0.322022
313.737,0.322022
313.817,0.342276
313.898,0.342276
313.937,0.342276
314.017,0.356006
314.098,0.356006
314.138,0.356006
314.217,0.394045
314.298,0.394045
314.337,0.394045
314.421,0.41062
314.497,0.41062
314.537,0.41062
314.618,0.430081
314.697,0.430081
314.737,0.430081
314.817,0.447063
314.897,0.447063
314.937,0.447063
315.017,0.445854
315.097,0.445854
315.138,0.445854
315.217,0.43126
315.297,0.43126
315.337,0.43126
315.417,0.426087
315.497,0.426087
315.538,0.426087
315.617,0.415
315.698,0.415
315.737,0.415
315.818,0.411911
315.897,0.411911
315.937,0.411911
316.017,0.408872
316.122,0.408872
316.139,0.408872
316.217,0.410193
316.297,0.410193
316.337,0.410193
316.418,0.399533
316.498,0.399533
316.538,0.399533
316.617,0.381799
316.698,0.381799
316.737,0.381799
316.818,0.35624
316.897,0.35624
316.937,0.35624
317.017,0.325061
317.118,0.325061
317.138,0.325061
317.218,0.291474
317.297,0.291474
317.337,0.291474
317.417,0.269075
317.498,0.269075
317.538,0.269075
317.617,0.246819
317.697,0.246819
317.781,0.246819
317.817,0.244329
317.897,0.244329
317.937,0.244329
318.017,0.217571
318.097,0.217571
318.137,0.217571
318.217,0.176484
318.297,0.176484
318.337,0.176484
318.417,0.152419
318.518,0.152419
318.538,0.152419
318.617,0.118699
318.698,0.118699
318.737,0.118699
318.818,0.0735874
318.897,0.0735874
318.938,0.0735874
319.018,0.0302236
319.098,0.0302236
319.138,0.0302236
319.217,0.0163923
319.297,0.0163923
319.337,0.0163923
319.461,0.0168293
319.517,0.0168293
319.537,0.0168293
319.617,0.023435
319.697,0.023435
319.737,0.023435
319.817,0.0381504
319.897,0.0381504
319.937,0.0381504
320.017,0.0364126
320.097,0.0364126
320.138,0.0364126
320.217,0.035061
320.298,0.035061
320.338,0.035061
320.418,0.0339126
320.498,0.0339126
320.538,0.0339126
320.617,0.0372764
320.698,0.0372764
320.737,0.0372764
320.817,0.0394512
320.897,0.0394512
320.937,0.0394512
321.017,0.0399289
321.142,0.0399289
321.159,0.0399289
321.217,0.0542988
321.297,0.0542988
321.338,0.0542988
321.417,0.0546951
321.497,0.0546951
321.537,0.0546951
321.617,0.053628
321.697,0.053628
321.737,0.053628
321.818,0.0534451
321.898,0.0534451
321.937,0.0534451
326.135,0.0543089
322.041,0.0543089
326.207,0.0543089
322.162,0.0545732
322.201,0.0545732
322.281,0.0545732
322.361,0.0547967
322.402,0.0547967
322.481,0.0547967
322.562,0.0560366
322.601,0.0560366
322.682,0.0560366
322.762,0.0565244
322.802,0.0565244
322.882,0.0565244
322.962,0.0561687
323.002,0.0561687
323.082,0.0561687
323.162,0.0561585
323.202,0.0561585
323.281,0.0561585
323.362,0.0572154
323.401,0.0572154
323.481,0.0572154
323.562,0.0577541
323.648,0.0577541
323.682,0.0577541
323.761,0.057876
323.801,0.057876
323.881,0.057876
323.961,0.058872
324.001,0.058872
324.081,0.058872
324.162,0.0577033
324.202,0.0577033
324.282,0.0577033
324.362,0.0581199
324.402,0.0581199
324.482,0.0581199
324.562,0.0580589
324.602,0.0580589
324.682,0.0580589
324.762,0.0565549
324.801,0.0565549
324.881,0.0565549
324.962,0.0580285
325.001,0.0580285
325.082,0.0580285
325.162,0.0581301
325.201,0.0581301
325.328,0.0581301
325.362,0.0545833
325.401,0.0545833
325.481,0.0545833
325.561,0.0553252
325.601,0.0553252
325.681,0.0553252
325.761,0.0550915
325.801,0.0550915
325.881,0.0550915
325.962,0.0553049
326.002,0.0553049
326.082,0.0553049
326.162,0.0546748
326.202,0.0546748
326.282,0.0546748
326.362,0.0558333
326.402,0.0558333
326.482,0.0558333
326.562,0.0558232
326.602,0.0558232
326.682,0.0558232
326.762,0.0561585
326.801,0.0561585
326.882,0.0561585
327.008,0.0562805
327.025,0.0562805
327.081,0.0562805
327.162,0.0559451
327.201,0.0559451
327.281,0.0559451
327.361,0.0556707
327.401,0.0556707
327.481,0.0556707
327.562,0.109197
327.601,0.109197
327.682,0.109197
327.762,0.128384
327.802,0.128384
327.882,0.128384
327.962,0.137917
328.002,0.137917
328.082,0.137917
328.162,0.183547
328.202,0.183547
328.282,0.183547
328.362,0.249004
328.402,0.249004
328.482,0.249004
328.562,0.265945
328.647,0.265945
328.682,0.265945
328.762,0.252226
328.802,0.252226
328.882,0.252226
328.962,0.237276
329.002,0.237276
329.082,0.237276
329.162,0.237083
329.201,0.237083
329.281,0.237083
329.362,0.239024
329.402,0.239024
329.481,0.239024
329.562,0.23874
329.601,0.23874
329.681,0.23874
329.761,0.216006
329.801,0.216006
329.881,0.216006
329.961,0.194329
330.001,0.194329
330.081,0.194329
330.162,0.182043
330.201,0.182043
330.308,0.182043
330.362,0.183709
330.402,0.183709
330.482,0.183709
330.562,0.171545
330.602,0.171545
330.682,0.171545
330.762,0.15938
330.802,0.15938
330.882,0.15938
330.961,0.179461
331.002,0.179461
331.082,0.179461
331.162,0.186657
331.202,0.186657
331.282,0.186657
331.362,0.190691
331.402,0.190691
331.482,0.190691
331.562,0.180325
331.601,0.180325
331.682,0.180325
331.762,0.209787
331.802,0.209787
331.882,0.209787
332.007,0.239858
332.024,0.239858
332.081,0.239858
332.161,0.241514
332.201,0.241514
332.281,0.241514
332.361,0.233283
332.401,0.233283
332.481,0.233283
332.561,0.236209
332.601,0.236209
332.682,0.236209
332.762,0.241433
332.801,0.241433
332.882,0.241433
332.962,0.246463
333.002,0.246463
333.082,0.246463
333.162,0.225955
333.202,0.225955
333.282,0.225955
333.362,0.216453
333.402,0.216453
333.482,0.216453
333.562,0.205894
333.647,0.205894
333.682,0.205894
333.761,0.155976
333.801,0.155976
333.882,0.155976
333.962,0.103293
334.001,0.103293
334.081,0.103293
334.162,0.0615244
334.201,0.0615244
334.281,0.0615244
334.362,0.0444106
334.402,0.0444106
334.482,0.0444106
334.562,0.0303659
334.602,0.0303659
334.682,0.0303659
334.762,0.0265752
334.802,0.0265752
334.882,0.0265752
334.962,0.0291972
335.002,0.0291972
335.082,0.0291972
335.162,0.0406606
335.202,0.0406606
335.327,0.0406606
335.362,0.0514431
335.401,0.0514431
335.482,0.0514431
335.562,0.0539533
335.602,0.0539533
335.682,0.0539533
335.762,0.054248
335.801,0.054248
335.882,0.054248
335.962,0.0541972
336.002,0.0541972
336.082,0.0541972
336.162,0.0565041
336.202,0.0565041
336.282,0.0565041
336.362,0.0689228
336.402,0.0689228
336.482,0.0689228
336.562,0.0791463
336.602,0.0791463
336.682,0.0791463
336.762,0.0905386
336.801,0.0905386
336.882,0.0905386
337.006,0.0931402
337.042,0.0931402
337.082,0.0931402
337.162,0.0973679
337.202,0.0973679
337.282,0.0973679
337.362,0.0941463
337.402,0.0941463
337.482,0.0941463
337.562,0.126778
337.601,0.126778
337.682,0.126778
337.762,0.147053
337.801,0.147053
337.882,0.147053
337.962,0.1675
338.002,0.1675
338.081,0.1675
338.162,0.187317
338.201,0.187317
338.281,0.187317
338.361,0.182713
338.402,0.182713
338.482,0.182713
338.561,0.17378
338.605,0.17378
338.681,0.17378
338.761,0.164868
338.801,0.164868
338.882,0.164868
338.962,0.163974
339.002,0.163974
339.082,0.163974
339.162,0.166301
339.202,0.166301
339.282,0.166301
339.362,0.153994
339.402,0.153994
339.482,0.153994
339.562,0.135366
339.602,0.135366
339.682,0.135366
339.762,0.148648
339.801,0.148648
339.881,0.148648
339.961,0.173343
340.002,0.173343
340.082,0.173343
340.162,0.18065
340.202,0.18065
340.326,0.18065
340.362,0.159126
340.401,0.159126
340.482,0.159126
340.561,0.123557
340.601,0.123557
340.682,0.123557
340.762,0.079187
340.801,0.079187
340.881,0.079187
340.961,0.0326524
341.002,0.0326524
341.082,0.0326524
341.162,0.0198476
341.202,0.0198476
341.282,0.0198476
341.362,0.0225508
341.401,0.0225508
341.482,0.0225508
341.562,0.0256504
341.602,0.0256504
341.682,0.0256504
341.762,0.0361484
341.802,0.0361484
341.882,0.0361484
342.006,0.0740752
342.023,0.0740752
342.082,0.0740752
342.162,0.0757622
342.202,0.0757622
342.282,0.0757622
342.382,0.0810264
342.401,0.0810264
342.482,0.0810264
342.561,0.0815041
342.601,0.0815041
342.682,0.0815041
342.762,0.0803862
342.801,0.0803862
342.881,0.0803862
342.961,0.0805386
343.001,0.0805386
343.081,0.0805386
343.162,0.0793598
343.202,0.0793598
343.282,0.0793598
343.362,0.0798984
343.402,0.0798984
343.482,0.0798984
343.562,0.0792175
343.646,0.0792175
343.682,0.0792175
343.762,0.076189
343.801,0.076189
343.901,0.076189
343.961,0.0777337
344.001,0.0777337
344.082,0.0777337
344.162,0.0774898
344.201,0.0774898
344.281,0.0774898
344.362,0.0774797
344.402,0.0774797
344.482,0.0774797
344.562,0.0783537
344.602,0.0783537
344.682,0.0783537
344.761,0.0784248
344.802,0.0784248
344.882,0.0784248
344.961,0.0786382
345.001,0.0786382
345.082,0.0786382
345.162,0.079563
345.202,0.079563
345.327,0.079563
345.361,0.0817276
345.402,0.0817276
345.481,0.0817276
345.562,0.0817378
345.601,0.0817378
345.682,0.0817378
345.762,0.0817683
345.802,0.0817683
345.882,0.0817683
345.962,0.0807927
352.008,0.0807927
346.052,0.0807927
352.082,0.0728659
346.189,0.0728659
346.229,0.0728659
346.308,0.0735671
346.389,0.0735671
346.429,0.0735671
346.509,0.073811
346.589,0.073811
346.628,0.073811
346.709,0.0721646
346.789,0.0721646
346.829,0.0721646
346.908,0.0727032
346.989,0.0727032
347.029,0.0727032
347.109,0.0732317
347.189,0.0732317
347.229,0.0732317
347.309,0.0733333
347.388,0.0733333
347.429,0.0733333
347.508,0.0735163
347.589,0.0735163
347.674,0.0735163
347.709,0.0755081
347.789,0.0755081
347.829,0.0755081
347.908,0.0727744
347.988,0.0727744
348.028,0.0727744
348.108,0.0718496
348.189,0.0718496
348.228,0.0718496
348.308,0.0729573
348.389,0.0729573
348.429,0.0729573
348.509,0.0722663
348.589,0.0722663
348.628,0.0722663
348.709,0.0716972
348.789,0.0716972
348.828,0.0716972
348.909,0.0718902
348.989,0.0718902
349.028,0.0718902
349.108,0.0723679
349.189,0.0723679
349.228,0.0723679
349.355,0.0737906
349.389,0.0737906
349.429,0.0737906
349.508,0.0755386
349.589,0.0755386
349.628,0.0755386
349.709,0.0761484
349.788,0.0761484
349.829,0.0761484
349.909,0.0765142
349.989,0.0765142
350.029,0.0765142
350.109,0.090813
350.189,0.090813
350.229,0.090813
350.309,0.14377
350.389,0.14377
350.429,0.14377
350.509,0.179807
350.589,0.179807
350.629,0.179807
350.709,0.189207
350.789,0.189207
350.829,0.189207
350.909,0.182104
351.034,0.182104
351.051,0.182104
351.109,0.153638
351.189,0.153638
351.229,0.153638
351.309,0.1519
351.389,0.1519
351.429,0.1519
351.509,0.15187
351.589,0.15187
351.628,0.15187
351.709,0.154228
351.789,0.154228
351.829,0.154228
351.909,0.156951
351.989,0.156951
352.029,0.156951
352.109,0.159228
352.189,0.159228
352.229,0.159228
352.309,0.191717
352.389,0.191717
352.429,0.191717
352.509,0.224705
352.589,0.224705
352.672,0.224705
352.709,0.235457
352.789,0.235457
352.829,0.235457
352.909,0.237276
352.989,0.237276
353.029,0.237276
353.109,0.239014
353.189,0.239014
353.229,0.239014
353.309,0.235
353.389,0.235
353.429,0.235
353.509,0.236809
353.589,0.236809
353.629,0.236809
353.709,0.240681
353.789,0.240681
353.828,0.240681
353.909,0.240955
353.989,0.240955
354.029,0.240955
354.109,0.241707
354.189,0.241707
354.228,0.241707
354.332,0.246819
354.389,0.246819
354.428,0.246819
354.509,0.246951
354.589,0.246951
354.628,0.246951
354.709,0.247663
354.789,0.247663
354.828,0.247663
354.909,0.269644
354.989,0.269644
355.029,0.269644
355.109,0.301738
355.189,0.301738
355.229,0.301738
355.309,0.313567
355.389,0.313567
355.429,0.313567
355.509,0.312856
355.589,0.312856
355.629,0.312856
355.709,0.314106
355.789,0.314106
355.829,0.314106
355.909,0.317541
355.993,0.317541
356.028,0.317541
356.109,0.319136
356.189,0.319136
356.228,0.319136
356.309,0.324736
356.389,0.324736
356.429,0.324736
356.509,0.350539
356.589,0.350539
356.629,0.350539
356.709,0.37811
356.789,0.37811
356.829,0.37811
356.909,0.394177
356.989,0.394177
357.029,0.394177
357.109,0.402703
357.189,0.402703
357.229,0.402703
357.309,0.409858
357.389,0.409858
357.429,0.409858
357.509,0.414705
357.589,0.414705
357.652,0.414705
357.709,0.431982
357.788,0.431982
357.829,0.431982
357.909,0.433648
357.989,0.433648
358.029,0.433648
358.109,0.43685
358.189,0.43685
358.229,0.43685
358.309,0.437459
358.389,0.437459
358.428,0.437459
358.509,0.435081
358.589,0.435081
358.629,0.435081
358.709,0.44878
358.789,0.44878
358.829,0.44878
358.909,0.479929
358.989,0.479929
359.029,0.479929
359.109,0.50875
359.189,0.50875
359.229,0.50875
359.332,0.526128
359.389,0.526128
359.429,0.526128
359.509,0.531108
359.589,0.531108
359.629,0.531108
359.709,0.530285
359.789,0.530285
359.828,0.530285
359.909,0.53436
359.988,0.53436
360.029,0.53436
360.109,0.539756
360.189,0.539756
360.228,0.539756
360.309,0.54063
360.389,0.54063
360.429,0.54063
360.509,0.544248
360.589,0.544248
360.629,0.544248
360.709,0.558516
360.789,0.558516
360.829,0.558516
360.909,0.592937
361.013,0.592937
361.03,0.592937
361.109,0.60935
361.189,0.60935
361.229,0.60935
361.309,0.62122
361.389,0.62122
361.429,0.62122
361.509,0.626057
361.589,0.626057
361.629,0.626057
361.709,0.639919
361.789,0.639919
361.829,0.639919
361.909,0.659898
361.989,0.659898
362.029,0.659898
362.109,0.681778
362.189,0.681778
362.229,0.681778
362.309,0.695579
362.389,0.695579
362.429,0.695579
362.509,0.707846
362.589,0.707846
362.672,0.707846
362.709,0.721331
362.789,0.721331
362.829,0.721331
362.909,0.710894
362.989,0.710894
363.029,0.710894
363.109,0.703831
363.189,0.703831
363.228,0.703831
363.309,0.697886
363.389,0.697886
363.429,0.697886
363.509,0.694299
363.589,0.694299
363.629,0.694299
363.709,0.685762
363.789,0.685762
363.829,0.685762
363.909,0.668557
363.989,0.668557
364.029,0.668557
364.109,0.655447
364.189,0.655447
364.229,0.655447
364.312,0.628669
364.389,0.628669
364.429,0.628669
364.504,0.621067
364.584,0.621067
364.623,0.621067
364.704,0.614553
364.784,0.614553
364.824,0.614553
364.904,0.622632
364.984,0.622632
365.024,0.622632
365.104,0.632927
365.184,0.632927
365.224,0.632927
365.304,0.644299
365.384,0.644299
365.424,0.644299
365.504,0.656606
365.584,0.656606
365.624,0.656606
365.704,0.668608
365.784,0.668608
365.824,0.668608
365.904,0.681484
366.027,0.681484
366.064,0.681484
366.104,0.683374
366.184,0.683374
366.224,0.683374
366.304,0.688333
366.384,0.688333
366.424,0.688333
366.524,0.689431
366.584,0.689431
366.624,0.689431
366.704,0.690254
366.784,0.690254
366.824,0.690254
366.904,0.689756
366.984,0.689756
367.024,0.689756
367.104,0.687063
367.184,0.687063
367.224,0.687063
367.304,0.685061
367.384,0.685061
367.424,0.685061
367.504,0.690874
367.584,0.690874
367.667,0.690874
367.704,0.698486
367.784,0.698486
367.824,0.698486
367.904,0.719441
367.984,0.719441
368.024,0.719441
368.104,0.732876
368.184,0.732876
368.224,0.732876
368.304,0.738039
368.384,0.738039
368.424,0.738039
368.504,0.739309
368.584,0.739309
368.624,0.739309
368.704,0.738902
368.784,0.738902
368.823,0.738902
368.904,0.743679
368.984,0.743679
369.024,0.743679
369.104,0.744858
369.184,0.744858
369.223,0.744858
369.327,0.728018
369.384,0.728018
369.423,0.728018
369.504,0.73003
369.584,0.73003
369.624,0.73003
369.704,0.738394
369.784,0.738394
369.824,0.738394
369.904,0.750325
369.984,0.750325
370.024,0.750325
370.104,0.765224
370.184,0.765224
370.224,0.765224
370.304,0.778435
370.384,0.778435
370.424,0.778435
370.504,0.801789
370.584,0.801789
370.624,0.801789
370.704,0.827317
370.784,0.827317
370.824,0.827317
370.904,0.852673
371.027,0.852673
371.044,0.852673
371.104,0.866443
371.184,0.866443
371.224,0.866443
371.304,0.877612
371.384,0.877612
371.424,0.877612
371.504,0.878455
371.584,0.878455
371.624,0.878455
371.704,0.877754
371.784,0.877754
371.824,0.877754
371.904,0.873882
371.984,0.873882
372.024,0.873882
372.104,0.867713
372.184,0.867713
372.224,0.867713
372.304,0.859533
372.384,0.859533
372.424,0.859533
372.504,0.854278
372.584,0.854278
372.627,0.854278
372.704,0.835671
372.784,0.835671
372.824,0.835671
372.904,0.831463
372.984,0.831463
373.024,0.831463
373.104,0.827947
373.184,0.827947
373.224,0.827947
373.304,0.827683
373.384,0.827683
373.424,0.827683
373.504,0.839096
373.584,0.839096
373.624,0.839096
373.704,0.852632
373.784,0.852632
373.824,0.852632
373.904,0.86435
373.984,0.86435
374.024,0.86435
374.104,0.865945
374.184,0.865945
374.224,0.865945
374.347,0.858476
374.384,0.858476
374.424,0.858476
374.504,0.857358
374.584,0.857358
374.624,0.857358
374.704,0.85876
374.784,0.85876
374.824,0.85876
374.904,0.859959
374.984,0.859959
375.024,0.859959
375.104,0.862632
375.184,0.862632
375.224,0.862632
375.304,0.865833
375.384,0.865833
375.424,0.865833
375.504,0.867744
375.584,0.867744
375.624,0.867744
375.704,0.870793
375.784,0.870793
375.824,0.870793
375.904,0.868161
375.988,0.868161
376.024,0.868161
376.104,0.840173
376.184,0.840173
376.224,0.840173
376.304,0.841433
376.384,0.841433
376.424,0.841433
376.504,0.84247
376.584,0.84247
376.624,0.84247
376.704,0.846535
376.784,0.846535
376.824,0.846535
376.904,0.848222
376.984,0.848222
377.024,0.848222
377.104,0.850935
377.184,0.850935
377.224,0.850935
377.304,0.854421
377.384,0.854421
377.424,0.854421
377.504,0.855661
377.584,0.855661
377.668,0.855661
377.704,0.844096
377.784,0.844096
377.824,0.844096
377.904,0.849817
377.984,0.849817
378.024,0.849817
378.104,0.854878
378.184,0.854878
378.224,0.854878
378.304,0.857449
378.384,0.857449
378.424,0.857449
378.504,0.863272
378.584,0.863272
378.624,0.863272
378.704,0.869512
378.784,0.869512
378.824,0.869512
378.904,0.876585
378.984,0.876585
379.024,0.876585
379.104,0.878293
379.184,0.878293
379.224,0.878293
379.347,0.871961
379.384,0.871961
379.424,0.871961
379.504,0.871992
379.584,0.871992
379.624,0.871992
379.704,0.870376
379.784,0.870376
379.824,0.870376
379.904,0.868323
379.984,0.868323
380.024,0.868323
380.104,0.868181
380.184,0.868181
380.224,0.868181
380.304,0.866057
380.384,0.866057
380.424,0.866057
380.504,0.856596
380.584,0.856596
380.624,0.856596
380.704,0.853018
380.784,0.853018
380.824,0.853018
380.904,0.849502
381.008,0.849502
381.025,0.849502
381.104,0.820213
381.184,0.820213
381.223,0.820213
381.304,0.820244
381.384,0.820244
381.423,0.820244
381.497,0.819299
381.577,0.819299
381.616,0.819299
381.697,0.819888
381.777,0.819888
381.817,0.819888
381.897,0.820783
381.977,0.820783
382.017,0.820783
382.097,0.821138
