0.1,0.0819487
0.119987,0.0791664
0.2,0.0835162
0.280013,0.0697144
0.319987,0.0741739
0.4,0.0376277
0.480013,0.0510651
0.519987,0.060235
0.6,0.0530989
0.680013,0.0567434
0.719987,0.0667401
0.8,0.061391
0.880013,0.059702
0.919987,0.0543569
1,0.0584049
1.08001,0.0595257
1.11999,0.0544156
1.2,0.0669243
1.30404,0.0701729
1.32103,0.059075
1.4,0.0645456
1.48001,0.0649806
1.54004,0.0601135
1.6,0.0649531
1.68001,0.0700867
1.71999,0.0715013
1.8,0.0844724
1.88001,0.088493
1.91999,0.080683
2,0.0921414
2.08001,0.0904563
2.11999,0.0789078
2.2,0.0966009
2.28001,0.0981018
2.31999,0.0802989
2.4,0.0896216
2.48001,0.0866904
2.51999,0.0797738
2.6,0.0838963
2.68001,0.0829088
2.71999,0.0843548
2.8,0.0825679
2.88001,0.077689
2.964,0.120685
3,0.0808319
3.08001,0.0701611
3.11999,0.0670379
3.2,0.0776773
3.28001,0.0769131
3.31999,0.0572097
3.4,0.0779829
3.48001,0.0766035
3.51999,0.0674925
3.6,0.0818625
3.68001,0.0773481
3.71999,0.0545646
3.8,0.0787314
3.88001,0.0678843
3.91999,0.0547605
4,0.0654743
4.08001,0.0672534
4.11999,0.0709762
4.2,0.0812316
4.28001,0.0573429
4.31999,0.0378668
4.4,0.0378276
4.48001,0.0343321
4.51999,0.046249
4.64401,0.0768818
4.68001,0.056473
4.71999,0.0493134
4.8,0.0436626
4.88001,0.0440506
4.91999,0.05739
5,0.0435137
5.08001,0.0496661
5.11999,0.0513708
5.2,0.0545959
5.28001,0.0629389
5.31999,0.0816548
5.4,0.0626254
5.48001,0.0697418
5.51999,0.0724889
5.6,0.0791978
5.68001,0.0830616
5.71999,0.0811414
5.8,0.0775362
5.88001,0.0895785
5.91999,0.0960052
6,0.100665
6.08001,0.0999475
6.11999,0.0918043
6.21999,0.0986661
6.32298,0.131631
6.34004,0.105739
6.4,0.0845547
6.48001,0.0873252
6.51999,0.083865
6.6,0.0812864
6.68001,0.0773246
6.71999,0.085456
6.8,0.080632
6.88001,0.0812277
6.91999,0.0811219
7,0.0894727
7.08001,0.0881873
7.11999,0.0978274
7.2,0.0975218
7.28001,0.0868628
7.31999,0.0969653
7.4,0.101828
7.48001,0.10987
7.51999,0.116187
7.6,0.105884
7.68001,0.118836
7.71999,0.111821
7.8,0.103533
7.88001,0.104858
7.92298,0.122637
8,0.115042
8.08001,0.110987
8.11999,0.12915
8.2,0.128488
8.28001,0.119341
8.31999,0.120211
8.4,0.140314
8.48001,0.136106
8.51999,0.135502
8.6,0.134632
8.68001,0.138653
8.71999,0.143692
8.8,0.131611
8.88001,0.144515
8.91999,0.140546
9,0.149394
9.08001,0.140981
9.11999,0.142603
9.2,0.150205
9.28001,0.135032
9.31999,0.128198
9.4,0.151244
9.48001,0.155609
9.51999,0.13667
9.64303,0.18154
9.68001,0.135831
9.71999,0.112973
9.8,0.118475
9.88001,0.108369
9.91999,0.123597
10,0.112237
10.08,0.0891866
10.12,0.0940929
10.2,0.0938303
10.28,0.0778811
10.32,0.0566101
10.4,0.0829754
10.48,0.0840374
10.52,0.0862789
10.6,0.0852953
10.68,0.101723
10.72,0.104615
10.8,0.0917926
10.88,0.0872939
10.92,0.099728
11,0.10657
11.08,0.0928036
11.12,0.101158
11.2,0.0962756
11.323,0.131576
11.34,0.066501
11.4,0.0853032
11.48,0.106315
11.52,0.071082
11.6,0.0738879
11.68,0.108279
11.72,0.0973846
11.8,0.0946141
11.88,0.108075
11.92,0.0962795
12,0.0828696
12.08,0.0838336
12.12,0.0629311
12.2,0.0930231
12.28,0.0897117
12.32,0.0894688
12.4,0.06906
12.48,0.102405
12.52,0.0615321
12.6,0.0723909
12.68,0.0847937
12.72,0.0374475
12.8,0.0488001
12.88,0.0360642
12.963,0.0663796
13,0.0540355
13.08,0.0247351
13.12,0.0215962
13.2,0.0209104
13.28,0.0218196
13.32,0.0231598
13.4,0.0408333
13.48,0.025076
13.52,0.048322
13.6,0.0272039
13.68,0.0187551
13.72,0.0215452
13.8,0.0142329
13.88,0.0173914
13.92,0.025656
14,0.00947943
14.08,0.0451204
14.12,0.0256678
14.2,0.0235556
14.28,0.0145777
14.32,0.0271177
14.4,0.0181555
14.48,0.0266474
14.52,0.0474795
14.643,0.17842
14.68,0.0722851
14.72,0.0427691
14.8,0.0183162
14.88,0.038486
14.92,0.049384
15,0.0174972
15.08,0.0554698
15.12,0.0611284
15.2,0.0322395
15.28,0.0245392
15.32,0.0371614
15.4,0.0180458
15.48,0.0168349
15.52,0.0323296
15.6,0.0129593
15.68,0.0198563
15.72,0.0258637
15.8,0.0156358
15.88,0.0183946
15.92,0.0205342
16,0.0272039
16.08,0.0168114
16.12,0.0110038
16.2,0.011427
16.323,0.0161217
16.34,0.0110117
16.4,0.0117797
16.48,0.0133747
16.52,0.00963618
16.6,0.0148834
16.68,0.0114741
16.72,0.017987
16.8,0.0126183
16.88,0.00968713
16.92,0.0207262
17,0.00998495
17.08,0.0106355
17.12,0.0103337
17.2,0.0139664
17.28,0.016784
17.32,0.030962
17.4,0.0356684
17.48,0.0175795
17.52,0.0430748
17.6,0.0212043
17.68,0.0192253
17.72,0.0237201
17.8,0.0215727
17.88,0.0224857
17.964,0.080922
18.02,0.0583657
18.08,0.0173248
18.12,0.0301547
18.2,0.0145542
18.28,0.0176892
18.32,0.0212278
18.4,0.0141192
18.48,0.0145503
18.52,0.0110313
18.6,0.0131748
18.68,0.00968713
18.72,0.0128456
18.8,0.0161883
18.88,0.0160433
18.92,0.0189785
19,0.0161491
19.08,0.0150872
19.12,0.0153105
19.2,0.0128652
19.28,0.00840962
19.32,0.00550191
19.4,0.00320161
19.48,0.00269609
19.52,0.0174697
19.643,0.0582364
19.68,0.0193586
19.72,0.0752947
19.8,0.0481221
19.88,0.0638716
19.92,0.0745149
20,0.0543529
20.08,0.0423028
20.12,0.049913
20.2,0.0506811
20.28,0.0152478
20.32,0.0333093
20.4,0.0345594
20.48,0.0183711
20.52,0.00914242
20.6,0.0176578
20.68,0.0178695
20.721,0.0144288
20.8,0.0136333
20.88,0.018567
20.92,0.0173718
21,0.0188139
21.08,0.0178146
21.12,0.0223721
21.2,0.0125713
21.323,0.0787549
21.34,0.0234654
21.4,0.0106942
21.48,0.0156201
21.52,0.00741818
21.62,0.0100241
21.68,0.0283678
21.72,0.0410998
21.8,0.0272313
21.88,0.019723
21.92,0.0285637
22,0.0593964
22.08,0.0303036
22.12,0.0299705
22.2,0.0348925
22.28,0.0337208
22.32,0.044995
22.4,0.0289125
22.48,0.0235164
22.52,0.0330899
22.6,0.0166507
22.68,0.0197583
22.72,0.025511
22.8,0.0241434
22.88,0.025268
22.963,0.115783
23,0.0295042
23.08,0.0299627
23.12,0.0292181
23.2,0.0292926
23.28,0.0309502
23.32,0.0315968
23.4,0.0360171
23.48,0.0303232
23.52,0.0307464
23.6,0.0289948
23.68,0.0268786
23.72,0.0288067
23.8,0.0246841
23.88,0.0230853
23.92,0.0264319
24,0.0231362
24.08,0.0233165
24.12,0.0262948
24.2,0.0229442
24.28,0.0230657
24.32,0.0269257
24.4,0.0230461
24.48,0.0236143
24.52,0.0236927
24.643,0.0742797
24.68,0.0308797
24.71,0.0395479
24.79,0.024159
24.87,0.0241747
24.91,0.0408137
24.99,0.027486
25.07,0.0275644
25.11,0.0406021
25.19,0.0237162
25.27,0.0241159
25.33,0.0376748
25.39,0.0230344
25.47,0.0227992
25.51,0.0274469
25.59,0.0250368
25.67,0.0277094
25.71,0.0308914
25.8,0.0299039
25.88,0.0341126
25.92,0.0400103
26,0.040508
26.08,0.037808
26.12,0.0379922
26.2,0.0370713
26.304,0.0516333
26.321,0.0404728
26.4,0.0296884
26.48,0.0271921
26.52,0.0345672
26.6,0.0292495
26.68,0.031636
26.72,0.0353901
26.8,0.0321611
26.88,0.0356527
26.92,0.0429494
27,0.0401357
27.08,0.0442779
27.12,0.0510455
27.2,0.0528325
27.28,0.0615438
27.32,0.0700749
27.4,0.0701846
27.48,0.0764037
27.52,0.0829441
27.6,0.0865728
27.68,0.0921335
27.72,0.0923059
27.8,0.0976002
27.88,0.0970163
27.963,0.174419
28.02,0.104172
28.08,0.117848
28.12,0.11929
28.2,0.124005
28.28,0.126481
28.32,0.129961
28.4,0.136282
28.48,0.13872
28.52,0.139864
28.6,0.142368
28.68,0.14602
28.71,0.150801
28.79,0.1547
28.87,0.153086
28.91,0.159943
28.99,0.159943
29.07,0.163474
29.11,0.180485
29.19,0.172429
29.27,0.176328
29.31,0.178099
29.39,0.186877
29.47,0.190318
29.51,0.188676
29.613,0.233957
29.67,0.194934
29.71,0.195545
29.79,0.197156
29.87,0.198026
29.91,0.200205
29.99,0.204127
30.07,0.20571
30.11,0.208947
30.19,0.206126
30.27,0.20506
30.31,0.202932
30.39,0.20979
30.47,0.207913
30.51,0.216307
30.59,0.208011
30.67,0.215488
30.71,0.206737
30.8,0.210828
30.88,0.212086
30.92,0.199315
31,0.221667
31.08,0.222173
31.12,0.190901
31.2,0.212008
31.283,0.197748
31.32,0.247853
31.4,0.207556
31.48,0.212498
31.52,0.232507
31.6,0.242801
31.68,0.200181
31.72,0.218725
31.8,0.213732
31.88,0.200769
31.92,0.201819
32,0.205561
32.08,0.208132
32.12,0.199625
32.2,0.204151
32.28,0.171049
32.32,0.210754
32.4,0.204582
32.48,0.19658
32.52,0.190655
32.6,0.216232
32.68,0.14986
32.709,0.180368
32.79,0.207395
32.87,0.195639
32.934,0.195612
32.99,0.24355
33.07,0.208971
33.11,0.00682645
33.19,0.00832732
33.27,0.0112233
33.31,0.0191626
33.41,0.024884
33.47,0.0314165
33.51,0.0348102
33.59,0.0369498
33.67,0.0464841
33.71,0.051841
33.79,0.0513551
33.87,0.0549055
33.91,0.0674376
33.99,0.0586126
34.07,0.064475
34.11,0.0746363
34.19,0.0688993
34.27,0.0763371
34.31,0.0757101
34.39,0.0727044
34.47,0.0786178
34.51,0.079911
34.634,0.120827
34.67,0.0837748
34.71,0.0928115
34.8,0.0837592
34.88,0.0883402
34.92,0.0923961
35,0.086518
35.08,0.0880541
35.12,0.0846879
35.2,0.0874663
35.28,0.0905582
35.32,0.0864474
35.4,0.0886576
35.48,0.0856872
35.52,0.0891435
35.6,0.0884264
35.68,0.0846487
35.71,0.088254
35.79,0.0842647
35.87,0.0872978
35.91,0.10293
35.99,0.0929839
36.07,0.0894962
36.11,0.0941477
36.19,0.0970398
36.295,0.172499
36.312,0.138437
36.39,0.103698
36.47,0.100245
36.51,0.150589
36.59,0.104485
36.67,0.109211
36.71,0.116077
36.79,0.119565
36.87,0.117409
36.91,0.121712
36.99,0.115054
37.07,0.116367
37.11,0.107001
37.19,0.113479
37.27,0.17157
37.31,0.112723
37.39,0.135863
37.47,0.170222
37.51,0.133841
37.59,0.243746
37.67,0.245768
37.714,0.0884186
37.79,0.184506
37.87,0.112084
37.954,0.182519
38.01,0.107856
38.07,0.038337
38.11,0.0280151
38.19,0.0216941
38.27,0.0459394
38.31,0.0468995
38.39,0.0356214
38.47,0.0376199
38.51,0.0351433
38.59,0.0429886
38.67,0.0238612
38.71,0.0442426
38.8,0.0470171
38.88,0.0615399
38.92,0.0794838
39,0.0628527
39.08,0.0645848
39.12,0.0691344
39.2,0.0606699
39.28,0.0658662
39.32,0.081165
39.4,0.073398
39.48,0.0759295
39.52,0.0751301
39.644,0.169325
39.68,0.0841706
39.72,0.0816705
39.8,0.0926077
39.88,0.0807888
39.92,0.0831753
40,0.086902
40.08,0.0856245
40.12,0.093799
40.2,0.0881521
40.28,0.0908247
40.32,0.0861966
40.4,0.0962051
40.48,0.0880737
40.52,0.0882892
40.6,0.0971534
40.68,0.103067
40.709,0.112636
40.79,0.108102
40.87,0.11081
40.91,0.106719
40.99,0.114294
41.07,0.117899
41.11,0.122453
41.19,0.123875
41.315,0.184369
41.332,0.122676
41.39,0.123938
41.47,0.128539
41.51,0.136219
41.59,0.134597
41.67,0.112656
41.71,0.0724771
41.79,0.137622
41.87,0.131219
41.91,0.110563
41.99,0.138876
42.07,0.132163
42.11,0.119286
42.19,0.119388
42.27,0.12567
42.31,0.114553
42.39,0.124169
42.47,0.12328
42.51,0.097655
42.59,0.115117
42.67,0.126395
42.71,0.0814549
42.8,0.0724614
42.88,0.0878307
42.964,0.175371
43.02,0.069252
43.08,0.0706627
43.12,0.077548
43.2,0.0860673
43.28,0.0829049
43.32,0.0860399
43.4,0.0857852
43.48,0.0898646
43.52,0.102463
43.6,0.0916123
43.68,0.087239
43.72,0.0827795
43.8,0.0913263
43.88,0.093897
43.92,0.0931877
44,0.103008
44.08,0.0950687
44.12,0.0873409
44.2,0.107875
44.28,0.107934
44.32,0.0995321
44.4,0.110606
44.48,0.109364
44.52,0.104305
44.644,0.15113
44.68,0.148622
44.708,0.118863
44.79,0.121508
44.87,0.133919
44.91,0.12382
44.99,0.117837
45.07,0.122704
45.11,0.1271
45.19,0.126756
45.27,0.119678
45.31,0.128296
45.39,0.114173
45.47,0.132575
45.51,0.107393
45.59,0.123107
45.67,0.110983
45.71,0.103282
45.79,0.116246
45.87,0.127324
45.91,0.119322
45.99,0.116065
46.07,0.121015
46.11,0.106261
46.19,0.116097
46.315,0.186587
46.332,0.0264633
46.39,0.110262
46.47,0.0274351
46.51,0.136791
46.59,0.148258
46.67,0.0686407
46.71,0.123918
46.8,0.00291162
46.88,0.132771
46.92,0.10077
47,0.139303
47.08,0.129338
47.12,0.0935012
47.2,0.122206
47.28,0.136153
47.32,0.0270393
47.4,0.0779869
47.48,0.0787589
47.52,0.0817841
47.6,0.102475
47.68,0.115658
47.72,0.0690247
47.8,0.078947
47.88,0.0768818
47.964,0.127704
48,0.0545058
48.08,0.0591416
48.12,0.0884734
48.2,0.087623
48.28,0.0958367
48.32,0.0316478
48.4,0.078026
48.48,0.0889202
48.52,0.0222545
48.6,0.0723321
48.68,0.0974003
48.708,0.0408568
48.8,0.0550387
48.88,0.077207
48.92,0.0263692
49,0.0703296
49.08,0.0241159
49.12,0.0423929
49.2,0.0235242
49.28,0.0187316
49.32,0.0349434
49.4,0.0511984
49.48,0.0211965
49.52,0.017407
49.646,0.131278
49.68,0.0183475
49.72,0.0150166
49.8,0.0109607
49.88,0.041523
49.92,0.0229834
50,0.0824699
50.08,0.0299549
50.12,0.0394382
50.2,0.0225994
50.28,0.0264084
50.32,0.0458845
50.4,0.0414916
50.48,0.0550466
50.52,0.0354254
50.6,0.0409273
50.68,0.0347357
50.72,0.0573351
50.8,0.0332975
50.88,0.0317614
50.92,0.0664971
51,0.0194017
51.08,0.044462
51.12,0.0297746
51.2,0.0194605
51.326,0.0974748
51.343,0.0453085
51.4,0.0341714
51.48,0.069879
51.52,0.0230618
51.6,0.0460452
51.68,0.0459747
51.72,0.0779829
51.8,0.042679
51.88,0.0403944
51.92,0.0307151
52,0.00470249
52.08,0.0105061
52.12,0.0100672
52.2,0.0146914
52.28,0.00708116
52.32,0.0167683
52.4,0.0135667
52.48,0.0156906
52.52,0.0221644
52.6,0.0145738
52.68,0.0183632
52.708,0.0312755
52.8,0.020832
52.88,0.0263966
52.966,0.0906679
53.02,0.0374161
53.08,0.0318202
53.12,0.0462686
53.2,0.0379569
53.28,0.0398066
53.32,0.0464645
53.4,0.0438977
53.48,0.0506184
53.52,0.0518528
53.6,0.0521389
53.68,0.0474951
53.72,0.0524759
53.8,0.0515471
53.88,0.0520095
53.92,0.0503049
54,0.0575036
54.08,0.0559322
54.12,0.0647494
54.2,0.0932269
54.28,0.0658035
54.32,0.0623628
54.4,0.0744913
54.48,0.0812747
54.52,0.0146874
54.646,0.154281
54.68,0.0136215
54.72,0.0349983
54.79,0.0319142
54.87,0.021655
54.91,0.0522094
54.99,0.0334582
55.07,0.0293043
55.11,0.0443053
55.19,0.0371849
55.27,0.0235595
55.31,0.0285519
55.39,0.0202756
55.47,0.0169995
55.51,0.0131748
55.59,0.0154085
55.67,0.0239082
55.71,0.0383762
55.79,0.0384193
55.87,0.0188374
55.91,0.0406256
55.99,0.0354646
56.07,0.0390228
56.11,0.046923
56.19,0.0408333
56.316,0.0743189
56.333,0.036264
56.39,0.0358251
56.47,0.0316282
56.51,0.0295512
56.59,0.0211455
56.67,0.0140565
56.71,0.0222702
56.79,0.00884068
56.87,0.0146639
56.91,0.025123
56.99,0.016784
57.07,0.0275566
57.11,0.0499169
57.19,0.0279367
57.27,0.0175873
57.31,0.041182
57.39,0.00891122
57.47,0.0372594
57.51,0.0543529
57.59,0.0314988
57.67,0.0370987
57.712,0.030527
57.79,0.0369263
57.87,0.0327999
57.955,0.0518293
58.01,0.0610305
58.07,0.0533733
58.11,0.0494271
58.19,0.028885
58.27,0.0332819
58.31,0.0620846
58.39,0.0372241
58.47,0.0434314
58.51,0.0376983
59.636,0.0417032
58.6165,0.0184455
59.71,0.0504891
58.7365,0.058593
58.8165,0.0436038
58.8565,0.0245862
58.9365,0.0385291
59.0165,0.015671
59.0565,0.0225837
59.1365,0.0276467
59.2165,0.0343556
59.2565,0.0229286
59.3365,0.0249114
59.4165,0.0172072
59.4565,0.0136529
59.5365,0.0203383
59.6165,0.0314244
59.6565,0.0339324
59.7365,0.0187316
59.8165,0.0273254
59.8565,0.0217882
59.9365,0.0221056
60.0165,0.0299509
60.0565,0.0399986
60.1365,0.0357389
60.2625,0.183636
60.2965,0.0664266
60.3365,0.0491253
60.4165,0.0273175
60.4565,0.0285049
60.5365,0.0232969
60.6165,0.0255267
60.6565,0.0180184
60.7365,0.0136882
60.8165,0.0137078
60.8565,0.0222741
60.9365,0.0106747
61.0165,0.00913459
61.0565,0.0175246
61.1365,0.00902878
61.2165,0.00592122
61.2565,0.051406
61.3365,0.0214708
61.4165,0.0108902
61.4565,0.0420167
61.5365,0.0242453
61.6165,0.0195114
61.6565,0.0400143
61.7365,0.0326392
61.8165,0.0248135
61.9025,0.10503
61.9365,0.0301821
62.0165,0.0321219
62.0565,0.0584206
62.1365,0.0334151
62.2165,0.00697536
62.2565,0.0210672
62.3365,0.00790018
62.4165,0.0163216
62.4565,0.0191979
62.5365,0.0183946
62.6165,0.0183554
62.6565,0.0263143
62.7365,0.0152047
62.8165,0.017697
62.8565,0.0259499
62.9365,0.0218822
63.0165,0.0244686
63.0565,0.0405355
63.1365,0.0388151
63.2165,0.0241199
63.2565,0.0451478
63.3365,0.0167565
63.4165,0.0459903
63.4565,0.025417
63.5825,0.0404845
63.6365,0.0244294
63.6585,0.0672652
63.7365,0.0282071
63.8165,0.00776303
63.8765,0.020158
63.9365,0.0209574
64.0165,0.0283599
64.0565,0.00713603
64.1365,0.0605681
64.2165,0.0429024
64.2565,0.00737115
64.3365,0.0125243
64.4165,0.022423
64.4565,0.0282149
64.5365,0.00812355
64.6165,0.0107413
64.6565,0.00837435
64.7365,0.00780221
64.8165,0.0201031
64.8565,0.0229834
64.9365,0.0229952
65.0165,0.0231989
65.0565,0.0253817
65.1365,0.0211494
65.2625,0.112025
65.2795,0.0664501
65.3365,0.0281052
65.4165,0.027392
65.4565,0.032118
65.5365,0.0330663
65.6165,0.0455828
65.6565,0.0351668
65.7365,0.0153732
65.8165,0.030092
65.8565,0.02276
65.9375,0.0190255
66.0165,0.0207262
66.0565,0.0525542
66.1365,0.0299078
66.2165,0.0154947
66.2565,0.0312833
66.3365,0.0153967
66.4165,0.0118503
66.4565,0.0241708
66.5365,0.018469
66.6165,0.019531
66.6565,0.0222741
66.7365,0.0224701
66.8165,0.0184259
66.9025,0.0952293
66.9365,0.0334817
67.0165,0.0580601
67.0565,0.0391678
67.1365,0.0360407
67.2165,0.0171092
68.5815,0.0419344
67.3239,0.0276624
68.6565,0.0343478
67.444,0.0287087
67.5239,0.0329527
67.564,0.0501364
67.644,0.0289791
67.7239,0.0297942
67.764,0.0382391
67.844,0.0255815
67.9239,0.0237946
67.984,0.0229913
68.044,0.0180889
68.1239,0.0378942
68.164,0.0401906
68.244,0.0251466
68.3239,0.0258167
68.364,0.0351041
68.444,0.0213258
68.5239,0.0328116
68.564,0.0329449
68.644,0.0280033
68.7239,0.0271373
68.764,0.0319025
68.844,0.0245979
68.97,0.128852
68.987,0.0422793
69.044,0.0339206
69.1239,0.0760863
69.164,0.0315263
69.244,0.0260361
69.3239,0.0346691
69.364,0.0427887
69.444,0.0355665
69.5239,0.0319926
69.564,0.0324629
69.644,0.041186
69.7239,0.0282972
69.764,0.0364129
69.844,0.0420363
69.9239,0.0283011
69.964,0.0225288
70.044,0.0300959
70.1239,0.0359153
70.164,0.0301586
70.244,0.0273724
70.3239,0.0323962
70.364,0.03376
70.4539,0.0283168
70.534,0.0303467
70.6209,0.135216
70.6539,0.0566219
70.734,0.0333955
70.7739,0.0427966
70.8539,0.0186454
70.934,0.0394617
70.9739,0.0476911
71.054,0.0259146
71.134,0.0376904
71.1739,0.045912
71.254,0.0279445
71.334,0.0315576
71.3739,0.0357703
71.4539,0.0327763
71.534,0.0401632
71.5739,0.0475147
71.6539,0.0243315
71.734,0.0190333
71.7739,0.0229364
71.8539,0.0237358
71.934,0.028407
71.9739,0.0335013
72.054,0.0285911
72.134,0.0259186
72.1739,0.029512
72.301,0.137266
72.334,0.047166
72.3739,0.0470131
72.4539,0.0186023
72.534,0.0223956
72.5739,0.0312598
72.6539,0.0257069
72.734,0.0345594
72.7739,0.0530715
72.8539,0.0201698
72.934,0.0304878
72.9739,0.0147854
73.054,0.0229364
73.134,0.025899
73.1739,0.0297041
73.254,0.0273606
73.334,0.0250839
73.3739,0.0269727
73.4539,0.0289007
73.534,0.027102
73.5739,0.0401789
73.6539,0.0284618
73.734,0.029273
73.7739,0.0332231
73.8539,0.0312833
73.981,0.119408
73.998,0.0528952
74.054,0.0341322
74.134,0.0451361
74.1739,0.0379961
74.254,0.0258519
74.334,0.0308914
74.361,0.0365423
74.4539,0.0320044
74.534,0.0373848
74.5739,0.0279955
74.6739,0.0514021
74.734,0.0251152
74.7739,0.0128574
74.8539,0.0192724
74.934,0.0226033
74.9739,0.0212474
75.054,0.025174
75.134,0.0291946
75.1739,0.0354803
75.254,0.0402416
75.334,0.0369498
75.3739,0.0351511
75.4539,0.0451439
75.534,0.0392227
75.6209,0.101264
75.6539,0.0317732
75.734,0.0327293
75.7739,0.0256325
75.8539,0.0261184
75.934,0.0346613
75.9739,0.0273215
76.054,0.026765
76.134,0.0285049
76.1739,0.0280817
76.254,0.0267689
76.334,0.0252406
76.359,0.0253307
76.4539,0.027004
76.534,0.0249898
76.5739,0.0266514
76.6539,0.0298255
76.734,0.0337756
76.7739,0.0258911
76.8539,0.0279249
76.934,0.0335327
76.9739,0.0360955
77.054,0.0368675
77.134,0.0316007
77.1739,0.0315968
77.301,0.0394931
77.356,0.0309071
77.3739,0.0453555
77.4539,0.0396302
77.534,0.0403748
77.5739,0.0360994
77.6539,0.0432825
77.734,0.0397595
77.794,0.0294964
77.8539,0.033372
77.934,0.0291006
77.9739,0.0509162
78.054,0.031683
78.134,0.0354215
78.1739,0.0392579
78.254,0.036123
78.334,0.0301508
78.364,0.0272862
78.444,0.0328704
78.5239,0.0351825
78.564,0.0422048
78.644,0.0357742
78.7239,0.0331251
78.764,0.0415896
78.844,0.0341205
78.97,0.0756631
78.987,0.0540512
79.044,0.0349513
79.1239,0.0399868
79.164,0.046684
79.244,0.0294337
79.3239,0.0346338
79.3679,0.036507
79.444,0.0325765
79.5239,0.025754
79.564,0.0457278
79.645,0.0419305
79.7239,0.0226817
79.764,0.0497523
79.844,0.0173796
79.9239,0.0136607
79.964,0.0223643
80.044,0.0137078
80.1239,0.019915
80.164,0.0356135
80.244,0.0115407
80.3239,0.0155339
80.364,0.0245313
80.444,0.010612
80.5239,0.0203304
80.609,0.154277
80.644,0.0683938
80.7239,0.0263535
80.764,0.0257422
80.844,0.0370713
80.9239,0.026185
80.964,0.0801461
81.044,0.0138449
81.1239,0.0180497
81.164,0.0136686
81.244,0.0566062
81.3239,0.0549917
81.364,0.0492664
81.444,0.0256168
81.5239,0.0310952
81.564,0.0423616
81.644,0.0268355
81.7239,0.0300842
81.764,0.0345241
81.844,0.0297432
81.9239,0.0274821
81.964,0.0314283
82.044,0.0308954
82.1239,0.0278622
82.164,0.013841
82.25,0.0316203
82.3239,0.00420481
82.3679,0.0247351
82.444,0.0287949
82.5239,0.0233557
82.564,0.0158787
82.644,0.0266945
82.7239,0.0274234
82.764,0.0359936
82.844,0.0368127
82.9239,0.0199895
82.964,0.0238886
83.044,0.0258049
83.1239,0.0228933
83.164,0.0246724
83.244,0.0298334
83.3239,0.018806
83.364,0.00973023
83.444,0.0153811
83.5239,0.0244059
83.564,0.0285519
83.644,0.0260557
83.7239,0.0319534
83.764,0.0322865
83.844,0.0295904
83.97,0.0732844
83.987,0.0418639
84.044,0.0251701
84.1239,0.0132062
84.164,0.032937
84.244,0.0202521
84.3239,0.0233439
84.364,0.0246998
84.444,0.0473384
84.5239,0.0225837
84.564,0.0309816
84.644,0.0169172
84.7239,0.0255698
84.764,0.0422479
84.844,0.0368048
84.9239,0.023681
84.964,0.0334269
85.044,0.0272313
85.1239,0.0286578
85.164,0.0300881
85.244,0.0329096
85.3239,0.0360171
85.364,0.0305309
85.444,0.027149
85.5239,0.0309071
85.609,0.0681273
85.644,0.0308131
85.7239,0.0371183
85.764,0.0415974
85.844,0.0333602
85.9239,0.0368558
85.964,0.0356566
86.044,0.039834
86.1239,0.0259656
86.164,0.0323139
86.244,0.0416249
86.3239,0.0372947
86.364,0.0382469
86.4539,0.0329213
86.534,0.0235673
86.5739,0.0177558
86.6539,0.0176814
86.734,0.0255894
86.7739,0.0322277
86.8539,0.0325922
86.934,0.02874
86.9739,0.0397595
87.054,0.0324942
87.134,0.0220194
87.1739,0.00449871
87.301,0.0276702
87.334,0.0388465
87.3569,0.0338814
87.4539,0.0214002
87.534,0.0204245
87.5739,0.0385604
87.6539,0.0251309
87.734,0.0365501
87.7739,0.0458414
87.8539,0.0386897
87.934,0.0304133
87.9739,0.0731159
88.054,0.0487922
88.134,0.0301312
88.1739,0.0393794
88.2539,0.0253347
88.334,0.0284461
88.358,0.036507
88.4539,0.0455044
88.534,0.0436313
88.5739,0.0369185
88.6539,0.0296962
88.734,0.0352099
88.7739,0.044897
88.8539,0.0582247
88.98,0.0892258
88.997,0.115219
89.054,0.0590006
89.134,0.0698907
89.1739,0.101805
89.2539,0.0586009
89.334,0.0654939
89.3569,0.0629781
89.4539,0.0404257
89.534,0.0527972
89.5739,0.0447559
89.6539,0.0426006
89.734,0.0426947
89.7739,0.0547487
89.8539,0.0423812
89.934,0.0480908
89.9739,0.0494976
90.054,0.0456102
90.134,0.0400182
90.1739,0.0337325
90.2539,0.0394029
90.334,0.0359976
90.361,0.045959
90.4539,0.0434392
90.534,0.0487217
90.62,0.163576
90.6539,0.0644633
90.734,0.0534124
90.7739,0.0561634
90.8539,0.0483847
90.934,0.0522564
90.9739,0.0569863
91.054,0.0503166
91.134,0.0549995
91.1739,0.0613675
91.2539,0.0558107
91.3349,0.0577936
91.358,0.0515941
91.444,0.0454848
91.5239,0.0525111
91.564,0.0533811
91.644,0.0536593
91.7239,0.0422558
91.764,0.0573469
91.844,0.0491998
91.9239,0.0536241
91.964,0.0532988
92.044,0.0395754
92.1239,0.0371457
92.164,0.0467388
92.289,0.113444
92.3239,0.0524641
92.364,0.0257422
92.444,0.0467349
92.5239,0.0255933
92.564,0.0453673
92.644,0.0320396
92.7239,0.0442779
92.764,0.0390463
92.844,0.0442112
92.9239,0.0384703
92.964,0.0416641
93.044,0.0377492
93.1239,0.0360563
93.164,0.0449362
93.244,0.0316673
93.3239,0.0204637
93.365,0.0246293
93.444,0.0300999
93.5239,0.0291398
93.564,0.0364521
93.644,0.0193703
93.7239,0.0342028
93.764,0.0500423
93.844,0.0359388
93.95,0.123307
93.967,0.0676806
94.044,0.066454
94.1239,0.0661288
94.164,0.0686603
94.244,0.0906914
94.3239,0.08642
94.364,0.0547174
94.444,0.106155
94.5239,0.0760588
94.564,0.101072
94.644,0.105371
94.7239,0.100175
94.764,0.093607
94.844,0.117935
94.9239,0.0864984
94.964,0.107201
95.044,0.192708
95.1239,0.120055
95.164,0.221033
95.244,0.192445
95.3239,0.218646
95.364,0.190024
95.444,0.211777
95.5239,0.232683
95.609,0.165673
95.644,0.253123
95.7239,0.228537
95.764,0.142446
95.844,0.241034
95.9239,0.246019
95.964,0.260643
96.044,0.309651
96.1239,0.277882
96.164,0.299823
96.244,0.357409
96.3239,0.348999
96.364,0.358788
96.444,0.353459
96.5239,0.376536
96.564,0.3393
96.644,0.347537
96.7239,0.361402
96.764,0.356641
96.844,0.378535
96.9239,0.391894
96.964,0.365822
97.044,0.379028
97.1239,0.380216
97.164,0.378699
97.289,0.392466
97.3239,0.384644
97.364,0.355069
97.444,0.385055
97.5239,0.368648
97.564,0.390311
97.644,0.400542
97.7239,0.500999
97.764,0.432821
97.844,0.496489
97.9239,0.344818
97.964,0.486919
98.044,0.55621
98.1239,0.36826
98.164,0.0255698
98.244,0.12105
98.3239,0.0255502
98.364,0.501544
98.444,0.468721
98.5239,0.441285
98.564,0.505137
98.644,0.464077
98.7239,0.492143
98.764,0.507853
98.844,0.0556109
98.969,0.00864474
98.986,0.447559
99.044,0.00901702
99.1239,0.43797
99.164,0.493068
99.244,0.534446
99.3239,0.509954
99.3659,0.543682
99.444,0.4757
99.5239,0.439887
99.564,0.528097
99.644,0.432919
99.7239,0.444444
99.764,0.527584
99.844,0.624044
99.9239,0.343685
99.964,0.481504
100.044,0.650891
100.124,0.619855
100.164,0.497182
100.244,0.649284
100.324,0.442285
100.364,0.617758
100.444,0.668522
100.524,0.649465
100.608,0.554067
100.644,0.641678
100.724,0.639186
100.764,0.592463
100.844,0.651949
100.924,0.562096
100.964,0.639785
101.044,0.651671
101.124,0.646584
101.164,0.635839
101.244,0.631885
101.324,0.379628
101.364,0.59307
101.444,0.609689
101.524,0.608134
101.564,0.576576
101.644,0.590354
101.724,0.414497
101.764,0.562265
101.844,0.58912
101.924,0.380753
101.964,0.615019
102.044,0.608181
102.124,0.575181
102.164,0.574797
102.288,0.579284
102.324,0.51348
102.367,0.599583
102.444,0.591197
102.524,0.601593
102.564,0.595347
102.644,0.610246
102.724,0.340578
102.764,0.60762
102.844,0.447124
102.924,0.60829
102.964,0.608667
103.044,0.593501
103.124,0.6113
103.164,0.563636
103.244,0.606672
103.324,0.616281
103.364,0.630118
103.444,0.622845
103.524,0.642321
103.564,0.623546
103.644,0.630655
103.724,0.617703
103.764,0.632171
103.844,0.622664
103.948,0.601335
103.965,0.602695
104.064,0.609043
104.124,0.616731
104.164,0.620666
104.244,0.617147
104.324,0.626199
104.364,0.561669
104.444,0.620027
104.524,0.624973
104.564,0.628092
104.644,0.608647
104.724,0.617014
104.764,0.615172
104.844,0.619243
104.924,0.627034
104.964,0.627555
105.044,0.596707
105.124,0.642697
105.164,0.580934
105.244,0.616641
105.324,0.649398
105.364,0.642152
105.444,0.63531
105.524,0.611292
105.587,0.596789
105.644,0.601209
105.724,0.531354
105.764,0.617605
105.844,0.628738
105.924,0.612597
105.964,0.626089
106.044,0.593148
106.124,0.620415
106.164,0.628523
106.244,0.634095
106.324,0.631501
106.364,0.601758
106.444,0.644535
106.524,0.641651
106.564,0.641102
106.644,0.660711
106.724,0.653811
106.764,0.652282
106.844,0.666868
106.924,0.673361
106.964,0.664528
107.044,0.664799
107.124,0.680842
107.164,0.658678
107.268,0.669086
107.344,0.659646
107.364,0.649347
107.444,0.653395
107.524,0.64267
107.564,0.639535
107.644,0.637497
107.724,0.629875
107.764,0.61061
107.844,0.633899
107.924,0.621109
107.964,0.601233
108.044,0.613181
108.124,0.623331
108.164,0.616759
108.244,0.63511
108.324,0.631572
108.364,0.621787
108.455,0.646976
108.535,0.611657
108.554,0.599093
108.635,0.625556
108.714,0.647337
108.754,0.615971
108.835,0.612629
108.939,0.593368
108.956,0.579049
109.034,0.62422
109.114,0.595057
109.154,0.602561
109.235,0.62268
109.314,0.60715
109.357,0.595758
109.434,0.624651
109.515,0.620019
109.554,0.576941
109.635,0.617163
109.714,0.609376
109.754,0.589292
109.834,0.589081
109.915,0.577791
109.955,0.564879
110.034,0.605759
110.114,0.62103
110.154,0.551085
110.235,0.599003
110.314,0.605426
110.357,0.570651
110.434,0.586146
110.515,0.596037
110.579,0.571372
110.635,0.593309
110.714,0.572689
110.754,0.559937
110.834,0.57834
110.914,0.577975
110.955,0.586177
111.034,0.581886
111.114,0.553887
111.154,0.563366
111.235,0.516627
111.314,0.497167
111.357,0.0297041
111.434,0.55643
111.515,0.518336
111.554,0.558334
111.635,0.526154
111.714,0.522878
111.754,0.522756
111.834,0.469422
111.914,0.542844
111.955,0.525433
112.034,0.567955
112.114,0.482977
112.154,0.580981
112.278,0.575557
112.314,0.544932
112.357,0.58593
112.434,0.586103
112.515,0.620458
112.554,0.614764
112.635,0.625349
112.714,0.632234
112.754,0.628597
112.834,0.622566
112.914,0.658454
112.955,0.639719
113.034,0.662212
113.114,0.672644
113.154,0.642156
113.235,0.651334
113.314,0.665869
113.357,0.610442
113.434,0.665316
113.515,0.626446
113.554,0.644743
113.635,0.657514
113.714,0.628723
113.754,0.631438
113.834,0.624973
113.939,0.497308
113.974,0.599783
114.034,0.604262
114.114,0.618503
114.154,0.256184
114.234,0.57899
114.314,0.613832
114.357,0.591291
114.434,0.589026
114.514,0.598897
114.554,0.577023
114.634,0.560666
114.714,0.567273
114.754,0.55621
114.834,0.561947
114.914,0.560517
114.954,0.552934
115.034,0.564495
115.114,0.567724
115.154,0.533693
115.235,0.565274
115.335,0.568543
115.357,0.560325
115.454,0.580981
115.514,0.581118
115.558,0.556692
115.634,0.573723
115.714,0.543667
115.754,0.549353
115.834,0.57551
115.914,0.564193
115.974,0.354764
116.034,0.54215
116.114,0.549678
116.154,0.496195
116.235,0.534791
116.314,0.529751
116.357,0.443311
116.434,0.512403
116.514,0.523748
116.554,0.5247
116.634,0.514754
116.714,0.485904
116.754,0.236418
116.834,0.518516
116.914,0.523748
116.954,0.514832
117.034,0.5326
117.114,0.525429
117.154,0.52142
117.278,0.499992
117.314,0.468877
117.357,0.398367
117.434,0.486994
117.514,0.509131
117.554,0.505181
117.634,0.499565
117.714,0.504648
117.754,0.503452
117.834,0.514041
117.914,0.499882
117.955,0.51011
118.034,0.510753
118.114,0.522631
118.154,0.503703
118.234,0.499557
118.314,0.496657
118.357,0.498143
118.434,0.488542
118.514,0.497876
118.554,0.483667
118.634,0.493867
118.714,0.46459
118.754,0.160053
118.834,0.459022
118.939,0.404316
118.974,0.435905
119.034,0.410472
119.114,0.443123
119.154,0.417126
119.234,0.432829
119.314,0.425756
119.357,0.414007
119.434,0.427166
119.514,0.41762
119.554,0.401863
119.635,0.417949
119.714,0.411017
119.754,0.396302
119.834,0.409838
119.914,0.428726
119.955,0.420124
120.034,0.437284
120.114,0.433127
120.154,0.426218
120.234,0.449691
120.314,0.438307
120.357,0.395381
120.434,0.44163
120.514,0.429666
120.598,0.409932
120.634,0.395722
120.714,0.394457
120.754,0.381709
120.834,0.398481
120.914,0.398301
120.954,0.377853
121.034,0.398262
121.114,0.407267
121.154,0.385871
121.234,0.407149
121.314,0.401824
121.357,0.388688
121.434,0.40405
121.514,0.401263
121.554,0.381388
121.634,0.407663
121.714,0.411891
121.754,0.394496
121.834,0.420414
121.914,0.415798
121.954,0.394868
122.034,0.404579
122.114,0.414912
122.154,0.388586
122.238,0.417134
122.314,0.413137
122.357,0.378296
122.434,0.400879
122.514,0.358655
122.554,0.370509
122.634,0.383457
122.714,0.376093
122.754,0.357891
122.834,0.369439
122.914,0.355955
122.954,0.244482
123.034,0.331745
123.114,0.320929
123.154,0.297879
123.234,0.305834
123.314,0.293996
123.354,0.2745
123.434,0.275354
123.514,0.267434
123.554,0.252026
123.634,0.260279
123.714,0.255557
123.754,0.247519
123.834,0.257657
123.979,0.25326
123.996,0.225045
124.034,0.236602
124.114,0.239866
124.154,0.211714
124.234,0.230708
124.314,0.226695
124.357,0.22677
124.434,0.253833
124.514,0.250376
124.554,0.231045
124.634,0.257281
124.714,0.275487
124.754,0.253789
124.834,0.29695
124.914,0.308546
124.954,0.268591
125.034,0.338285
125.114,0.331024
125.154,0.306203
125.235,0.3619
125.314,0.369765
125.357,0.326267
125.434,0.392909
125.515,0.38678
125.598,0.353882
125.655,0.391514
125.714,0.381772
125.754,0.348807
125.854,0.430058
125.914,0.438781
125.954,0.406264
126.034,0.458144
126.114,0.467945
126.154,0.416601
126.234,0.456126
126.314,0.459555
126.357,0.332932
126.434,0.46887
126.514,0.49487
126.554,0.447716
126.634,0.508225
126.714,0.418772
126.754,0.459719
126.834,0.509178
126.914,0.488628
126.954,0.485693
127.034,0.501462
127.114,0.51466
127.154,0.443288
127.238,0.465997
127.314,0.459202
127.357,0.451455
127.434,0.453159
127.514,0.430987
127.554,0.384221
127.634,0.408972
127.714,0.359012
127.754,0.359266
127.834,0.401267
127.914,0.381893
127.954,0.39062
128.034,0.397979
128.114,0.408897
128.154,0.372355
128.234,0.407498
128.314,0.376877
128.357,0.345378
128.434,0.355042
128.514,0.351499
128.554,0.331404
128.634,0.34483
128.714,0.339049
128.754,0.306559
128.834,0.325495
128.918,0.297287
128.954,0.287741
129.034,0.299839
129.114,0.288506
129.154,0.28166
129.234,0.292879
129.314,0.268101
129.357,0.26763
129.434,0.273469
129.514,0.255823
129.554,0.245674
129.635,0.277035
129.714,0.254021
129.754,0.216409
129.834,0.231127
129.914,0.212427
129.954,0.187986
130.034,0.204515
130.114,0.18507
130.154,0.151851
130.234,0.173835
130.314,0.14805
130.357,0.121371
130.434,0.108392
130.514,0.0968243
130.598,0.0457827
130.635,0.0773246
130.714,0.066019
130.754,0.0588164
130.834,0.0591064
130.914,0.0465664
130.954,0.0388386
131.034,0.0330938
131.114,0.0258167
131.154,0.0239004
131.234,0.0147815
131.314,0.00956957
131.357,0.0155143
131.434,0.0124459
131.514,0.0212631
131.554,0.0255502
131.634,0.00592906
131.714,0.00706549
131.754,0.0167134
131.834,0.00375807
131.914,0.00558029
131.954,0.0332348
132.034,0.0144445
132.114,0.0107961
132.154,0.0300724
132.278,0.0656232
132.314,0.0391757
132.357,0.0245078
132.434,0.0224505
132.514,0.0306093
132.554,0.0608894
132.634,0.0124969
132.714,0.00948727
132.754,0.00545881
132.834,0.0190608
132.914,0.00490235
132.955,0.0222859
133.034,0.00887987
133.114,0.00586636
133.154,0.0263575
133.234,0.00581149
133.314,0.0178342
133.357,0.0194918
133.434,0.0303585
133.514,0.0354058
133.554,0.0434236
133.634,0.0589379
133.714,0.0876191
133.754,0.0908913
133.835,0.113244
133.958,0.132163
133.975,0.137136
134.035,0.159109
134.134,0.160974
134.154,0.17668
134.234,0.203943
134.314,0.215801
134.357,0.226542
134.434,0.272145
134.514,0.282055
134.554,0.277455
134.634,0.315039
134.714,0.326925
134.754,0.335248
134.834,0.355465
134.914,0.37326
134.954,0.364106
135.034,0.390342
135.114,0.378441
135.154,0.368754
135.234,0.357616
135.314,0.354011
135.359,0.361927
135.434,0.366379
135.514,0.358153
135.558,0.313566
135.634,0.344998
135.714,0.330511
135.754,0.318292
135.834,0.334672
135.914,0.331486
135.954,0.314777
136.034,0.31926
136.114,0.312633
136.154,0.292542
136.234,0.29369
136.314,0.285269
136.357,0.26937
136.434,0.271294
136.514,0.262183
136.554,0.244012
136.634,0.25018
136.714,0.245627
136.754,0.211306
136.834,0.229619
136.914,0.227985
136.954,0.180873
137.034,0.199621
137.114,0.218372
137.154,0.162773
137.238,0.165167
137.314,0.130392
137.357,0.13872
137.434,0.120705
137.514,0.109995
137.554,0.107119
137.634,0.112715
137.714,0.0924784
137.754,0.0686994
137.834,0.0773677
137.914,0.0680058
137.955,0.0517979
138.034,0.0398379
138.114,0.0299784
138.154,0.0269688
138.234,0.0169877
138.314,0.0143348
138.354,0.0196799
138.434,0.0141153
138.514,0.0197034
138.554,0.0429886
138.634,0.0155888
138.714,0.0151499
138.754,0.0149304
138.834,0.0117366
138.959,0.0544548
138.976,0.0555991
139.034,0.0127124
139.114,0.0130533
139.154,0.0463587
139.234,0.0196015
139.314,0.0217137
139.357,0.0118816
139.434,0.0174384
139.514,0.0149618
139.554,0.0142603
139.634,0.0142995
139.714,0.015095
139.754,0.00590554
139.834,0.0142564
139.914,0.0247939
139.954,0.0267219
140.034,0.0320671
140.114,0.0353274
140.154,0.0350688
140.234,0.0454378
140.314,0.0510298
140.357,0.062257
140.434,0.0692128
140.514,0.0770856
140.598,0.124275
140.634,0.084923
140.714,0.0937206
140.754,0.100241
140.834,0.105011
140.934,0.118989
140.954,0.13254
141.034,0.143348
141.114,0.151714
141.154,0.158564
141.234,0.161824
141.314,0.175971
141.354,0.189502
141.434,0.193104
141.514,0.205542
141.554,0.203857
141.634,0.230728
141.714,0.235003
141.754,0.220629
141.834,0.239545
141.914,0.254655
141.954,0.23536
142.034,0.258676
142.114,0.26294
142.154,0.23661
142.277,0.274559
142.314,0.253358
142.357,0.23358
142.434,0.243808
142.514,0.246179
142.554,0.235689
142.634,0.252434
142.714,0.252018
142.754,0.240003
142.834,0.245521
142.914,0.239658
142.954,0.232566
143.034,0.238851
143.114,0.23795
143.154,0.23208
143.234,0.240893
143.314,0.240564
143.357,0.229387
143.434,0.230681
143.514,0.243005
143.554,0.233243
143.634,0.251058
143.715,0.259742
143.754,0.243836
143.834,0.237417
143.917,0.24982
143.954,0.0140683
144.034,0.237335
144.114,0.176966
144.154,0.218924
144.234,0.239913
144.314,0.243032
144.357,0.216726
144.434,0.0860399
144.514,0.0652039
144.554,0.214829
144.634,0.233682
144.714,0.234443
144.754,0.187469
144.835,0.253656
144.914,0.229638
144.954,0.215413
145.034,0.244326
145.114,0.223721
145.154,0.205946
145.234,0.203535
145.314,0.209002
145.357,0.152553
145.434,0.178091
145.514,0.1605
145.598,0.141008
145.634,0.141855
145.714,0.1273
145.754,0.103882
145.834,0.135925
145.914,0.127108
145.954,0.100708
146.034,0.0793349
146.114,0.0832968
146.154,0.0742601
146.234,0.0655331
146.314,0.0583069
146.357,0.0519743
146.434,0.0526757
146.514,0.0487962
146.554,0.0468681
146.634,0.0438311
146.714,0.0373848
146.754,0.0354058
146.834,0.0337678
146.914,0.0368283
146.954,0.0365579
147.034,0.0300881
147.114,0.0307464
147.154,0.0185082
147.278,0.0228267
147.314,0.0107295
147.357,0.0236418
147.434,0.0148442
147.514,0.0158396
147.554,0.0205303
147.634,0.0121011
147.714,0.0134139
147.754,0.00873487
147.834,0.0136921
147.914,0.0180262
147.954,0.0173287
148.035,0.0143935
148.114,0.0125713
148.154,0.00826854
148.234,0.00607405
148.314,0.0174462
148.357,0.0171523
148.434,0.0202677
148.514,0.0206322
148.554,0.0102553
148.634,0.00996144
148.714,0.014468
148.754,0.0150636
148.834,0.0167683
148.959,0.0281993
148.976,0.0160002
149.034,0.00755925
149.114,0.0134726
149.154,0.0113604
149.234,0.020303
149.314,0.0144993
149.357,0.0135824
149.434,0.0148285
149.514,0.0178146
149.554,0.0180889
149.634,0.0190412
149.714,0.0181399
149.754,0.013935
149.834,0.0153066
149.914,0.0151342
149.954,0.019915
150.034,0.0275644
150.114,0.0289046
150.154,0.0201933
150.234,0.0231088
150.314,0.0195192
150.357,0.0192998
150.434,0.0271412
150.514,0.0310443
150.599,0.050301
150.634,0.0312206
150.714,0.0206283
150.754,0.0146443
150.834,0.0232773
150.914,0.0357585
150.954,0.0415073
151.034,0.0463352
151.114,0.0523975
151.154,0.0511239
151.234,0.059122
151.314,0.063801
151.357,0.075087
151.434,0.0842216
151.514,0.0910088
151.554,0.0850641
151.634,0.0888692
151.714,0.0933718
151.754,0.078367
151.834,0.0962678
151.914,0.103306
151.954,0.0903348
152.034,0.104869
152.114,0.101656
152.154,0.0930348
152.278,0.112413
152.314,0.107064
152.357,0.100288
152.434,0.118942
152.514,0.128284
152.554,0.111132
152.634,0.142956
152.714,0.139942
152.754,0.125024
152.834,0.148046
152.914,0.152208
152.954,0.135686
153.034,0.163317
153.114,0.168835
153.154,0.15104
153.234,0.181265
153.314,0.18556
153.357,0.165289
153.434,0.183393
153.514,0.18054
153.554,0.164603
153.634,0.189067
153.714,0.192641
153.754,0.165014
153.834,0.188096
153.958,0.188409
153.975,0.160535
154.034,0.189118
154.114,0.185717
154.154,0.164697
154.234,0.176194
154.314,0.180717
154.357,0.154641
154.434,0.205001
154.514,0.184016
154.554,0.136799
154.634,0.185972
154.715,0.182664
154.754,0.132959
154.834,0.180003
154.914,0.168228
154.954,0.12652
155.034,0.176778
155.114,0.18125
155.154,0.118385
155.234,0.164117
155.314,0.143947
155.357,0.10148
155.434,0.138582
155.514,0.134691
155.598,0.0997947
155.634,0.117057
155.714,0.110751
155.754,0.0831949
155.834,0.10454
155.914,0.0991206
155.954,0.0714347
156.034,0.0850876
156.114,0.0792409
156.154,0.0643653
156.234,0.0713289
156.315,0.0637736
156.358,0.0497367
156.434,0.0594669
156.514,0.0529931
156.554,0.0440075
156.634,0.0511552
156.714,0.0491959
156.754,0.0451909
156.834,0.0443327
156.914,0.0405472
156.954,0.0426829
157.034,0.0401475
157.114,0.040751
157.154,0.0329762
157.278,0.0454104
157.335,0.0350571
157.357,0.0323649
157.434,0.036072
157.514,0.0377179
157.554,0.0360054
157.634,0.0365109
157.714,0.0448226
157.754,0.0446266
157.834,0.0636168
157.914,0.0638951
157.954,0.0455867
158.034,0.0731786
158.114,0.0693264
158.154,0.0487883
158.234,0.0735156
158.314,0.077689
158.357,0.0482554
158.434,0.0846409
158.514,0.0618103
158.554,0.0460452
158.634,0.0551289
158.714,0.0614537
158.754,0.0562222
158.834,0.0676414
158.959,0.0696635
158.976,0.0639186
159.034,0.0844018
159.114,0.0982742
159.154,0.0722577
159.234,0.113244
159.314,0.11293
159.357,0.0877916
159.454,0.122425
159.534,0.131301
159.554,0.0885126
159.634,0.125549
159.714,0.121187
159.754,0.0983722
159.834,0.165222
159.914,0.145127
159.954,0.106903
160.034,0.116637
160.114,0.137309
160.154,0.115736
160.234,0.142768
160.314,0.151514
160.357,0.119259
160.434,0.149755
160.514,0.172648
160.579,0.125901
160.634,0.165355
160.714,0.166719
160.754,0.112162
160.834,0.16253
160.914,0.131917
160.954,0.0910167
161.034,0.0962404
161.114,0.0870979
161.154,0.0715758
161.234,0.0731982
161.314,0.0564181
161.357,0.0416053
161.434,0.0422323
161.514,0.0310717
161.554,0.0220272
161.634,0.0183593
161.714,0.00947552
161.754,0.00559204
161.834,0.00509436
161.914,0.00931485
161.954,0.00724575
162.034,0.0140134
162.114,0.0213415
162.154,0.0290457
162.279,0.0444072
162.314,0.0543294
162.357,0.052178
162.434,0.0661875
162.514,0.0710076
162.554,0.0639264
162.634,0.0800834
162.714,0.0762156
162.754,0.0728729
162.834,0.0798404
162.914,0.0748009
162.954,0.0708822
163.034,0.102945
163.114,0.143493
163.154,0.0904289
163.234,0.136286
163.314,0.133519
163.357,0.0817253
163.434,0.141604
163.514,0.135937
163.554,0.0858204
163.634,0.131141
163.714,0.131329
163.754,0.0899547
163.834,0.126082
163.959,0.131368
163.994,0.081792
164.034,0.118652
164.114,0.107162
164.154,0.0780888
164.234,0.0915065
164.314,0.0698633
164.357,0.0600704
164.434,0.0615869
164.514,0.0634444
164.554,0.0408372
164.635,0.0407902
164.714,0.0361425
164.754,0.0310443
164.834,0.0260831
164.914,0.0293122
164.954,0.0266474
165.034,0.0312049
165.114,0.0319613
165.154,0.0257383
165.234,0.0244255
165.314,0.0303193
165.357,0.0277604
165.434,0.0318868
165.514,0.0318084
165.599,0.040653
165.634,0.0403317
165.714,0.0423459
165.754,0.0338031
165.834,0.0451988
165.914,0.0535261
165.954,0.0414368
166.034,0.0707333
166.114,0.0931759
166.154,0.0460844
166.234,0.0863573
166.314,0.079523
166.358,0.0433648
166.434,0.0924901
166.514,0.0914046
166.554,0.0485689
166.634,0.0909697
166.714,0.0819644
166.754,0.0513943
166.834,0.082415
166.914,0.094712
166.954,0.0560498
167.034,0.0770738
167.114,0.0675709
167.154,0.0660504
167.279,0.0909932
167.314,0.0845625
167.357,0.0764272
167.434,0.0971142
167.534,0.100974
167.554,0.0936893
167.634,0.106202
167.714,0.095535
167.754,0.0922824
167.834,0.106864
167.914,0.100469
167.954,0.0978745
168.034,0.10909
168.114,0.109302
168.154,0.104717
168.234,0.108898
168.314,0.111853
168.358,0.106554
168.434,0.142952
168.514,0.139394
168.554,0.12134
168.634,0.172656
168.714,0.171077
168.754,0.132167
168.834,0.168396
168.94,0.184961
168.957,0.145734
169.034,0.183832
169.114,0.178616
169.154,0.150503
169.234,0.187457
169.314,0.18578
169.357,0.159963
169.434,0.200177
169.514,0.209551
169.554,0.158858
169.655,0.229313
169.714,0.235512
169.754,0.153097
169.834,0.205769
169.914,0.184071
169.954,0.14033
170.034,0.150002
170.114,0.132551
170.154,0.113824
170.234,0.127414
170.314,0.108588
170.357,0.079715
170.434,0.0896726
170.514,0.0731159
170.599,0.0479811
170.634,0.0554267
170.714,0.0518685
170.754,0.0355156
170.834,0.03347
170.914,0.0205381
170.954,0.0163451
171.034,0.0131787
171.114,0.00640714
171.154,0.00689307
171.234,0.00395009
171.314,0.0140213
171.357,0.0159179
171.434,0.0169917
171.514,0.0268277
171.554,0.0201776
171.634,0.0278074
171.714,0.00962443
171.754,0.0336463
171.834,0.0245862
171.914,0.0165449
171.954,0.0313852
172.034,0.0105453
172.114,0.0198445
172.154,0.00784532
172.279,0.125635
172.334,0.0542236
172.357,0.0602154
172.434,0.0320906
172.514,0.0218078
172.554,0.0531264
172.634,0.0471111
172.714,0.0362092
172.754,0.0282149
172.834,0.0148481
172.914,0.0464136
172.954,0.0422871
173.034,0.0526914
173.114,0.0335131
173.154,0.0254561
173.234,0.0101417
173.314,0.0362209
173.357,0.0394735
173.434,0.0418208
173.514,0.0192645
173.554,0.0251701
173.634,0.0125948
173.714,0.0239788
173.754,0.0431767
173.834,0.00804126
173.96,0.0643614
173.977,0.044125
174.034,0.0140134
174.114,0.00358957
174.154,0.0300019
174.234,0.00244138
174.314,0.00148912
174.357,0.0260949
174.434,0.00902094
174.514,0.00889554
174.554,0.00650511
174.634,0.0160825
174.714,0.00833516
174.754,0.00383253
174.834,0.0111096
174.914,0.0191039
174.954,0.022713
175.034,0.0341518
175.114,0.0428632
175.154,0.0438076
175.234,0.0525425
175.314,0.0569942
175.357,0.049815
175.434,0.0616222
175.514,0.0637501
175.599,0.0618456
175.634,0.0723047
175.714,0.0841942
175.754,0.0806947
175.834,0.0985642
175.914,0.110751
175.954,0.11121
176.034,0.145338
176.114,0.177111
176.154,0.165896
176.234,0.210295
176.314,0.226307
176.357,0.207705
176.434,0.243236
176.514,0.264299
176.554,0.230461
176.634,0.278967
176.714,0.284767
176.754,0.236437
176.834,0.292605
176.914,0.291002
176.954,0.247907
177.034,0.335209
177.114,0.342455
177.154,0.28374
177.278,0.357855
177.314,0.352334
177.357,0.28856
177.434,0.351656
177.514,0.327203
177.554,0.304263
177.634,0.381603
177.714,0.380804
177.754,0.295841
177.834,0.358334
177.914,0.34345
177.955,0.294454
178.034,0.355524
178.114,0.366841
178.154,0.295939
178.234,0.355806
178.314,0.345182
178.357,0.27142
178.434,0.320835
178.514,0.295054
178.554,0.261776
178.634,0.296468
178.714,0.291492
178.754,0.239447
178.834,0.269319
178.919,0.264405
178.954,0.231582
179.034,0.235093
179.114,0.237135
179.154,0.19803
179.234,0.21941
179.314,0.20149
179.357,0.169913
179.434,0.179976
179.514,0.178107
179.554,0.14064
179.634,0.151691
179.714,0.145961
179.754,0.127794
179.834,0.129146
179.914,0.127445
179.954,0.108443
180.034,0.111966
180.114,0.10956
180.154,0.0903623
180.234,0.0799737
180.314,0.0852013
180.357,0.0845468
180.434,0.0778184
180.514,0.0757885
180.599,0.143877
180.634,0.0826698
180.714,0.0831126
180.754,0.0788255
180.834,0.0832968
180.914,0.083814
180.954,0.0826188
181.034,0.075326
181.114,0.0759099
181.154,0.0854364
181.234,0.0793623
181.314,0.0886067
181.357,0.0866708
181.434,0.0912949
181.514,0.0935208
181.554,0.0986974
181.634,0.0927723
181.714,0.0906836
181.754,0.0888183
181.834,0.100324
181.914,0.101766
181.954,0.106621
182.034,0.111214
182.114,0.104101
182.154,0.121744
182.279,0.108185
182.314,0.130655
182.36,0.128597
182.434,0.12491
182.514,0.13087
182.554,0.107648
182.634,0.135271
182.714,0.126583
182.754,0.111096
182.834,0.12442
182.914,0.133272
182.955,0.0829441
183.034,0.0903466
183.114,0.0821799
183.154,0.0878895
183.234,0.0867923
183.314,0.0797268
183.354,0.0843587
183.434,0.0813295
183.514,0.0816274
183.554,0.081502
183.634,0.0815608
183.714,0.0828735
183.754,0.094857
183.834,0.0992735
183.959,0.115748
183.976,0.097173
184.034,0.0985485
184.114,0.0998456
184.154,0.0979019
184.234,0.108816
184.314,0.107769
184.357,0.10347
184.434,0.108643
184.514,0.111018
184.554,0.106817
184.635,0.115266
184.714,0.117382
184.754,0.111179
184.834,0.123691
184.914,0.120697
184.954,0.122343
185.034,0.125733
185.114,0.128593
185.154,0.127481
185.234,0.13299
185.314,0.134381
185.358,0.145205
185.434,0.141259
185.514,0.135106
185.599,0.193139
185.634,0.143888
185.714,0.141126
185.754,0.151138
185.834,0.137806
185.914,0.138488
185.954,0.130149
186.034,0.148093
186.114,0.139785
186.154,0.147055
186.234,0.142297
186.315,0.141831
186.357,0.139778
186.434,0.127214
186.514,0.144327
186.554,0.13573
186.634,0.147247
186.714,0.139072
186.754,0.10137
186.834,0.122751
186.914,0.105986
186.954,0.0756513
187.034,0.118103
187.114,0.0817998
187.154,0.0508731
187.279,0.165504
187.314,0.0752359
187.357,0.079092
187.434,0.05295
187.514,0.0388034
187.574,0.0438507
187.634,0.0242727
187.714,0.0319848
187.754,0.0299784
187.834,0.0351825
187.914,0.0431453
187.954,0.055266
188.034,0.0297746
188.114,0.0214865
188.154,0.0329919
188.234,0.0314597
188.314,0.0337012
188.357,0.0336737
188.434,0.0456063
188.514,0.0542315
188.554,0.0312206
188.634,0.0132571
188.714,0.0351707
188.754,0.0239631
188.834,0.0237319
188.959,0.10445
188.976,0.0283011
189.034,0.0285676
189.114,0.028936
189.154,0.0428554
189.234,0.0271882
189.314,0.0275919
189.357,0.0285324
189.434,0.0288184
189.514,0.0251152
189.554,0.0355038
189.634,0.0340068
189.714,0.0183867
189.754,0.0275801
189.834,0.0253464
189.914,0.0293279
189.954,0.0441485
190.034,0.0338618
190.114,0.0278309
190.154,0.0356645
190.234,0.0261419
190.314,0.0239592
190.357,0.0273763
190.434,0.0285872
190.514,0.0235595
190.599,0.0876505
190.634,0.0413741
190.714,0.0318084
190.754,0.0277564
190.834,0.0226973
190.914,0.0346338
190.954,0.0299627
191.034,0.0553757
191.114,0.0264554
191.154,0.0409195
191.234,0.0290771
191.314,0.0256442
191.358,0.0291045
191.434,0.0146208
191.514,0.0238142
191.554,0.037377
191.634,0.0314597
191.714,0.0282345
191.754,0.0271177
191.834,0.024355
191.914,0.0327176
191.954,0.0283952
192.034,0.0293827
192.114,0.0310051
192.154,0.0319142
192.258,0.0544548
192.314,0.044125
192.358,0.0374514
192.434,0.0365383
192.514,0.0379334
192.554,0.0449009
192.634,0.0444699
192.714,0.0452615
192.754,0.0370086
192.834,0.0361543
192.914,0.0268982
192.955,0.0359584
193.034,0.0311109
193.114,0.0271608
193.155,0.0292808
193.234,0.0397047
193.314,0.0257305
193.357,0.0267924
193.434,0.034387
193.514,0.0297824
193.554,0.0309816
193.634,0.0231127
193.714,0.0323492
193.754,0.0408372
193.834,0.0356566
193.939,0.0855892
193.956,0.0318045
194.034,0.0390385
194.115,0.0291829
194.154,0.0290144
194.234,0.0252289
194.314,0.0338148
194.357,0.0392109
194.434,0.0314048
194.514,0.0367539
194.554,0.0386153
194.635,0.0377022
194.714,0.0214316
194.754,0.0346848
194.834,0.0240728
194.914,0.0237045
194.954,0.0277486
195.034,0.0321572
195.114,0.0334308
195.154,0.0332348
195.234,0.0207811
195.314,0.036797
195.357,0.0232577
195.434,0.0302566
195.514,0.0243315
195.598,0.0298099
195.654,0.0478086
195.714,0.0417934
195.774,0.0289556
195.834,0.0364952
195.914,0.0304016
195.954,0.044752
196.034,0.031393
196.114,0.0350179
196.154,0.0348886
196.234,0.0328939
196.314,0.0360407
196.357,0.0400535
196.434,0.0394382
196.515,0.0435294
196.554,0.0490039
196.634,0.0480398
196.714,0.0561203
196.754,0.0557558
196.834,0.0564416
196.914,0.0572763
196.954,0.0538513
197.055,0.0637422
197.114,0.063029
197.154,0.0651216
197.278,0.0768818
197.314,0.0678765
197.357,0.0695302
197.434,0.0733079
197.514,0.0777948
197.554,0.0886772
197.634,0.0813374
197.714,0.0855461
197.754,0.0916985
197.834,0.0909579
197.914,0.091726
197.954,0.10358
198.034,0.106942
198.114,0.109345
198.154,0.110019
198.234,0.119451
198.314,0.114412
198.358,0.115873
198.434,0.112319
198.514,0.121175
198.554,0.12045
198.634,0.125564
198.714,0.129871
198.754,0.123503
198.834,0.131274
198.938,0.162205
198.955,0.149935
199.034,0.156397
199.114,0.161295
199.154,0.149026
199.234,0.166739
199.314,0.149496
199.358,0.155076
199.434,0.153407
199.514,0.170461
199.554,0.177335
199.634,0.180728
199.714,0.167542
199.754,0.170446
199.834,0.191066
199.914,0.119737
199.954,0.187849
200.034,0.205863
200.114,0.20093
200.154,0.202513
200.234,0.21519
200.314,0.223764
200.357,0.243044
200.434,0.240764
200.514,0.239776
200.558,0.253049
200.634,0.233733
200.714,0.250956
200.754,0.249722
200.834,0.202317
200.914,0.276839
200.954,0.249671
201.034,0.254503
201.114,0.134123
201.154,0.244008
201.234,0.165978
201.314,0.177668
201.357,0.219022
201.434,0.203477
201.514,0.148011
201.554,0.150056
201.634,0.211534
201.714,0.146526
201.754,0.211526
201.834,0.217612
201.914,0.183585
201.954,0.151522
202.034,0.159994
202.114,0.154598
202.154,0.175172
202.258,0.232761
202.314,0.193637
202.357,0.199299
202.434,0.215323
202.514,0.201031
202.554,0.204844
202.634,0.213771
202.714,0.186509
202.754,0.197975
202.834,0.156021
202.914,0.17161
202.954,0.167162
203.034,0.175567
203.114,0.167005
203.154,0.132924
203.234,0.164552
203.314,0.170101
203.357,0.159771
203.434,0.170305
203.514,0.166558
203.554,0.125251
203.634,0.138802
203.714,0.0676218
203.754,0.117856
203.834,0.072289
203.939,0.0211063
203.956,0.154579
204.034,0.105614
204.114,0.0486904
204.154,0.169247
204.234,0.101092
204.314,0.0525229
204.358,0.178557
204.434,0.107667
204.514,0.119428
204.554,0.179275
204.634,0.107953
204.714,0.119682
204.754,0.149657
204.834,0.0927605
204.914,0.12221
204.954,0.159062
205.034,0.157247
205.114,0.146436
205.154,0.141392
205.234,0.150068
205.314,0.139029
205.358,0.096209
205.434,0.131666
205.514,0.118675
205.598,0.135686
205.634,0.12315
205.714,0.123734
205.754,0.131074
205.834,0.125137
205.914,0.130447
205.954,0.150256
206.034,0.136744
206.114,0.144045
206.154,0.143148
206.234,0.13553
206.314,0.13957
206.357,0.140036
206.434,0.141467
206.514,0.148066
206.554,0.146518
206.634,0.147968
206.714,0.144656
206.754,0.152466
206.834,0.151017
206.914,0.146549
206.954,0.155441
207.034,0.164564
207.114,0.158066
207.154,0.135706
207.277,0.225379
207.314,0.122939
207.357,0.0998103
207.434,0.120192
207.514,0.130553
207.554,0.10059
207.634,0.102299
207.714,0.113624
207.754,0.158
207.834,0.107906
207.914,0.111269
207.954,0.120682
208.034,0.115485
208.114,0.103541
208.154,0.120388
208.234,0.108659
208.314,0.11659
208.357,0.133649
208.434,0.108392
208.514,0.109834
208.554,0.138073
208.634,0.113687
208.714,0.122441
208.754,0.112209
208.834,0.0755651
208.958,0.0922981
208.975,0.0610305
209.034,0.0578563
209.114,0.0619827
209.154,0.0519429
209.234,0.0600351
209.314,0.0660347
209.357,0.0688993
209.434,0.0616379
209.514,0.0714935
209.554,0.0678334
209.634,0.0717639
209.714,0.0817214
209.754,0.115744
209.834,0.0726339
209.914,0.0727906
209.954,0.0939126
210.034,0.0795544
210.114,0.0739153
210.154,0.0742445
210.234,0.0804361
210.314,0.0759961
210.357,0.0801108
210.434,0.0803028
210.514,0.0778771
210.598,0.1607
210.654,0.0847114
210.714,0.0834535
210.754,0.122112
210.834,0.0782024
210.914,0.102122
210.954,0.112076
211.034,0.0817371
211.114,0.109298
211.154,0.0756003
211.234,0.108651
211.314,0.0881207
211.357,0.0873879
211.434,0.0934894
211.514,0.0753221
211.554,0.0750282
211.634,0.0873448
211.714,0.0949629
211.754,0.0720147
211.834,0.0981801
211.914,0.100802
211.954,0.0759805
212.034,0.0968752
212.114,0.0996183
212.154,0.107926
212.278,0.177883
212.314,0.0537259
212.357,0.0567786
212.434,0.0630173
212.514,0.0588712
212.554,0.0585577
212.634,0.0449597
212.714,0.0480438
212.754,0.0488745
212.834,0.0772697
212.914,0.071564
212.954,0.0117641
213.034,0.0213454
213.114,0.121983
213.154,0.10775
213.234,0.122492
213.314,0.100571
213.357,0.098474
213.424,0.0890573
213.505,0.0387759
213.544,0.0414524
213.625,0.0714504
213.705,0.0401279
213.744,0.0350453
213.824,0.0350296
213.969,0.07774
214.005,0.0655566
214.024,0.0395323
214.104,0.0391051
214.144,0.0581541
214.225,0.0408411
214.304,0.0560654
214.345,0.0871019
214.424,0.042103
214.505,0.0282502
214.544,0.0200208
214.625,0.00607013
214.704,0.00889554
214.744,0.0420285
214.824,0.0185396
214.904,0.023485
214.945,0.0245352
215.024,0.0233126
215.104,0.0275135
215.144,0.0273567
215.225,0.0400064
215.304,0.0511748
215.345,0.0448069
215.424,0.0385016
215.505,0.0374749
215.609,0.164203
215.664,0.0276859
215.704,0.0453398
215.744,0.0483847
215.824,0.0339049
215.904,0.0307386
215.945,0.0717639
216.024,0.0280151
216.104,0.0198798
216.144,0.0572959
216.225,0.0435842
216.304,0.0195663
216.345,0.0272509
216.424,0.0206243
216.505,0.012203
216.544,0.0216079
216.625,0.0240219
216.705,0.0145189
216.744,0.0132885
216.825,0.0108471
216.904,0.00978118
216.945,0.0105414
217.024,0.00877014
217.104,0.00629742
217.144,0.00539219
217.289,0.0559361
217.306,0.00493761
217.345,0.0102749
217.424,0.00510612
217.505,0.0146522
217.544,0.00587419
217.625,0.00632485
217.704,0.0197152
217.744,0.0200835
217.824,0.00773951
217.904,0.00692833
217.945,0.0116151
218.024,0.00777478
218.104,0.0240258
218.144,0.0171876
218.225,0.0231558
218.304,0.0168349
218.345,0.0320475
218.424,0.00938538
218.505,0.019676
218.544,0.0251544
218.625,0.0129123
218.704,0.012971
218.744,0.00998103
218.824,0.00920512
218.969,0.13832
218.986,0.0755964
219.024,0.0175951
219.104,0.0108118
219.144,0.00906013
219.225,0.0132453
219.304,0.00794329
219.345,0.0194918
219.424,0.0100006
219.504,0.00887987
219.544,0.00721832
219.625,0.0107922
219.704,0.00741818
219.744,0.0170818
219.824,0.00911107
219.904,0.00623472
219.945,0.0117092
220.024,0.00802166
220.104,0.0180889
220.144,0.0379844
220.225,0.0170896
220.304,0.0354019
220.345,0.0292299
220.424,0.0240611
220.505,0.030092
220.589,0.0228188
220.625,0.0321885
220.704,0.0286734
220.744,0.0533772
220.824,0.0311697
220.904,0.0296649
220.944,0.0465938
221.024,0.0237593
221.104,0.0295199
221.144,0.0456847
221.224,0.0222114
221.305,0.0285911
221.345,0.0296962
221.424,0.0482946
221.505,0.0366363
221.544,0.0401397
221.625,0.0249232
221.704,0.0342459
221.744,0.0210907
221.824,0.0421147
221.904,0.0345868
221.945,0.0470484
222.024,0.0319221
222.104,0.0419384
222.144,0.044078
222.29,0.144852
222.307,0.0702395
222.345,0.051406
222.444,0.0368283
222.505,0.0499522
222.544,0.0589183
222.625,0.0329644
222.704,0.0492429
222.744,0.0376591
222.824,0.0383645
222.904,0.038968
222.945,0.0502814
223.024,0.0370791
223.104,0.0399829
223.144,0.0449284
223.225,0.0380118
223.304,0.0372947
223.344,0.0345006
223.424,0.033466
223.504,0.0341244
223.544,0.0350375
223.625,0.0346809
223.704,0.0336346
223.744,0.0430278
223.824,0.0347396
223.97,0.104497
223.987,0.0590006
224.024,0.0335914
224.104,0.038823
224.144,0.0622649
224.225,0.0368283
224.304,0.0259577
224.345,0.0354215
224.424,0.0404845
224.505,0.0257226
224.544,0.0320592
224.625,0.0245666
224.704,0.0243432
224.744,0.0341949
224.824,0.02122
224.904,0.0186336
224.944,0.0379138
225.024,0.0182339
225.104,0.0212357
225.144,0.0254679
225.224,0.0171092
225.304,0.0221252
225.345,0.0347005
225.424,0.0149461
225.505,0.0209222
225.589,0.130114
225.645,0.0375925
225.704,0.0276506
225.744,0.0146365
225.824,0.0225915
225.904,0.0342576
225.945,0.0355273
226.024,0.0192606
226.104,0.0283795
226.144,0.0675709
226.224,0.0165959
226.305,0.0365697
226.344,0.0240454
226.425,0.0132963
226.505,0.0198915
226.544,0.0218509
226.624,0.0150793
226.704,0.0208791
226.744,0.0231715
226.824,0.0208085
226.904,0.0132218
226.945,0.0154986
227.024,0.0166272
227.104,0.0203931
227.144,0.0201933
227.29,0.16144
227.325,0.0379922
227.364,0.0530049
227.434,0.0507516
227.514,0.0208203
227.554,0.0441681
227.634,0.0271099
227.714,0.0315772
227.754,0.0451792
227.834,0.0435019
227.914,0.0504068
227.955,0.0498699
228.034,0.021459
228.114,0.0304721
228.154,0.0208281
228.234,0.036025
228.314,0.030672
228.354,0.0267493
228.434,0.0339128
228.514,0.0285872
228.554,0.0178185
228.634,0.0410566
228.714,0.0357154
228.754,0.0460334
228.834,0.0363855
228.959,0.153086
228.976,0.0613832
229.034,0.0245156
229.114,0.0441642
229.154,0.0382979
229.254,0.00985955
229.314,0.0199699
229.354,0.0240689
229.434,0.0182888
229.514,0.0209457
229.554,0.0389366
229.634,0.0265769
229.714,0.00845272
229.754,0.0226151
229.834,0.0219371
229.914,0.0136255
229.954,0.0434157
230.034,0.0256246
230.114,0.0356488
230.154,0.0379648
230.234,0.0188139
230.314,0.00871528
230.357,0.0133041
230.434,0.0347984
230.514,0.0317536
230.599,0.172182
230.634,0.0331369
230.714,0.0199386
230.754,0.0869647
230.834,0.0159297
230.914,0.0180419
230.954,0.0236888
231.034,0.0168271
231.114,0.0175873
231.154,0.0449989
231.234,0.0207811
231.314,0.0139664
231.357,0.0349591
231.434,0.0184965
231.514,0.00435764
231.554,0.0413192
231.634,0.0319142
231.714,0.0467192
231.754,0.0257814
231.834,0.0435059
231.914,0.0198876
231.954,0.0347827
232.034,0.0104395
232.114,0.0127633
232.154,0.0376552
232.279,0.104532
232.314,0.0978941
232.354,0.0298059
232.434,0.0852483
232.514,0.0047456
232.554,0.0317692
232.634,0.0100751
232.714,0.0121559
232.754,0.0450028
232.834,0.0355626
232.914,0.0222193
232.955,0.0338344
233.034,0.0412643
233.114,0.00739858
233.154,0.0248135
233.234,0.0497719
233.314,0.0140487
233.356,0.0244451
233.434,0.00559204
233.514,0.0139821
233.554,0.031393
233.634,0.0256207
233.714,0.0255855
233.754,0.0298255
233.834,0.0320435
233.959,0.0990658
233.976,0.0561791
234.034,0.0231245
234.114,0.0273215
234.154,0.0524406
234.234,0.0613792
234.314,0.0562065
234.357,0.039834
234.434,0.039979
234.514,0.0718305
234.554,0.0555129
234.634,0.0349473
234.714,0.0325804
234.754,0.0180772
234.834,0.0513551
234.914,0.0230853
234.954,0.0460687
235.034,0.0256717
235.114,0.0155104
235.154,0.0328116
235.234,0.0166782
235.314,0.0365148
235.354,0.0256364
235.434,0.0409626
235.514,0.00707725
235.599,0.168427
235.634,0.0707881
235.714,0.0606582
235.754,0.0146091
235.834,0.0416836
235.914,0.0636482
235.954,0.0643614
236.034,0.0196055
236.114,0.00435764
236.154,0.0231323
236.234,0.0113056
236.315,0.0176931
236.357,0.0305701
236.434,0.0180967
236.514,0.01736
236.554,0.0193155
236.634,0.0145816
236.714,0.019531
236.754,0.0363228
236.834,0.015338
236.914,0.0137861
236.954,0.0228737
237.034,0.0199229
237.114,0.0254875
237.154,0.029661
237.28,0.128958
237.314,0.0220547
237.356,0.0388778
237.434,0.019339
237.514,0.0207184
237.554,0.0343517
237.634,0.0436626
237.714,0.0221291
237.754,0.0555521
238.96,0.057629
237.86,0.0856989
239.034,0.0436273
237.98,0.0521036
238.02,0.0236339
238.1,0.0395166
238.18,0.0156671
238.222,0.0755964
238.3,0.0291594
238.38,0.0430552
238.42,0.037616
238.5,0.0363698
238.58,0.0199033
238.62,0.0384429
238.7,0.0170622
238.78,0.0280543
238.82,0.0290692
238.9,0.0299549
238.98,0.016878
239.02,0.011094
239.1,0.0156554
239.18,0.0166586
239.222,0.0201462
239.3,0.0252249
239.38,0.0172464
239.465,0.144108
239.5,0.0176892
239.58,0.0166272
239.62,0.0359505
239.7,0.0180576
239.78,0.0072144
239.82,0.0146992
239.9,0.0109137
239.98,0.00864866
240.02,0.0133786
240.1,0.00832341
240.18,0.00990658
240.22,0.0331134
240.291,0.0085938
240.37,0.0140957
240.41,0.0104905
240.49,0.00953038
240.57,0.0137469
240.61,0.0160512
240.69,0.015385
240.77,0.0175716
240.81,0.020832
240.89,0.0202207
240.97,0.0205224
241.01,0.0254287
241.136,0.0730649
241.171,0.0306955
241.21,0.0478949
241.29,0.0343556
241.37,0.035202
241.41,0.0369028
241.49,0.0300803
241.57,0.033901
241.61,0.0400456
241.69,0.0303115
241.77,0.0291829
241.811,0.0451713
241.89,0.0253974
241.97,0.0248997
242.01,0.0175991
242.091,0.0290418
242.17,0.0285245
242.21,0.0291241
242.29,0.0241238
242.37,0.0262908
242.41,0.0294924
242.49,0.0243942
242.57,0.0276859
242.61,0.0290888
242.69,0.0267532
242.817,0.11389
242.85,0.0483729
242.89,0.0304055
242.97,0.0328822
243.01,0.0538278
243.09,0.034046
243.17,0.0301234
243.21,0.0447089
243.29,0.0247704
243.37,0.0305309
243.41,0.0333406
243.491,0.0249663
243.57,0.0199777
243.61,0.044031
243.69,0.0250682
243.771,0.0209339
243.811,0.0247508
243.89,0.0195036
243.97,0.0193507
244.01,0.0183867
244.09,0.021122
244.17,0.0155065
244.211,0.0152361
244.29,0.020448
244.37,0.0181359
244.456,0.120615
244.49,0.037279
244.57,0.0285402
244.61,0.0277564
244.69,0.0256011
244.77,0.0194213
244.81,0.0297942
244.89,0.0167056
244.97,0.0213611
245.01,0.0235007
245.09,0.019147
245.171,0.0313695
245.211,0.0420363
245.29,0.01977
245.37,0.0205342
245.41,0.0458689
245.49,0.0263222
245.57,0.0237515
245.61,0.0387603
245.69,0.0211612
245.77,0.0190137
245.81,0.0468407
245.89,0.021459
245.97,0.0241473
246.01,0.0202599
246.137,0.14504
246.17,0.0367225
246.21,0.0326862
246.29,0.0423146
246.37,0.0774696
246.41,0.102432
246.49,0.0900762
246.59,0.100202
246.61,0.0744247
246.69,0.085456
246.77,0.0787785
246.811,0.0977412
246.89,0.0819918
246.97,0.087772
247.01,0.0777478
247.09,0.0793702
247.17,0.0768308
247.21,0.070314
247.29,0.0810944
247.37,0.0681939
247.41,0.0714386
247.49,0.0678648
247.57,0.0754201
247.61,0.0644594
247.69,0.0680333
247.797,0.147866
247.814,0.0747461
247.89,0.0770699
247.97,0.0914869
248.01,0.0749577
248.09,0.0786374
248.17,0.0742719
248.211,0.0763018
248.29,0.0789313
248.37,0.0830656
248.41,0.0849191
248.49,0.0861378
248.57,0.0750321
248.61,0.0863063
248.69,0.0807966
248.77,0.0852326
248.81,0.0852091
248.89,0.0782533
248.97,0.0727279
249.01,0.075761
249.09,0.0849857
249.17,0.088975
249.21,0.0850367
249.29,0.0875408
249.37,0.0856794
249.457,0.20544
249.49,0.0802558
249.57,0.0917573
249.61,0.0811258
249.69,0.101151
249.77,0.0849936
249.81,0.0848447
249.89,0.0792605
249.97,0.103118
250.01,0.0588203
250.09,0.0759726
250.171,0.0824033
250.21,0.0784375
250.29,0.0562183
250.37,0.0338422
250.41,0.0209888
250.49,0.0435607
250.57,0.00704198
250.61,0.00505518
250.69,0.00702238
250.77,0.00466722
250.81,0.00588987
250.89,0.00545881
250.97,0.00678334
251.01,0.00806477
251.136,0.125149
251.17,0.0346495
251.21,0.0200169
251.29,0.0109059
251.37,0.0222741
251.41,0.0423185
251.49,0.0316634
251.57,0.0371536
251.61,0.0172738
251.69,0.0606425
251.77,0.0261262
251.811,0.0505047
251.89,0.037036
251.97,0.0369106
252.01,0.0397321
252.09,0.0269805
252.171,0.0322983
252.21,0.0222506
252.29,0.029273
252.37,0.02961
252.41,0.024594
252.49,0.0353588
252.57,0.0368244
252.61,0.0333171
252.69,0.0395009
252.816,0.17643
252.833,0.0363542
252.89,0.0291045
252.97,0.0764664
253.01,0.0705334
253.09,0.0801618
253.17,0.0874859
253.21,0.0733902
253.29,0.0813178
253.37,0.0775558
253.41,0.0782886
253.491,0.0763018
253.571,0.0738487
253.61,0.083622
253.69,0.0951941
253.77,0.0803538
253.81,0.0979607
253.89,0.0923295
253.97,0.0862319
254.01,0.0861849
254.091,0.0840648
254.17,0.0944573
254.211,0.0116073
254.29,0.0673788
254.37,0.0615125
254.455,0.103706
254.51,0.027486
254.57,0.016349
254.61,0.0480634
254.69,0.0233479
254.77,0.0155652
254.81,0.02874
254.89,0.0160355
254.97,0.0163098
255.01,0.0192489
255.09,0.0124146
255.17,0.0128613
255.211,0.0165253
255.29,0.00851934
255.37,0.0123048
255.41,0.0257305
255.49,0.0212866
255.57,0.0185513
255.61,0.0318672
255.69,0.0143112
255.77,0.0218979
255.811,0.0235046
255.89,0.0162824
255.97,0.0164509
256.011,0.021749
256.135,0.169482
256.17,0.0592514
256.21,0.0469661
256.29,0.0258559
256.37,0.0148559
256.41,0.0368048
256.49,0.0252328
256.57,0.0234027
256.61,0.0528246
256.69,0.018661
256.77,0.01524
256.811,0.0330115
256.89,0.0205695
256.971,0.0314753
257.01,0.0440506
257.09,0.0275056
257.171,0.0280425
257.211,0.0324864
257.291,0.0329762
257.371,0.0329605
257.41,0.0293318
257.491,0.0197622
257.571,0.0175442
257.61,0.0176069
257.691,0.0173443
257.816,0.103725
257.833,0.0268591
257.89,0.0472012
257.97,0.0586831
258.01,0.0934306
258.09,0.0535182
258.17,0.0361034
258.21,0.0351629
258.29,0.0265926
258.37,0.023387
258.41,0.0223133
258.491,0.026718
258.57,0.0290144
258.61,0.0243275
258.69,0.0272117
258.77,0.0182692
258.81,0.025221
258.89,0.0212592
258.971,0.0250486
259.01,0.0305819
259.09,0.0214434
259.17,0.0204833
259.21,0.0234302
259.29,0.0235595
259.37,0.0266396
259.436,0.116042
259.49,0.0279837
259.57,0.0384429
259.61,0.0371222
259.69,0.0304133
259.77,0.0423812
259.81,0.0263966
259.89,0.0409077
259.97,0.0423812
260.01,0.0258049
260.09,0.0263065
260.17,0.0322787
260.211,0.0657957
260.29,0.0400378
260.37,0.0317144
260.41,0.0350061
260.49,0.0332309
260.57,0.0358251
260.61,0.0413506
260.691,0.0293396
260.77,0.035445
260.811,0.0253072
260.891,0.0257305
260.97,0.0234733
261.01,0.0229677
261.136,0.140506
261.171,0.0499248
261.21,0.0436469
261.29,0.0384311
261.37,0.0243354
261.41,0.0299588
261.49,0.0157964
261.57,0.0202246
261.61,0.0272352
261.69,0.0145229
261.77,0.0108079
261.811,0.0103807
261.891,0.0120462
261.97,0.0170544
262.01,0.00997711
262.09,0.0131317
262.17,0.0113056
262.21,0.0128221
262.29,0.00872704
262.37,0.0079041
262.41,0.00866042
262.491,0.0149304
262.57,0.0104003
262.611,0.0157063
262.69,0.00922863
262.797,0.0623746
262.814,0.0239553
262.89,0.0140526
262.97,0.014468
263.01,0.0511513
263.09,0.00878974
263.17,0.0424713
263.21,0.0598862
263.29,0.0386662
263.37,0.0422166
263.41,0.097416
263.491,0.0298804
263.57,0.0353431
263.61,0.0101417
263.691,0.0220586
263.77,0.0345359
263.81,0.00933444
263.89,0.0238024
263.97,0.0106707
264.01,0.0174384
264.09,0.00574096
264.17,0.0107726
264.21,0.00510612
264.29,0.00393442
264.37,0.00559204
264.455,0.17141
264.49,0.103298
264.57,0.0241199
264.61,0.0372555
264.69,0.0249114
264.77,0.022376
264.81,0.0355312
264.89,0.0145307
264.97,0.0314126
265.01,0.0622374
265.09,0.0219371
265.171,0.0468407
265.211,0.00860556
265.29,0.0139115
265.37,0.0105414
265.41,0.00479654
265.491,0.00812355
265.57,0.00716738
265.61,0.0217216
265.691,0.00684604
265.77,0.00165763
265.81,0.00542746
265.891,0.00469465
265.97,0.0249663
266.01,0.0416601
266.136,0.116532
266.17,0.0734333
266.21,0.0709292
266.29,0.071713
266.37,0.0574997
266.41,0.0160433
266.49,0.0891905
266.57,0.0289908
266.61,0.0479576
266.69,0.045571
266.77,0.0099105
266.811,0.0645573
266.891,0.0238926
266.971,0.0406217
267.01,0.0887046
267.09,0.0534673
267.17,0.0236339
267.21,0.0441093
267.29,0.0322277
267.37,0.0516098
267.41,0.00756709
267.49,0.00686172
267.57,0.0186963
267.61,0.0376826
267.69,0.0193194
267.816,0.168408
267.833,0.106786
267.89,0.0274429
267.97,0.0072771
268.01,0.0139821
268.091,0.00930309
268.17,0.00670888
268.211,0.027874
268.29,0.00594081
268.37,0.00414211
268.41,0.0280151
268.491,0.00505126
268.571,0.0212435
268.61,0.0528912
268.69,0.0120658
268.771,0.00202599
268.81,0.00405198
268.89,0.00279798
268.97,0.0043067
269.01,0.00143818
269.09,0.00674415
269.17,0.00488275
269.21,0.00431453
269.29,0.00312324
269.37,0.00438507
269.456,0.0412839
269.49,0.0228698
269.57,0.00919729
269.61,0.00762979
269.69,0.0384664
269.77,0.0130024
269.81,0.00819801
269.891,0.0434314
269.97,0.0346652
270.01,0.0588752
270.09,0.0295199
270.171,0.068241
270.211,0.0399829
270.291,0.0478086
270.371,0.0427535
270.41,0.0545254
270.491,0.0492664
270.57,0.0421539
270.61,0.0469465
270.691,0.0121011
270.77,0.0431375
270.811,0.0483769
270.891,0.036891
270.97,0.0207693
271.01,0.00478478
277.816,0.0536868
277.833,0.0334465
271.157,0.0187669
271.237,0.0252916
271.277,0.0181281
271.358,0.0149578
271.437,0.0314714
271.477,0.0832066
271.557,0.0245274
271.637,0.0436038
271.677,0.0202011
271.778,0.0289281
271.837,0.0544705
271.877,0.0817332
271.957,0.0221801
272.037,0.00360524
272.077,0.0295081
272.157,0.00803734
272.237,0.0179282
272.278,0.0549447
272.357,0.0239513
272.438,0.0330546
272.477,0.0649375
272.558,0.0521193
272.638,0.0428867
272.722,0.108839
272.778,0.0973533
272.837,0.128746
272.877,0.0287675
272.977,0.0809573
273.037,0.0922511
273.077,0.0739937
273.157,0.0867492
273.237,0.0674298
273.277,0.0817998
273.357,0.0662502
273.438,0.0891474
273.477,0.0883715
273.557,0.0731668
273.637,0.064624
273.677,0.0683703
273.758,0.0449323
273.838,0.0505909
273.877,0.0601566
273.958,0.0794838
274.038,0.0846605
274.077,0.0341557
274.158,0.0709096
274.238,0.0672848
274.277,0.0693539
274.383,0.118683
274.437,0.0856794
274.477,0.103231
274.557,0.0337051
274.637,0.0163529
274.677,0.0219645
274.757,0.0162902
274.837,0.0820114
274.878,0.0237868
274.957,0.00971848
275.038,0.0404375
275.078,0.0540042
275.157,0.141447
275.237,0.10621
275.278,0.0357663
275.357,0.146776
275.438,0.110434
275.477,0.0331917
275.558,0.103259
275.638,0.0912675
275.677,0.0464096
275.758,0.0877484
275.838,0.100253
275.877,0.106543
275.958,0.139578
276.082,0.184024
276.099,0.172969
276.158,0.135283
276.237,0.104587
276.277,0.126407
276.357,0.125933
276.437,0.11331
276.477,0.153767
276.557,0.168439
276.637,0.178753
276.677,0.173377
276.758,0.183197
276.837,0.172597
276.877,0.165602
276.958,0.190404
277.037,0.187853
277.077,0.195412
277.158,0.194769
277.237,0.201517
277.277,0.0945749
277.358,0.203543
277.437,0.204891
277.477,0.124831
277.558,0.220186
277.637,0.229458
277.722,0.178765
277.757,0.182433
277.837,0.176014
277.877,0.202756
277.957,0.228878
278.037,0.168768
278.077,0.153709
278.157,0.173886
278.237,0.15318
278.277,0.179036
278.357,0.194558
278.438,0.228941
278.478,0.171794
278.558,0.211749
278.637,0.21144
278.677,0.207137
278.757,0.220504
278.837,0.171888
278.877,0.172769
278.957,0.192007
279.038,0.145997
279.078,0.137497
279.157,0.169874
279.237,0.174576
279.278,0.186881
279.362,0.180536
279.437,0.230257
279.477,0.14718
279.557,0.232761
279.637,0.204919
279.677,0.22927
279.758,0.271596
279.837,0.278532
279.877,0.29275
279.957,0.317293
280.037,0.328093
280.078,0.388598
280.158,0.429588
280.238,0.457537
280.277,0.26165
280.358,0.434843
280.438,0.526918
280.478,0.510059
280.557,0.363761
280.637,0.452814
280.677,0.57689
280.757,0.574076
280.838,0.595241
280.877,0.516455
280.957,0.585785
281.083,0.563977
281.1,0.548048
281.157,0.54813
281.237,0.54603
281.277,0.407694
281.357,0.539046
281.437,0.574766
281.478,0.541731
281.557,0.516662
281.637,0.542777
281.678,0.520279
281.758,0.542781
281.838,0.549611
281.877,0.475069
281.958,0.541166
282.038,0.560117
282.078,0.557833
282.158,0.574734
282.238,0.546731
282.277,0.578316
282.358,0.597553
282.438,0.595182
282.478,0.565357
282.568,0.59782
282.647,0.586079
282.711,0.526169
282.767,0.577015
282.847,0.592886
282.887,0.576157
282.987,0.540845
283.047,0.636239
283.087,0.577442
283.167,0.637375
283.247,0.641341
283.287,0.509738
283.367,0.637685
283.448,0.557692
283.487,0.636658
283.567,0.596781
283.647,0.642313
283.687,0.616206
283.767,0.641126
283.847,0.647858
283.887,0.645311
283.967,0.521961
284.047,0.622512
284.087,0.519402
284.167,0.601985
284.247,0.569475
284.287,0.607491
284.391,0.592055
284.447,0.513324
284.491,0.474736
284.567,0.574707
284.647,0.599501
284.687,0.59963
284.767,0.58979
284.847,0.624765
284.887,0.559886
284.967,0.619337
285.047,0.614173
285.088,0.584676
285.168,0.571783
285.248,0.608898
285.288,0.630862
285.367,0.646095
285.448,0.64343
285.491,0.63482
285.568,0.643971
285.647,0.644488
285.687,0.623143
285.767,0.591507
285.848,0.620572
285.887,0.637489
285.968,0.612875
286.072,0.533811
286.089,0.634558
286.167,0.612887
286.247,0.610046
286.287,0.629025
286.367,0.623405
286.447,0.672225
286.491,0.655547
286.567,0.645158
286.647,0.706949
286.687,0.703598
286.768,0.713689
286.849,0.666217
286.887,0.712035
286.967,0.691207
287.047,0.718376
287.088,0.71921
287.167,0.69406
287.249,0.733498
287.287,0.712333
287.37,0.714426
287.449,0.734443
287.491,0.714081
287.569,0.716969
287.647,0.727091
287.734,0.661244
287.768,0.681692
287.847,0.708528
287.887,0.691027
287.968,0.716891
288.047,0.718031
288.089,0.686951
288.167,0.716091
288.247,0.640138
288.288,0.4865
288.367,0.474677
288.449,0.341961
288.491,0.63408
288.568,0.683111
288.649,0.697023
288.688,0.68527
288.768,0.692724
288.849,0.693692
288.889,0.670128
288.967,0.690024
289.049,0.681673
289.089,0.679721
289.169,0.694828
289.249,0.674701
289.288,0.669705
289.391,0.660555
289.449,0.668377
289.488,0.633805
289.568,0.682167
289.649,0.674239
289.688,0.655253
289.768,0.676669
289.849,0.675564
289.889,0.651777
289.968,0.668572
290.049,0.666648
290.088,0.637595
290.169,0.644727
290.249,0.652357
290.288,0.582192
290.368,0.639115
290.449,0.633547
290.491,0.621003
290.568,0.625854
290.649,0.63011
290.688,0.591252
290.768,0.617417
290.849,0.583167
290.889,0.499863
290.968,0.6055
291.092,0.59028
291.109,0.580703
291.169,0.573821
291.249,0.596323
291.288,0.595143
291.368,0.591738
291.449,0.615744
291.491,0.596801
291.568,0.598846
291.649,0.59724
291.689,0.591522
291.768,0.604007
291.849,0.582823
291.889,0.238949
291.968,0.543243
292.049,0.572783
292.088,0.563343
292.169,0.57589
292.249,0.542499
292.289,0.529308
292.368,0.578978
292.449,0.589053
292.491,0.572834
292.568,0.532334
292.649,0.567261
292.732,0.544011
292.787,0.521169
292.849,0.557609
292.888,0.56801
292.968,0.51696
293.048,0.566944
293.088,0.540759
293.169,0.524715
293.249,0.533254
293.288,0.546488
293.368,0.566999
293.449,0.541864
293.491,0.537314
293.568,0.561842
293.649,0.554157
293.688,0.529892
293.77,0.543533
293.849,0.537882
293.889,0.50482
293.968,0.261078
294.049,0.512544
294.088,0.52633
294.169,0.512454
294.25,0.559153
294.288,0.519719
294.372,0.498001
294.449,0.517536
294.492,0.500713
294.568,0.496003
294.649,0.480904
294.688,0.495235
294.768,0.491551
294.849,0.483271
294.889,0.520922
294.968,0.50123
295.049,0.523567
295.088,0.525288
295.169,0.529026
295.249,0.252383
295.288,0.0147541
295.368,0.0445678
295.449,0.467847
295.491,0.481037
295.568,0.559678
295.649,0.530323
295.688,0.579927
295.769,0.563147
295.849,0.594128
295.889,0.590178
295.969,0.580503
296.092,0.611888
296.109,0.625615
296.169,0.648309
296.249,0.662957
296.288,0.642239
296.368,0.664485
296.449,0.61295
296.491,0.661001
296.568,0.649069
296.649,0.641133
296.689,0.66186
296.769,0.610885
296.849,0.637732
296.889,0.665575
296.969,0.378425
297.049,0.506133
297.088,0.642474
297.169,0.622782
297.249,0.624146
297.288,0.640354
297.368,0.607616
297.449,0.615168
297.491,0.639096
297.568,0.621802
297.649,0.630545
297.711,0.61817
297.768,0.598125
297.849,0.59133
297.889,0.604152
297.968,0.602271
298.049,0.597224
298.088,0.60648
298.169,0.610273
298.249,0.581467
298.288,0.60177
298.369,0.600002
298.449,0.596358
298.491,0.530335
298.568,0.603662
298.649,0.590542
298.689,0.575753
298.768,0.581635
298.849,0.565592
298.889,0.501317
298.968,0.571019
299.049,0.58392
299.089,0.441121
299.169,0.594265
299.249,0.587576
299.288,0.567218
299.412,0.536593
299.449,0.533223
299.491,0.536538
299.568,0.534951
299.649,0.532337
299.688,0.541468
299.768,0.570416
299.849,0.552821
299.889,0.52479
299.969,0.559792
300.049,0.596221
300.089,0.560337
300.17,0.578579
300.249,0.565596
300.288,0.538145
300.368,0.576827
300.449,0.578285
300.491,0.497421
300.568,0.578265
300.649,0.562676
300.689,0.566689
300.768,0.584853
300.849,0.571537
300.889,0.531648
300.969,0.572951
301.071,0.512716
301.088,0.447599
301.17,0.496438
301.249,0.497324
301.288,0.558726
301.368,0.393555
301.449,0.497598
301.492,0.555795
301.568,0.528415
301.649,0.521134
301.688,0.564189
301.768,0.534512
301.849,0.533658
301.889,0.525817
301.968,0.530268
302.049,0.524947
302.088,0.563668
302.169,0.535649
302.249,0.506748
302.288,0.558115
302.368,0.509671
302.428,0.503825
302.491,0.523583
302.568,0.465668
302.649,0.48717
302.692,0.463391
302.768,0.442316
302.849,0.47693
302.889,0.501767
302.968,0.426038
303.049,0.483232
303.088,0.504585
303.169,0.463532
303.228,0.512658
303.288,0.513496
303.368,0.516847
303.449,0.516956
303.491,0.550528
303.568,0.550932
303.629,0.556739
303.688,0.564158
303.768,0.584774
303.828,0.595414
303.889,0.582991
303.948,0.601409
304.028,0.581349
304.088,0.584018
304.148,0.609392
304.228,0.611034
304.288,0.597965
304.372,0.583669
304.428,0.593517
304.468,0.582725
304.548,0.61295
304.628,0.606762
304.668,0.560811
304.748,0.603243
304.828,0.604403
304.868,0.582094
304.948,0.601209
305.028,0.607946
305.068,0.581729
305.148,0.605665
305.228,0.593325
305.268,0.580189
305.348,0.560721
305.428,0.579217
305.468,0.534579
305.548,0.574973
305.628,0.564726
305.668,0.571294
305.748,0.574272
305.828,0.5496
305.868,0.57283
305.948,0.565012
306.092,0.574123
306.109,0.535892
306.148,0.558836
306.228,0.526114
306.267,0.528517
306.348,0.539097
306.428,0.522932
306.468,0.499976
306.548,0.501379
306.628,0.494917
306.668,0.505098
306.748,0.492597
306.828,0.516227
306.868,0.549349
306.948,0.505541
307.028,0.475539
307.068,0.495725
307.148,0.536754
307.228,0.514323
307.267,0.535257
307.348,0.487476
307.428,0.521212
307.468,0.492057
307.548,0.450201
307.628,0.501097
307.692,0.493981
307.748,0.504287
307.828,0.489392
307.867,0.458736
307.948,0.482687
308.028,0.479771
308.068,0.458618
308.148,0.464022
308.228,0.454221
308.268,0.447301
308.348,0.460244
308.428,0.466777
308.468,0.436767
308.548,0.465441
308.628,0.473639
308.668,0.411338
308.748,0.473631
308.848,0.471405
308.868,0.038823
308.948,0.488181
309.028,0.487727
309.068,0.438331
309.148,0.475951
309.228,0.493174
309.268,0.464481
309.412,0.478678
309.429,0.484972
309.468,0.445855
309.548,0.490956
309.628,0.500819
309.667,0.475633
309.748,0.519543
309.828,0.499549
309.867,0.480704
309.947,0.512795
310.028,0.506768
310.068,0.441795
310.148,0.502359
310.228,0.497813
310.267,0.453857
310.348,0.483647
310.427,0.470872
310.468,0.440647
310.557,0.46559
310.637,0.464367
310.677,0.450847
310.757,0.44504
310.837,0.465958
310.877,0.444781
310.957,0.442054
311.061,0.447889
311.078,0.381721
311.157,0.451286
311.237,0.476033
311.277,0.128527
311.357,0.420461
311.437,0.461338
311.477,0.445114
311.557,0.461287
311.637,0.447473
311.738,0.424259
311.818,0.434914
311.898,0.438354
311.938,0.397897
312.018,0.415665
312.098,0.421598
312.138,0.393289
312.218,0.400703
312.298,0.405166
312.337,0.385193
312.418,0.416629
312.498,0.411965
312.538,0.393226
312.617,0.400221
312.698,0.370983
312.78,0.375227
312.817,0.372884
312.897,0.365764
312.937,0.375114
313.017,0.397776
313.097,0.40568
313.137,0.390334
313.217,0.426571
313.297,0.429302
313.337,0.388371
313.417,0.427872
313.498,0.444083
313.537,0.390891
313.617,0.256015
313.697,0.419803
313.737,0.369063
313.817,0.404708
313.898,0.41186
313.937,0.405535
314.017,0.393163
314.098,0.412534
314.138,0.337443
314.217,0.428032
314.298,0.44839
314.337,0.406342
314.421,0.434914
314.497,0.41742
314.537,0.397999
314.618,0.382692
314.697,0.397964
314.737,0.432198
314.817,0.427488
314.897,0.452662
314.937,0.432903
315.017,0.435329
315.097,0.421084
315.138,0.400009
315.217,0.417808
315.297,0.43123
315.337,0.411041
315.417,0.412024
315.497,0.413964
315.538,0.401745
315.617,0.430505
315.698,0.421026
315.737,0.371892
315.818,0.435208
315.897,0.425701
315.937,0.404042
316.017,0.438245
316.122,0.424172
316.139,0.383261
316.217,0.424599
316.297,0.430556
316.337,0.331239
316.418,0.426528
316.498,0.418137
316.538,0.387822
316.617,0.412718
316.698,0.410637
316.737,0.373926
316.818,0.323135
316.897,0.330883
316.937,0.354768
317.017,0.382638
317.118,0.368436
317.138,0.333685
317.218,0.362448
317.297,0.338211
317.337,0.230759
317.417,0.332113
317.498,0.329978
317.538,0.29068
317.617,0.314299
317.697,0.29512
317.781,0.257861
317.817,0.283395
317.897,0.271957
317.937,0.220707
318.017,0.235669
318.097,0.221338
318.137,0.191556
318.217,0.202234
318.297,0.186062
318.337,0.166507
318.417,0.164246
318.518,0.154355
318.538,0.102436
318.617,0.121798
318.698,0.0981958
318.737,0.0927958
318.818,0.0877367
318.897,0.0771483
318.938,0.0604309
319.018,0.0578759
319.098,0.0460609
319.138,0.0371653
319.217,0.0332074
319.297,0.0245548
319.337,0.0158278
319.461,0.0176657
319.517,0.0111802
319.537,0.0163255
319.617,0.00371889
319.697,0.00974199
319.737,0.0343282
319.817,0.0139194
319.897,0.00659916
319.937,0.042632
320.017,0.0172621
320.097,0.0378864
320.138,0.0401044
320.217,0.0234889
320.298,0.0197113
320.338,0.035688
320.418,0.017987
320.498,0.00951078
320.538,0.0303193
320.617,0.0080295
320.698,0.0369812
320.737,0.0215335
320.817,0.00886811
320.897,0.0112977
320.937,0.015334
321.017,0.0062935
321.142,0.0984662
321.159,0.0462686
321.217,0.00351119
321.297,0.0283913
321.338,0.055654
321.417,0.0157964
321.497,0.0135432
321.537,0.0119561
321.617,0.0106002
321.697,0.00534516
321.737,0.0264633
321.818,0.0308013
321.898,0.00554502
321.937,0.00850367
326.135,0.0257422
322.041,0.0358173
326.207,0.0153184
322.162,0.0172268
322.201,0.0228345
322.281,0.0124459
322.361,0.0170504
322.402,0.0425889
322.481,0.0151734
322.562,0.013939
322.601,0.0178146
322.682,0.0146404
322.762,0.0173757
322.802,0.0250251
322.882,0.0107374
322.962,0.0161844
323.002,0.0185121
323.082,0.0171367
323.162,0.0162353
323.202,0.0149657
323.281,0.0116112
323.362,0.0124694
323.401,0.0188335
323.481,0.0147932
323.562,0.0175364
323.648,0.0720539
323.682,0.019629
323.761,0.0196407
323.801,0.0217177
323.881,0.0267728
323.961,0.0212278
324.001,0.0175912
324.081,0.0182613
324.162,0.0160551
324.202,0.0301665
324.282,0.0148207
324.362,0.0158787
324.402,0.00871528
324.482,0.020013
324.562,0.0176618
324.602,0.017987
324.682,0.0152596
324.762,0.0121677
324.801,0.026671
324.881,0.0151067
324.962,0.0179518
325.001,0.0141153
325.082,0.0165018
325.162,0.0157533
325.201,0.0147854
325.328,0.0637697
325.362,0.0192449
325.401,0.0284461
325.481,0.019437
325.561,0.0156044
325.601,0.0155065
325.681,0.0156279
325.761,0.0131474
325.801,0.018951
325.881,0.0113918
325.962,0.0139664
326.002,0.0417189
326.082,0.0125125
326.162,0.0125713
326.202,0.00951862
326.282,0.0117601
326.362,0.0193547
326.402,0.0254483
326.482,0.00989874
326.562,0.00978118
326.602,0.013167
326.682,0.00966362
326.762,0.0100594
326.801,0.00754749
326.882,0.00962835
327.008,0.0588242
327.025,0.0118464
327.081,0.00770424
327.162,0.0111762
327.201,0.00660308
327.281,0.0152909
327.361,0.0256403
327.401,0.00580757
327.481,0.0156867
327.562,0.0219645
327.601,0.0299744
327.682,0.042922
327.762,0.0539258
327.802,0.0532949
327.882,0.062739
327.962,0.0635894
328.002,0.0567434
328.082,0.067371
328.162,0.0843313
328.202,0.0938225
328.282,0.121281
328.362,0.117688
328.402,0.119866
328.482,0.156315
328.562,0.202144
328.647,0.129111
328.682,0.197983
328.762,0.192108
328.802,0.139068
328.882,0.213971
328.962,0.206408
329.002,0.149241
329.082,0.200451
329.162,0.199284
329.201,0.154716
329.281,0.21662
329.362,0.246211
329.402,0.180195
329.481,0.264241
329.562,0.254765
329.601,0.176955
329.681,0.272917
329.761,0.249353
329.801,0.16309
329.881,0.232526
329.961,0.212502
330.001,0.153215
330.081,0.218211
330.162,0.213626
330.201,0.137176
330.308,0.215084
330.362,0.17706
330.402,0.133225
330.482,0.17652
330.562,0.161178
330.602,0.115732
330.682,0.145319
330.762,0.128362
330.802,0.108326
330.882,0.118777
330.961,0.125701
331.002,0.10117
331.082,0.132109
331.162,0.130188
331.202,0.127484
331.282,0.143148
331.362,0.15055
331.402,0.134703
331.482,0.165187
331.562,0.16407
331.601,0.147419
331.682,0.161711
331.762,0.160625
331.802,0.14921
331.882,0.185415
332.007,0.183315
332.024,0.155797
332.081,0.19993
332.161,0.203371
332.201,0.180764
332.281,0.21017
332.361,0.219308
332.401,0.1707
332.481,0.227177
332.561,0.224399
332.601,0.192904
332.682,0.248719
332.762,0.240152
332.801,0.195142
332.882,0.245552
332.962,0.279394
333.002,0.196595
333.082,0.263998
333.162,0.258962
333.202,0.183127
333.282,0.253844
333.362,0.226699
333.402,0.160433
333.482,0.203677
333.562,0.216695
333.647,0.160425
333.682,0.191693
333.761,0.167389
333.801,0.127755
333.882,0.142815
333.962,0.114972
334.001,0.0973219
334.081,0.107154
334.162,0.103486
334.201,0.0654351
334.281,0.075761
334.362,0.0621983
334.402,0.0547252
334.482,0.0557519
334.562,0.0566023
334.602,0.0487452
334.682,0.0502304
334.762,0.0444072
334.802,0.0377492
334.882,0.0380392
334.962,0.0364325
335.002,0.0291241
335.082,0.0311422
335.162,0.0307033
335.202,0.0295356
335.327,0.0356801
335.362,0.0337639
335.401,0.031973
335.482,0.053001
335.562,0.0470484
335.602,0.0429847
335.682,0.0723987
335.762,0.0848486
335.801,0.0506772
335.882,0.086032
335.962,0.095002
336.002,0.0494192
336.082,0.1057
336.162,0.117766
336.202,0.0632955
336.282,0.12056
336.362,0.114267
336.402,0.0838806
336.482,0.115709
336.562,0.0964872
336.602,0.0977569
336.682,0.108765
336.762,0.115552
336.801,0.113647
336.882,0.125255
337.006,0.126328
337.042,0.126211
337.082,0.136215
337.162,0.144233
337.202,0.149817
337.282,0.163823
337.362,0.174705
337.402,0.178499
337.482,0.192054
337.562,0.204049
337.601,0.211036
337.682,0.233651
337.762,0.241865
337.801,0.226797
337.882,0.251364
337.962,0.254793
338.002,0.236829
338.081,0.261443
338.162,0.259699
338.201,0.239937
338.281,0.259166
338.361,0.247868
338.402,0.240846
338.482,0.245117
338.561,0.248291
338.605,0.234972
338.681,0.229172
338.761,0.227745
338.801,0.214916
338.882,0.226186
338.962,0.226852
339.002,0.217412
339.082,0.229497
339.162,0.21923
339.202,0.200263
339.282,0.214641
339.362,0.204927
339.402,0.18353
339.482,0.194656
339.562,0.183534
339.602,0.160974
339.682,0.170269
339.762,0.161993
339.801,0.137842
339.881,0.156675
339.961,0.150213
340.002,0.117962
340.082,0.160241
340.162,0.132653
340.202,0.10021
340.326,0.0974473
340.362,0.0958994
340.401,0.090084
340.482,0.105445
340.561,0.0917848
340.601,0.0692873
340.682,0.0732609
340.762,0.0615869
340.801,0.0508731
340.881,0.0453986
340.961,0.0376003
341.002,0.0264829
341.082,0.027972
341.162,0.0191156
341.202,0.0187747
341.282,0.0766898
341.362,0.0354176
341.401,0.0296374
341.482,0.0280112
341.562,0.056665
341.602,0.0564769
341.682,0.033082
341.762,0.0598313
341.802,0.051841
341.882,0.0647376
342.006,0.0585617
342.023,0.0369694
342.082,0.0642674
342.162,0.0462333
342.202,0.0608698
342.282,0.0428279
342.382,0.0372868
342.401,0.0504891
342.482,0.0175089
342.561,0.0364678
342.601,0.0279367
342.682,0.0276937
342.762,0.0487922
342.801,0.0238769
342.881,0.00615634
342.961,0.0357428
343.001,0.0400456
343.081,0.0400221
343.162,0.0324315
343.202,0.016784
343.282,0.0462176
343.362,0.0250878
343.402,0.0151146
343.482,0.0482632
343.562,0.0129554
343.646,0.113248
343.682,0.0315851
343.762,0.0289556
343.801,0.0619866
343.901,0.0347005
343.961,0.0455397
344.001,0.0250564
344.082,0.0411468
344.162,0.0477499
344.201,0.0583461
344.281,0.0323649
344.362,0.0566807
344.402,0.0352804
344.482,0.0524876
344.562,0.0424674
344.602,0.0485297
344.682,0.0354137
344.761,0.0247155
344.802,0.0228854
344.882,0.0346221
344.961,0.0467937
345.001,0.0454927
345.082,0.0335248
345.162,0.0393285
345.202,0.0223799
345.327,0.0672221
345.361,0.0546429
345.402,0.0528011
345.481,0.0504068
345.562,0.041617
345.601,0.044125
345.682,0.0389327
345.762,0.0463822
345.802,0.030527
345.882,0.0332701
345.962,0.0188374
352.008,0.065874
346.052,0.0563162
352.082,0.0604427
346.189,0.0480986
346.229,0.0593141
346.308,0.0340695
346.389,0.03472
346.429,0.0520918
346.509,0.0359113
346.589,0.0258559
346.628,0.0179753
346.709,0.0439212
346.789,0.0410018
346.829,0.0255149
346.908,0.0245392
346.989,0.0359544
347.029,0.0612774
347.109,0.0170661
347.189,0.0382979
347.229,0.0328547
347.309,0.0212513
347.388,0.0259734
347.429,0.0379256
347.508,0.0213493
347.589,0.0278231
347.674,0.105324
347.709,0.0411664
347.789,0.00711251
347.829,0.0216941
347.908,0.0207105
347.988,0.0310991
348.028,0.0186023
348.108,0.0542589
348.189,0.0595609
348.228,0.0408881
348.308,0.0163803
348.389,0.036942
348.429,0.0494388
348.509,0.0650668
348.589,0.0636795
348.628,0.0432355
348.709,0.0564416
348.789,0.0254248
348.828,0.0360093
348.909,0.0325451
348.989,0.0170583
349.028,0.0239357
349.108,0.0275487
349.189,0.0447168
349.228,0.0247782
349.355,0.0784728
349.389,0.0408294
349.429,0.0310521
349.508,0.0221801
349.589,0.0358408
349.628,0.0431884
349.709,0.0966793
349.788,0.0461902
349.829,0.0266083
349.909,0.033952
349.989,0.0398693
350.029,0.0430356
350.109,0.0087819
350.189,0.0166703
350.229,0.0171092
350.309,0.0259068
350.389,0.0341479
350.429,0.0389915
350.509,0.0503049
350.589,0.0578328
350.629,0.0615517
350.709,0.0660347
350.789,0.0701807
350.829,0.0664501
350.909,0.0708352
351.034,0.0715288
351.051,0.0682997
351.109,0.076776
351.189,0.0756278
351.229,0.0725124
351.309,0.0777753
351.389,0.0755259
351.429,0.0752829
351.509,0.0766858
351.589,0.0820898
351.628,0.0776303
351.709,0.0987758
351.789,0.0966793
351.829,0.0814001
351.909,0.093799
351.989,0.10226
352.029,0.0889437
352.109,0.10012
352.189,0.104313
352.229,0.100923
352.309,0.116508
352.389,0.127539
352.429,0.120983
352.509,0.137932
352.589,0.156746
352.672,0.177989
352.709,0.14633
352.789,0.157486
352.829,0.151365
352.909,0.139268
352.989,0.146365
353.029,0.153948
353.109,0.159128
353.189,0.161766
353.229,0.157467
353.309,0.165865
353.389,0.167746
353.429,0.161401
353.509,0.176453
353.589,0.183115
353.629,0.170171
353.709,0.179094
353.789,0.176006
353.828,0.163321
353.909,0.174153
353.989,0.155488
354.029,0.139652
354.109,0.15479
354.189,0.121853
354.228,0.0890651
354.332,0.124009
354.389,0.0939205
354.428,0.100661
354.509,0.106429
354.589,0.0932739
354.628,0.0986426
354.709,0.096354
354.789,0.0965108
354.828,0.0875408
354.909,0.0939988
354.989,0.0941752
355.029,0.0926351
355.109,0.108494
355.189,0.113001
355.229,0.0985916
355.309,0.110787
355.389,0.117112
355.429,0.102503
355.509,0.114278
355.589,0.117413
355.629,0.112676
355.709,0.117648
355.789,0.118424
355.829,0.11786
355.909,0.104536
355.993,0.114102
356.028,0.121101
356.109,0.118185
356.189,0.0697262
356.228,0.116151
356.309,0.126842
356.389,0.108263
356.429,0.137117
356.509,0.0959817
356.589,0.123389
356.629,0.160014
356.709,0.149719
356.789,0.17708
356.829,0.160962
356.909,0.17536
356.989,0.200463
357.029,0.163031
357.109,0.198994
357.189,0.178236
357.229,0.16318
357.309,0.184831
357.389,0.17996
357.429,0.161962
357.509,0.184871
357.589,0.170775
357.652,0.229262
357.709,0.180215
357.788,0.177437
357.829,0.175113
357.909,0.180752
357.989,0.184181
358.029,0.181018
358.109,0.181826
358.189,0.180387
358.229,0.175191
358.309,0.176465
358.389,0.175411
358.428,0.17661
358.509,0.173769
358.589,0.175783
358.629,0.173193
358.709,0.177335
358.789,0.18665
358.829,0.19049
358.909,0.183076
358.989,0.196505
359.029,0.196239
359.109,0.203539
359.189,0.208708
359.229,0.208763
359.332,0.211279
359.389,0.210425
359.429,0.203575
359.509,0.0946454
359.589,0.097463
359.629,0.177962
359.709,0.120337
359.789,0.098427
359.828,0.159693
359.909,0.154536
359.988,0.14303
360.029,0.194867
360.109,0.125839
360.189,0.115023
360.228,0.155539
360.309,0.136027
360.389,0.118366
360.429,0.137368
360.509,0.12772
360.589,0.129436
360.629,0.138367
360.709,0.11788
360.789,0.111128
360.829,0.125682
360.909,0.115916
361.013,0.12366
361.03,0.124976
361.109,0.151969
361.189,0.1501
361.229,0.154081
361.309,0.135208
361.389,0.124863
361.429,0.144602
361.509,0.133327
361.589,0.137289
361.629,0.13774
361.709,0.13763
361.789,0.169211
361.829,0.154708
361.909,0.160664
361.989,0.171359
362.029,0.165245
362.109,0.176622
362.189,0.182131
362.229,0.181308
362.309,0.183671
362.389,0.190972
362.429,0.191231
362.509,0.194389
362.589,0.200228
362.672,0.236911
362.709,0.207439
362.789,0.21057
362.829,0.214206
362.909,0.20629
362.989,0.216577
363.029,0.217592
363.109,0.208787
363.189,0.195149
363.228,0.189616
363.309,0.205275
363.389,0.17545
363.429,0.181975
363.509,0.158368
363.589,0.158666
363.629,0.146095
363.709,0.159164
363.789,0.143304
363.829,0.146149
363.909,0.140024
363.989,0.137101
364.029,0.14776
364.109,0.130874
364.189,0.125956
364.229,0.143634
364.312,0.178279
364.389,0.130964
364.429,0.138437
364.504,0.117409
364.584,0.126035
364.623,0.124902
364.704,0.107358
364.784,0.0969301
364.824,0.0645769
364.904,0.0638794
364.984,0.0654586
365.024,0.0785394
365.104,0.0636051
365.184,0.0687661
365.224,0.0787667
365.304,0.0706314
365.384,0.0744169
365.424,0.0848525
365.504,0.0840335
365.584,0.0862241
365.624,0.093752
365.704,0.0906209
365.784,0.0967459
365.824,0.0994106
365.904,0.104207
366.027,0.151597
366.064,0.12335
366.104,0.106715
366.184,0.109204
366.224,0.121324
366.304,0.106135
366.384,0.107887
366.424,0.107695
366.524,0.110066
366.584,0.107483
366.624,0.106711
366.704,0.111476
366.784,0.111441
366.824,0.104846
366.904,0.108953
366.984,0.118518
367.024,0.118044
367.104,0.122735
367.184,0.127277
367.224,0.137673
367.304,0.131137
367.384,0.125635
367.424,0.137297
367.504,0.142329
367.584,0.140401
367.667,0.223059
367.704,0.143657
367.784,0.150875
367.824,0.140373
367.904,0.147
367.984,0.149919
368.024,0.120838
368.104,0.104948
368.184,0.0476088
368.224,0.101174
368.304,0.138269
368.384,0.0400887
368.424,0.103059
368.504,0.157016
368.584,0.160911
368.624,0.123037
368.704,0.147936
368.784,0.137509
368.823,0.0938147
368.904,0.1173
368.984,0.0839081
369.024,0.10081
369.104,0.0813883
369.184,0.0805732
369.223,0.0860987
369.327,0.146686
369.384,0.0891435
369.423,0.103467
369.504,0.0849661
369.584,0.0841706
369.624,0.0839825
369.704,0.0912675
369.784,0.0913302
369.824,0.100234
369.904,0.0971652
369.984,0.103231
370.024,0.111927
370.104,0.111135
370.184,0.115861
370.224,0.115799
370.304,0.115391
370.384,0.123417
370.424,0.124369
370.504,0.125447
370.584,0.132814
370.624,0.139997
370.704,0.140855
370.784,0.140875
370.824,0.139076
370.904,0.151365
371.027,0.210589
371.044,0.153215
371.104,0.163811
371.184,0.170066
371.224,0.173416
371.304,0.178052
371.384,0.17855
371.424,0.182747
371.504,0.182041
371.584,0.179725
371.624,0.183358
371.704,0.182899
371.784,0.182805
371.824,0.165367
371.904,0.180301
371.984,0.184008
372.024,0.184961
372.104,0.184467
372.184,0.0518214
372.224,0.0751223
372.304,0.166958
372.384,0.176763
372.424,0.164379
372.504,0.174588
372.584,0.175983
372.627,0.162522
372.704,0.128284
372.784,0.137273
372.824,0.167346
372.904,0.136549
372.984,0.127104
373.024,0.0860712
373.104,0.113596
373.184,0.0696399
373.224,0.151346
373.304,0.108216
373.384,0.0889593
373.424,0.0910049
373.504,0.0692402
373.584,0.0681312
373.624,0.0875408
373.704,0.080005
373.784,0.0749028
373.824,0.0771522
373.904,0.0778536
373.984,0.0827442
374.024,0.0825914
374.104,0.0855187
374.184,0.0880815
374.224,0.0911264
374.347,0.110802
374.384,0.0987209
374.424,0.102021
374.504,0.10137
374.584,0.0958289
374.624,0.115399
374.704,0.101864
374.784,0.0952058
374.824,0.107569
374.904,0.0906718
374.984,0.0964324
375.024,0.0870744
375.104,0.0768308
375.184,0.0613244
375.224,0.0606935
375.304,0.0696948
375.384,0.0612774
375.424,0.0629898
375.504,0.0657604
375.584,0.074605
375.624,0.0728611
375.704,0.0721871
375.784,0.0563828
375.824,0.0532831
375.904,0.0583383
375.988,0.177582
376.024,0.118358
376.104,0.070796
376.184,0.0752673
376.224,0.0786531
376.304,0.060956
376.384,0.0633151
376.424,0.0645182
376.504,0.0638167
376.584,0.0659798
376.624,0.0496269
376.704,0.0701846
376.784,0.0798679
376.824,0.0778771
376.904,0.0861026
376.984,0.087964
377.024,0.078077
377.104,0.0882109
377.184,0.0831988
377.224,0.104133
377.304,0.0849191
377.384,0.07803
377.424,0.119447
377.504,0.0828461
377.584,0.0916789
377.668,0.0509593
377.704,0.100277
377.784,0.0513786
377.824,0.0810552
377.904,0.065874
377.984,0.07504
378.024,0.0703728
378.104,0.0520722
378.184,0.0501481
378.224,0.0594708
378.304,0.0543647
378.384,0.042436
378.424,0.0642713
378.504,0.0483181
378.584,0.0414329
378.624,0.0284265
378.704,0.0457513
378.784,0.019723
378.824,0.0216471
378.904,0.0219959
378.984,0.0377806
379.024,0.0173561
379.104,0.00894257
379.184,0.0130298
379.224,0.0156397
379.347,0.0335954
379.384,0.00559596
379.424,0.0124224
379.504,0.0111762
379.584,0.076004
379.624,0.0107138
379.704,0.0889789
379.784,0.0577505
379.824,0.0225798
379.904,0.0315224
379.984,0.0403199
380.024,0.0132179
380.104,0.0433138
380.184,0.0529304
380.224,0.0140761
380.304,0.0101495
380.384,0.0126458
380.424,0.0396302
380.504,0.0293122
380.584,0.0196251
380.624,0.0140683
380.704,0.0257109
380.784,0.0267023
380.824,0.0481613
380.904,0.00388739
381.008,0.169168
381.025,0.0526326
381.104,0.0372594
381.184,0.0444699
381.223,0.0531577
381.304,0.054639
381.384,0.0279054
381.423,0.0424556
381.497,0.0143269
381.577,0.00772384
381.616,0.0268316
381.697,0.0184181
381.777,0.0169995
381.817,0.0363032
381.897,0.0192293
381.977,0.0219881
382.017,0.0373338
382.097,0.0304525
