0.119987,0.123082
0.1,0.125914
0.119987,0.136317
0.2,0.154753
0.280013,0.172417
0.319987,0.181224
0.4,0.187609
0.480013,0.192965
0.519987,0.19451
0.6,0.197755
0.680013,0.203368
0.719987,0.20414
0.8,0.207282
0.880013,0.209033
0.919987,0.210732
1,0.212329
1.08001,0.21614
1.11999,0.217118
1.2,0.217221
1.30404,0.222165
1.32103,0.222731
1.4,0.223761
1.48001,0.227572
1.54004,0.226697
1.6,0.226851
1.68001,0.231435
1.71999,0.230559
1.8,0.23092
1.88001,0.233186
1.91999,0.231486
2,0.228551
2.08001,0.228654
2.11999,0.229993
2.2,0.231744
2.28001,0.232825
2.31999,0.230817
2.4,0.23128
2.48001,0.233392
2.51999,0.233598
2.6,0.231589
2.68001,0.235658
2.71999,0.235658
2.8,0.234885
2.88001,0.234216
2.964,0.23437
3,0.237563
3.08001,0.238078
3.11999,0.236688
3.2,0.236997
3.28001,0.235761
3.31999,0.238542
3.4,0.239778
3.48001,0.237975
3.51999,0.240859
3.6,0.24019
3.68001,0.239623
3.71999,0.240344
3.8,0.242249
3.88001,0.239623
3.91999,0.241992
4,0.239263
4.08001,0.239108
4.11999,0.240087
4.2,0.23849
4.28001,0.236533
4.31999,0.237254
4.4,0.238542
4.48001,0.239469
4.51999,0.239057
4.64401,0.242816
4.68001,0.243176
4.71999,0.242146
4.8,0.243691
4.88001,0.244773
4.91999,0.243846
5,0.244567
5.08001,0.246575
5.11999,0.24606
5.2,0.252137
5.28001,0.254661
5.31999,0.253785
5.4,0.252652
5.48001,0.259295
5.51999,0.265012
5.6,0.277732
5.68001,0.28901
5.71999,0.29519
5.8,0.305387
5.88001,0.310228
5.91999,0.310434
6,0.310073
6.08001,0.309507
6.11999,0.309146
6.21999,0.311464
6.32298,0.307395
6.34004,0.30894
6.4,0.308528
6.48001,0.309198
6.51999,0.309249
6.6,0.309146
6.68001,0.310691
6.71999,0.308786
6.8,0.309661
6.88001,0.309404
6.91999,0.309095
7,0.310794
7.08001,0.321506
7.11999,0.326398
7.2,0.33505
7.28001,0.347358
7.31999,0.353177
7.4,0.361211
7.48001,0.365846
7.51999,0.368833
7.6,0.369451
7.68001,0.374498
7.71999,0.374395
7.8,0.376764
7.88001,0.376455
7.92298,0.383201
8,0.383098
8.08001,0.384798
8.11999,0.382892
8.2,0.386343
8.28001,0.384437
8.31999,0.385261
8.4,0.387167
8.48001,0.39108
8.51999,0.392471
8.6,0.395818
8.68001,0.397363
8.71999,0.396127
8.8,0.397209
8.88001,0.398393
8.91999,0.401998
9,0.402307
9.08001,0.402513
9.11999,0.405191
9.2,0.406015
9.28001,0.407611
9.31999,0.407405
9.4,0.403904
9.48001,0.407714
9.51999,0.408075
9.64303,0.398857
9.68001,0.399938
9.71999,0.399114
9.8,0.398908
9.88001,0.400299
9.91999,0.397621
10,0.402719
10.08,0.40035
10.12,0.40035
10.2,0.401123
10.28,0.40205
10.32,0.402668
10.4,0.400659
10.48,0.401895
10.52,0.400505
10.6,0.399681
10.68,0.399114
10.72,0.398496
10.8,0.396127
10.88,0.395715
10.92,0.396333
11,0.395973
11.08,0.395921
11.12,0.39381
11.2,0.39381
11.323,0.398187
11.34,0.396797
11.4,0.396436
11.48,0.396694
11.52,0.398702
11.6,0.39623
11.68,0.392419
11.72,0.39005
11.8,0.389278
11.88,0.389741
11.92,0.389844
12,0.387888
12.08,0.386446
12.12,0.384849
12.2,0.383047
12.28,0.38248
12.32,0.380781
12.4,0.378412
12.48,0.378206
12.52,0.375991
12.6,0.371253
12.68,0.371356
12.72,0.370481
12.8,0.370481
12.88,0.369091
12.963,0.359306
13,0.359769
13.08,0.358379
13.12,0.357297
13.2,0.357555
13.28,0.359306
13.32,0.358688
13.4,0.358224
13.48,0.358018
13.52,0.357194
13.6,0.35843
13.68,0.356731
13.72,0.35498
13.8,0.355237
13.88,0.356319
13.92,0.356164
14,0.356061
14.08,0.356422
14.12,0.356422
14.2,0.355804
14.28,0.354928
14.32,0.355289
14.4,0.355598
14.48,0.356267
14.52,0.356576
14.643,0.355546
14.68,0.357297
14.72,0.357812
14.8,0.35704
14.88,0.356576
14.92,0.357452
15,0.356885
15.08,0.356576
15.12,0.357091
15.2,0.356731
15.28,0.358018
15.32,0.358018
15.4,0.357091
15.48,0.357709
15.52,0.357864
15.6,0.358533
15.68,0.35946
15.72,0.359924
15.8,0.360284
15.88,0.358276
15.92,0.358379
16,0.362499
16.08,0.367752
16.12,0.367803
16.2,0.370687
16.323,0.372747
16.34,0.373468
16.4,0.371511
16.48,0.371202
16.52,0.369503
16.6,0.368061
16.68,0.366567
16.72,0.366876
16.8,0.367031
16.88,0.368061
16.92,0.368576
17,0.369039
17.08,0.369915
17.12,0.369966
17.2,0.370481
17.28,0.371562
17.32,0.371562
17.4,0.371099
17.48,0.371356
17.52,0.372489
17.6,0.372129
17.68,0.37285
17.72,0.372695
17.8,0.372644
17.88,0.372798
17.964,0.369863
18.02,0.370944
18.08,0.370532
18.12,0.371253
18.2,0.370944
18.28,0.373313
18.32,0.374755
18.4,0.374498
18.48,0.372798
18.52,0.37285
18.6,0.375064
18.68,0.374704
18.72,0.374292
18.8,0.376609
18.88,0.378978
18.92,0.374034
19,0.372747
19.08,0.371871
19.12,0.372232
19.2,0.370326
19.28,0.368318
19.32,0.367185
19.4,0.365434
19.48,0.364971
19.52,0.364971
19.643,0.368164
19.68,0.367803
19.72,0.367134
19.8,0.367597
19.88,0.368473
19.92,0.368009
20,0.368421
20.08,0.369709
20.12,0.367906
20.2,0.369915
20.28,0.370275
20.32,0.370326
20.4,0.369966
20.48,0.370275
20.52,0.371099
20.6,0.37079
20.68,0.371202
20.721,0.370944
20.8,0.37115
20.88,0.372798
20.92,0.372747
21,0.373571
21.08,0.373725
21.12,0.373519
21.2,0.373931
21.323,0.373519
21.34,0.373571
21.4,0.37285
21.48,0.372644
21.52,0.373262
21.62,0.372335
21.68,0.373519
21.72,0.373622
21.8,0.374549
21.88,0.373983
21.92,0.37424
22,0.374498
22.08,0.37424
22.12,0.374755
22.2,0.375219
22.28,0.376197
22.32,0.376197
22.4,0.376455
22.48,0.377948
22.52,0.378154
22.6,0.378051
22.68,0.37836
22.72,0.378566
22.8,0.377433
22.88,0.379339
22.963,0.371305
23,0.370326
23.08,0.3694
23.12,0.369348
23.2,0.369812
23.28,0.36873
23.32,0.368318
23.4,0.368782
23.48,0.369812
23.52,0.370893
23.6,0.369812
23.68,0.370944
23.72,0.370738
23.8,0.370378
23.88,0.371202
23.92,0.370841
24,0.371305
24.08,0.371408
24.12,0.371459
24.2,0.372438
24.28,0.373004
24.32,0.372798
24.4,0.374137
24.48,0.373313
24.52,0.373674
24.643,0.371717
24.68,0.372953
24.71,0.371871
24.79,0.372232
24.87,0.37182
24.91,0.372335
24.99,0.373159
25.07,0.373262
25.11,0.373725
25.19,0.373313
25.27,0.373262
25.33,0.373828
25.39,0.375631
25.47,0.377176
25.51,0.378566
25.59,0.382532
25.67,0.381656
25.71,0.382429
25.8,0.383047
25.88,0.383356
25.92,0.384283
26,0.383407
26.08,0.384386
26.12,0.384849
26.2,0.384901
26.304,0.386806
26.321,0.389226
26.4,0.38969
26.48,0.389329
26.52,0.389896
26.6,0.391235
26.68,0.391029
26.72,0.389793
26.8,0.392007
26.88,0.392368
26.92,0.390977
27,0.392677
27.08,0.392419
27.12,0.392265
27.2,0.392522
27.28,0.393037
27.32,0.394067
27.4,0.396642
27.48,0.396333
27.52,0.397415
27.6,0.397518
27.68,0.400093
27.72,0.400144
27.8,0.401483
27.88,0.403183
27.963,0.410083
28.02,0.411731
28.08,0.410495
28.12,0.409826
28.2,0.411525
28.28,0.413019
28.32,0.412813
28.4,0.413843
28.48,0.415645
28.52,0.416263
28.6,0.415233
28.68,0.416263
28.71,0.416212
28.79,0.416006
28.87,0.418066
28.91,0.418787
28.99,0.41889
29.07,0.420383
29.11,0.419199
29.19,0.419714
29.27,0.419044
29.31,0.420074
29.39,0.422855
29.47,0.42301
29.51,0.423164
29.613,0.424143
29.67,0.421413
29.71,0.422083
29.79,0.424761
29.87,0.422804
29.91,0.420692
29.99,0.420177
30.07,0.420538
30.11,0.421825
30.19,0.421259
30.27,0.421928
30.31,0.422083
30.39,0.421619
30.47,0.418478
30.51,0.41822
30.59,0.418272
30.67,0.419199
30.71,0.420744
30.8,0.41822
30.88,0.421465
30.92,0.420744
31,0.42095
31.08,0.421465
31.12,0.421413
31.2,0.424246
31.283,0.418581
31.32,0.417139
31.4,0.418426
31.48,0.418323
31.52,0.419147
31.6,0.420074
31.68,0.420023
31.72,0.420074
31.8,0.42028
31.88,0.421722
31.92,0.421516
32,0.42198
32.08,0.420126
32.12,0.422392
32.2,0.423576
32.28,0.424864
32.32,0.423628
32.4,0.422855
32.48,0.423422
32.52,0.422134
32.6,0.425327
32.68,0.425997
32.709,0.426048
32.79,0.425687
32.87,0.426408
32.934,0.421722
32.99,0.42682
33.07,0.424297
33.11,0.424297
33.19,0.434494
33.27,0.445411
33.31,0.453291
33.41,0.465393
33.47,0.477444
33.51,0.484087
33.59,0.493099
33.67,0.502214
33.71,0.509785
33.79,0.515089
33.87,0.520033
33.91,0.521063
33.99,0.522608
34.07,0.527243
34.11,0.529097
34.19,0.530796
34.27,0.531826
34.31,0.532599
34.39,0.526213
34.47,0.522608
34.51,0.522968
34.634,0.503656
34.67,0.503811
34.71,0.505459
34.8,0.507004
34.88,0.503965
34.92,0.503038
35,0.504223
35.08,0.506231
35.12,0.506798
35.2,0.507519
35.28,0.507467
35.32,0.50927
35.4,0.510763
35.48,0.513132
35.52,0.515089
35.6,0.515913
35.68,0.518951
35.71,0.517973
35.79,0.519466
35.87,0.519981
35.91,0.51993
35.99,0.521114
36.07,0.522814
36.11,0.522917
36.19,0.525698
36.295,0.520033
36.312,0.522247
36.39,0.523432
36.47,0.525801
36.51,0.528427
36.59,0.530178
36.67,0.530796
36.71,0.53023
36.79,0.531311
36.87,0.529148
36.91,0.528891
36.99,0.529354
37.07,0.533062
37.11,0.535122
37.19,0.534813
37.27,0.533989
37.31,0.534916
37.39,0.533835
37.47,0.534247
37.51,0.533423
37.59,0.530487
37.67,0.53023
37.714,0.529869
37.79,0.535277
37.87,0.541096
37.954,0.540787
38.01,0.543928
38.07,0.551911
38.11,0.555001
38.19,0.560253
38.27,0.567772
38.31,0.571068
38.39,0.577042
38.47,0.583634
38.51,0.587033
38.59,0.593624
38.67,0.598208
38.71,0.600216
38.8,0.60171
38.88,0.607684
38.92,0.610722
39,0.614842
39.08,0.613966
39.12,0.615975
39.2,0.617623
39.28,0.618704
39.32,0.619425
39.4,0.619425
39.48,0.619837
39.52,0.621434
39.644,0.612576
39.68,0.609435
39.72,0.609023
39.8,0.60789
39.88,0.609538
39.92,0.610671
40,0.614996
40.08,0.619219
40.12,0.620198
40.2,0.624472
40.28,0.629622
40.32,0.631579
40.4,0.634566
40.48,0.637038
40.52,0.638892
40.6,0.641003
40.68,0.641055
40.709,0.641261
40.79,0.645123
40.87,0.649346
40.91,0.65053
40.99,0.653981
41.07,0.656916
41.11,0.657071
41.19,0.6615
41.315,0.653723
41.332,0.65671
41.39,0.66047
41.47,0.66459
41.51,0.666289
41.59,0.67113
41.67,0.671799
41.71,0.672726
41.79,0.674117
41.87,0.673293
41.91,0.673344
41.99,0.672726
42.07,0.672263
42.11,0.671181
42.19,0.671696
42.27,0.671387
42.31,0.671748
42.39,0.671027
42.47,0.673035
42.51,0.672417
42.59,0.671645
42.67,0.670409
42.71,0.670718
42.8,0.67355
42.88,0.675559
42.964,0.670306
43.02,0.674889
43.08,0.677258
43.12,0.679061
43.2,0.682923
43.28,0.685241
43.32,0.685292
43.4,0.687712
43.48,0.688536
43.52,0.689257
43.6,0.689772
43.68,0.688691
43.72,0.69106
43.8,0.690133
43.88,0.690699
43.92,0.690854
44,0.691369
44.08,0.695077
44.12,0.694562
44.2,0.696313
44.28,0.699763
44.32,0.700793
44.4,0.703059
44.48,0.704758
44.52,0.705634
44.644,0.706561
44.68,0.70826
44.708,0.706303
44.79,0.709548
44.87,0.71099
44.91,0.713307
44.99,0.714955
45.07,0.714286
45.11,0.716191
45.19,0.718354
45.27,0.718715
45.31,0.719642
45.39,0.719693
45.47,0.719539
45.51,0.722062
45.59,0.72165
45.67,0.721496
45.71,0.724122
45.79,0.725306
45.87,0.725203
45.91,0.726439
45.99,0.727006
46.07,0.727418
46.11,0.728911
46.19,0.729787
46.315,0.729581
46.332,0.731074
46.39,0.732465
46.47,0.731744
46.51,0.73195
46.59,0.733443
46.67,0.733186
46.71,0.73298
46.8,0.731126
46.88,0.731589
46.92,0.731538
47,0.730199
47.08,0.73092
47.12,0.731538
47.2,0.730868
47.28,0.730662
47.32,0.73025
47.4,0.731435
47.48,0.73128
47.52,0.730817
47.6,0.730971
47.68,0.730147
47.72,0.730353
47.8,0.729632
47.88,0.729941
47.964,0.720826
48,0.720311
48.08,0.720466
48.12,0.720517
48.2,0.719075
48.28,0.720672
48.32,0.721804
48.4,0.721702
48.48,0.720723
48.52,0.72062
48.6,0.720826
48.68,0.719487
48.708,0.718354
48.8,0.717479
48.88,0.715161
48.92,0.715367
49,0.715007
49.08,0.713822
49.12,0.713204
49.2,0.712174
49.28,0.711041
49.32,0.710475
49.4,0.709805
49.48,0.709857
49.52,0.710114
49.646,0.699918
49.68,0.699351
49.72,0.699609
49.8,0.697961
49.88,0.697137
49.92,0.696931
50,0.696107
50.08,0.696004
50.12,0.695128
50.2,0.695901
50.28,0.695695
50.32,0.69518
50.4,0.695077
50.48,0.695231
50.52,0.69518
50.6,0.695746
50.68,0.693995
50.72,0.692759
50.8,0.690699
50.88,0.689257
50.92,0.688279
51,0.68694
51.08,0.686425
51.12,0.684829
51.2,0.684108
51.326,0.67113
51.343,0.671078
51.4,0.671284
51.48,0.671593
51.52,0.670924
51.6,0.671233
51.68,0.671336
51.72,0.671696
51.8,0.671954
51.88,0.67319
51.92,0.673447
52,0.673705
52.08,0.673962
52.12,0.673962
52.2,0.673808
52.28,0.678134
52.32,0.680657
52.4,0.684571
52.48,0.686476
52.52,0.688485
52.6,0.693223
52.68,0.698888
52.708,0.702029
52.8,0.708209
52.88,0.712998
52.966,0.72201
53.02,0.727881
53.08,0.732104
53.12,0.734422
53.2,0.73813
53.28,0.73952
53.32,0.740447
53.4,0.744515
53.48,0.74879
53.52,0.75018
53.6,0.753734
53.68,0.755845
53.72,0.757184
53.8,0.758987
53.88,0.758987
53.92,0.758523
54,0.760325
54.08,0.761046
54.12,0.760222
54.2,0.759759
54.28,0.760789
54.32,0.75842
54.4,0.757802
54.48,0.756669
54.52,0.756206
54.646,0.74158
54.68,0.743949
54.72,0.743485
54.79,0.739932
54.87,0.73746
54.91,0.736688
54.99,0.736842
55.07,0.73643
55.11,0.737666
55.19,0.736997
55.27,0.738027
55.31,0.736688
55.39,0.735246
55.47,0.734422
55.51,0.734164
55.59,0.733031
55.67,0.73128
55.71,0.731486
55.79,0.731538
55.87,0.731023
55.91,0.732156
55.99,0.732619
56.07,0.73298
56.11,0.733237
56.19,0.733804
56.316,0.7251
56.333,0.7251
56.39,0.724585
56.47,0.725049
56.51,0.725358
56.59,0.725667
56.67,0.726079
56.71,0.726388
56.79,0.726697
56.87,0.727109
56.91,0.727366
56.99,0.7268
57.07,0.726542
57.11,0.727109
57.19,0.727006
57.27,0.727057
57.31,0.727212
57.39,0.72783
57.47,0.727933
57.51,0.728293
57.59,0.728087
57.67,0.728448
57.712,0.728602
57.79,0.72922
57.87,0.728963
57.955,0.728757
58.01,0.729169
58.07,0.728757
58.11,0.728757
58.19,0.72886
58.27,0.729838
58.31,0.730096
58.39,0.730044
58.47,0.730353
58.51,0.730765
59.636,0.731177
58.6165,0.731126
59.71,0.730508
58.7365,0.730199
58.8165,0.730096
58.8565,0.729993
58.9365,0.729375
59.0165,0.728911
59.0565,0.729066
59.1365,0.729426
59.2165,0.730096
59.2565,0.730353
59.3365,0.73025
59.4165,0.730559
59.4565,0.730714
59.5365,0.730714
59.6165,0.729993
59.6565,0.730199
59.7365,0.730147
59.8165,0.729941
59.8565,0.729787
59.9365,0.730147
60.0165,0.730044
60.0565,0.729529
60.1365,0.729375
60.2625,0.729375
60.2965,0.729169
60.3365,0.729066
60.4165,0.730199
60.4565,0.730044
60.5365,0.730456
60.6165,0.730405
60.6565,0.73025
60.7365,0.729838
60.8165,0.729838
60.8565,0.729787
60.9365,0.730868
61.0165,0.730765
61.0565,0.730559
61.1365,0.730096
61.2165,0.730508
61.2565,0.73025
61.3365,0.730199
61.4165,0.73025
61.4565,0.729735
61.5365,0.730662
61.6165,0.730199
61.6565,0.730405
61.7365,0.73025
61.8165,0.730765
61.9025,0.727469
61.9365,0.728242
62.0165,0.727624
62.0565,0.728345
62.1365,0.728345
62.2165,0.728911
62.2565,0.729529
62.3365,0.729323
62.4165,0.730662
62.4565,0.731641
62.5365,0.732825
62.6165,0.73334
62.6565,0.734267
62.7365,0.734319
62.8165,0.733752
62.8565,0.733083
62.9365,0.733134
63.0165,0.732722
63.0565,0.733186
63.1365,0.733237
63.2165,0.733546
63.2565,0.734267
63.3365,0.734113
63.4165,0.73401
63.4565,0.734113
63.5825,0.732568
63.6365,0.73298
63.6585,0.732671
63.7365,0.732774
63.8165,0.734525
63.8765,0.734834
63.9365,0.735709
64.0165,0.736636
64.0565,0.737254
64.1365,0.737872
64.2165,0.738799
64.2565,0.738439
64.3365,0.738696
64.4165,0.738696
64.4565,0.739366
64.5365,0.739881
64.6165,0.741631
64.6565,0.741992
64.7365,0.742816
64.8165,0.744258
64.8565,0.744258
64.9365,0.744052
65.0165,0.744412
65.0565,0.745185
65.1365,0.745391
65.2625,0.743485
65.2795,0.743176
65.3365,0.742558
65.4165,0.742867
65.4565,0.743073
65.5365,0.742455
65.6165,0.741786
65.6565,0.741528
65.7365,0.740704
65.8165,0.740704
65.8565,0.740756
65.9375,0.74091
66.0165,0.740756
66.0565,0.740601
66.1365,0.740344
66.2165,0.739726
66.2565,0.739623
66.3365,0.739366
66.4165,0.739108
66.4565,0.738645
66.5365,0.73849
66.6165,0.737666
66.6565,0.737357
66.7365,0.737512
66.8165,0.737203
66.9025,0.734937
66.9365,0.734834
67.0165,0.734473
67.0565,0.735555
67.1365,0.734834
67.2165,0.734885
68.5815,0.738748
67.3239,0.739829
68.6565,0.740035
67.444,0.741065
67.5239,0.741477
67.564,0.742095
67.644,0.74055
67.7239,0.740086
67.764,0.741013
67.844,0.740498
67.9239,0.741065
67.984,0.741837
68.044,0.741837
68.1239,0.742455
68.164,0.743073
68.244,0.743331
68.3239,0.743176
68.364,0.743279
68.444,0.742455
68.5239,0.741992
68.564,0.742352
68.644,0.742558
68.7239,0.741837
68.764,0.74158
68.844,0.741219
68.97,0.739314
68.987,0.739623
69.044,0.739778
69.1239,0.739726
69.164,0.739623
69.244,0.739108
69.3239,0.739263
69.364,0.739263
69.444,0.73916
69.5239,0.738902
69.564,0.738902
69.644,0.740035
69.7239,0.739726
69.764,0.740189
69.844,0.740035
69.9239,0.739726
69.964,0.740035
70.044,0.739881
70.1239,0.739778
70.164,0.739881
70.244,0.740395
70.3239,0.740138
70.364,0.739881
70.4539,0.740704
70.534,0.740601
70.6209,0.740498
70.6539,0.740395
70.734,0.74055
70.7739,0.740447
70.8539,0.739675
70.934,0.738748
70.9739,0.738696
71.054,0.739778
71.134,0.740653
71.1739,0.740395
71.254,0.740138
71.334,0.739469
71.3739,0.739778
71.4539,0.740138
71.534,0.739778
71.5739,0.740035
71.6539,0.740189
71.734,0.740498
71.7739,0.740241
71.8539,0.741013
71.934,0.741374
71.9739,0.741013
72.054,0.740653
72.134,0.740756
72.1739,0.740704
72.301,0.741374
72.334,0.74261
72.3739,0.743279
72.4539,0.744206
72.534,0.74364
72.5739,0.744103
72.6539,0.744155
72.734,0.744155
72.7739,0.743691
72.8539,0.744412
72.934,0.744103
72.9739,0.743949
73.054,0.743331
73.134,0.744103
73.1739,0.743846
73.254,0.743897
73.334,0.744309
73.3739,0.743743
73.4539,0.744103
73.534,0.744464
73.5739,0.744155
73.6539,0.744258
73.734,0.74503
73.7739,0.745288
73.8539,0.745442
73.981,0.742352
73.998,0.742867
74.054,0.742713
74.134,0.743176
74.1739,0.743537
74.254,0.744824
74.334,0.744206
74.361,0.744258
74.4539,0.744309
74.534,0.744515
74.5739,0.743949
74.6739,0.743537
74.734,0.74297
74.7739,0.743434
74.8539,0.744258
74.934,0.746266
74.9739,0.747451
75.054,0.750129
75.134,0.75121
75.1739,0.752137
75.254,0.75188
75.334,0.751777
75.3739,0.752652
75.4539,0.751674
75.534,0.751107
75.6209,0.747399
75.6539,0.748532
75.734,0.748944
75.7739,0.748584
75.8539,0.748481
75.934,0.747914
75.9739,0.747966
76.054,0.747863
76.134,0.749871
76.1739,0.750129
76.254,0.750232
76.334,0.750386
76.359,0.749871
76.4539,0.751159
76.534,0.752395
76.5739,0.751725
76.6539,0.749871
76.734,0.747811
76.7739,0.746987
76.8539,0.746009
76.934,0.745597
76.9739,0.74673
77.054,0.74812
77.134,0.750026
77.1739,0.751571
77.301,0.751725
77.356,0.753476
77.3739,0.75497
77.4539,0.756566
77.534,0.754455
77.5739,0.754918
77.6539,0.752189
77.734,0.752652
77.794,0.751828
77.8539,0.751828
77.934,0.750901
77.9739,0.751622
78.054,0.751519
78.134,0.74982
78.1739,0.749562
78.254,0.74879
78.334,0.748172
78.364,0.748017
78.444,0.74673
78.5239,0.746472
78.564,0.746781
78.644,0.746163
78.7239,0.746369
78.764,0.746266
78.844,0.745803
78.97,0.741683
78.987,0.741837
79.044,0.740962
79.1239,0.74091
79.164,0.741271
79.244,0.740447
79.3239,0.740138
79.3679,0.740962
79.444,0.740653
79.5239,0.741528
79.564,0.741374
79.645,0.740704
79.7239,0.740704
79.764,0.741013
79.844,0.741683
79.9239,0.741425
79.964,0.741683
80.044,0.741477
80.1239,0.741425
80.164,0.741889
80.244,0.741786
80.3239,0.74194
80.364,0.74194
80.444,0.742043
80.5239,0.742249
80.609,0.742661
80.644,0.742558
80.7239,0.742507
80.764,0.74261
80.844,0.742352
80.9239,0.742867
80.964,0.742816
81.044,0.742919
81.1239,0.743125
81.164,0.743228
81.244,0.743588
81.3239,0.743382
81.364,0.743588
81.444,0.744258
81.5239,0.745391
81.564,0.745957
81.644,0.745854
81.7239,0.746627
81.764,0.74709
81.844,0.746781
81.9239,0.747193
81.964,0.747605
82.044,0.747039
82.1239,0.747502
82.164,0.746884
82.25,0.745236
82.3239,0.747142
82.3679,0.746266
82.444,0.747451
82.5239,0.748275
82.564,0.749511
82.644,0.750695
82.7239,0.751519
82.764,0.750798
82.844,0.750386
82.9239,0.749408
82.964,0.74812
83.044,0.74606
83.1239,0.744464
83.164,0.744309
83.244,0.74297
83.3239,0.743331
83.364,0.743125
83.444,0.743279
83.5239,0.741992
83.564,0.742816
83.644,0.74261
83.7239,0.742146
83.764,0.742198
83.844,0.741219
83.97,0.738748
83.987,0.739211
84.044,0.739263
84.1239,0.740138
84.164,0.739932
84.244,0.740292
84.3239,0.741013
84.364,0.74055
84.444,0.740189
84.5239,0.740344
84.564,0.740035
84.644,0.740601
84.7239,0.740241
84.764,0.741065
84.844,0.740498
84.9239,0.740807
84.964,0.741477
85.044,0.741425
85.1239,0.741116
85.164,0.741013
85.244,0.741271
85.3239,0.739881
85.364,0.739108
85.444,0.739263
85.5239,0.738748
85.609,0.738439
85.644,0.737872
85.7239,0.738851
85.764,0.739572
85.844,0.739983
85.9239,0.741013
85.964,0.741425
86.044,0.74194
86.1239,0.74364
86.164,0.74503
86.244,0.745957
86.3239,0.748429
86.364,0.749099
86.4539,0.749717
86.534,0.750026
86.5739,0.750386
86.6539,0.750592
86.734,0.75085
86.7739,0.750489
86.8539,0.750386
86.934,0.750026
86.9739,0.749511
87.054,0.750232
87.134,0.751622
87.1739,0.752652
87.301,0.750438
87.334,0.750901
87.3569,0.750644
87.4539,0.749974
87.534,0.747502
87.5739,0.747348
87.6539,0.746369
87.734,0.745854
87.7739,0.745751
87.8539,0.746369
87.934,0.745648
87.9739,0.7457
88.054,0.745751
88.134,0.745906
88.1739,0.745545
88.2539,0.746421
88.334,0.746266
88.358,0.746215
88.4539,0.746421
88.534,0.746524
88.5739,0.746524
88.6539,0.746266
88.734,0.746266
88.7739,0.746112
88.8539,0.74606
88.98,0.744618
88.997,0.746318
89.054,0.745803
89.134,0.745597
89.1739,0.745082
89.2539,0.745751
89.334,0.746112
89.3569,0.746524
89.4539,0.746833
89.534,0.746936
89.5739,0.746524
89.6539,0.746112
89.734,0.74673
89.7739,0.747039
89.8539,0.746833
89.934,0.747554
89.9739,0.746627
90.054,0.748017
90.134,0.747863
90.1739,0.748069
90.2539,0.749099
90.334,0.749459
90.361,0.75018
90.4539,0.749099
90.534,0.749511
90.62,0.748069
90.6539,0.748481
90.734,0.748841
90.7739,0.749562
90.8539,0.750129
90.934,0.749408
90.9739,0.749871
91.054,0.749408
91.134,0.751313
91.1739,0.751159
91.2539,0.754043
91.3349,0.754146
91.358,0.753167
91.444,0.753579
91.5239,0.753116
91.564,0.753785
91.644,0.754609
91.7239,0.753734
91.764,0.754558
91.844,0.753116
91.9239,0.751159
91.964,0.750386
92.044,0.750592
92.1239,0.748172
92.164,0.747966
92.289,0.743125
92.3239,0.743382
92.364,0.743434
92.444,0.742661
92.5239,0.742043
92.564,0.741425
92.644,0.742095
92.7239,0.741425
92.764,0.741065
92.844,0.739932
92.9239,0.740962
92.964,0.740962
93.044,0.741116
93.1239,0.739417
93.164,0.739572
93.244,0.739417
93.3239,0.739983
93.365,0.739983
93.444,0.739469
93.5239,0.739778
93.564,0.740241
93.644,0.740241
93.7239,0.740704
93.764,0.741322
93.844,0.741116
93.95,0.73607
93.967,0.737563
94.044,0.737151
94.1239,0.739623
94.164,0.739932
94.244,0.739932
94.3239,0.74055
94.364,0.73952
94.444,0.741322
94.5239,0.74297
94.564,0.743537
94.644,0.744721
94.7239,0.744515
94.764,0.74503
94.844,0.744927
94.9239,0.746524
94.964,0.745751
95.044,0.747399
95.1239,0.749974
95.164,0.751468
95.244,0.75394
95.3239,0.755588
95.364,0.755588
95.444,0.758266
95.5239,0.758832
95.609,0.753219
95.644,0.757751
95.7239,0.758729
95.764,0.759296
95.844,0.763261
95.9239,0.764188
95.964,0.764136
96.044,0.768411
96.1239,0.77011
96.164,0.769492
96.244,0.772016
96.3239,0.771089
96.364,0.771604
96.444,0.772067
96.5239,0.771707
96.564,0.772531
96.644,0.774591
96.7239,0.771295
96.764,0.773149
96.844,0.777011
96.9239,0.774488
96.964,0.77732
97.044,0.776084
97.1239,0.777629
97.164,0.776857
97.289,0.77284
97.3239,0.773715
97.364,0.772325
97.444,0.770831
97.5239,0.77593
97.564,0.777114
97.644,0.773921
97.7239,0.768977
97.764,0.768668
97.844,0.767999
97.9239,0.768771
97.964,0.765939
98.044,0.76084
98.1239,0.754506
98.164,0.75224
98.244,0.748326
98.3239,0.743434
98.364,0.73643
98.444,0.729426
98.5239,0.722113
98.564,0.720054
98.644,0.712226
98.7239,0.709393
98.764,0.704192
98.844,0.699094
98.969,0.681224
98.986,0.686579
99.044,0.675765
99.1239,0.676589
99.164,0.673241
99.244,0.670048
99.3239,0.666392
99.3659,0.656041
99.444,0.656453
99.5239,0.643887
99.564,0.645278
99.644,0.636677
99.7239,0.632609
99.764,0.622721
99.844,0.618292
99.9239,0.618704
99.964,0.622309
100.044,0.619116
100.124,0.614842
100.164,0.61752
100.244,0.611958
100.324,0.611391
100.364,0.614945
100.444,0.608971
100.524,0.602791
100.608,0.600371
100.644,0.597178
100.724,0.59208
100.764,0.585591
100.844,0.581625
100.924,0.589659
100.964,0.589247
101.044,0.579668
101.124,0.584818
101.164,0.582913
101.244,0.58214
101.324,0.587754
101.364,0.590947
101.444,0.591462
101.524,0.590895
101.564,0.587239
101.644,0.587805
101.724,0.580904
101.764,0.577711
101.844,0.578072
101.924,0.571686
101.964,0.571944
102.044,0.567412
102.124,0.560305
102.164,0.558966
102.288,0.553095
102.324,0.552632
102.367,0.548718
102.444,0.540117
102.524,0.535071
102.564,0.529509
102.644,0.528633
102.724,0.524204
102.764,0.523638
102.844,0.517355
102.924,0.518539
102.964,0.518025
103.044,0.516377
103.124,0.51581
103.164,0.518488
103.244,0.522144
103.324,0.526985
103.364,0.531466
103.444,0.538212
103.524,0.539396
103.564,0.541147
103.644,0.538933
103.724,0.542744
103.764,0.546091
103.844,0.547224
103.948,0.558451
103.965,0.557215
104.064,0.562571
104.124,0.568442
104.164,0.568184
104.244,0.567978
104.324,0.569317
104.364,0.567412
104.444,0.562313
104.524,0.556906
104.564,0.557163
104.644,0.55912
104.724,0.568699
104.764,0.562674
104.844,0.562777
104.924,0.56736
104.964,0.560305
105.044,0.560099
105.124,0.565815
105.164,0.566279
105.244,0.572562
105.324,0.56839
105.364,0.568081
105.444,0.570914
105.524,0.573025
105.587,0.571892
105.644,0.564785
105.724,0.560768
105.764,0.556545
105.844,0.553816
105.924,0.555361
105.964,0.557318
106.044,0.563704
106.124,0.574982
106.164,0.574158
106.244,0.578947
106.324,0.583582
106.364,0.592903
106.444,0.600834
106.524,0.617108
106.564,0.622927
106.644,0.630394
106.724,0.647492
106.764,0.647698
106.844,0.662118
106.924,0.66392
106.964,0.667628
107.044,0.674426
107.124,0.674735
107.164,0.67216
107.268,0.665156
107.344,0.672211
107.364,0.681327
107.444,0.677001
107.524,0.672778
107.564,0.677722
107.644,0.672932
107.724,0.663766
107.764,0.661912
107.844,0.651869
107.924,0.648522
107.964,0.647389
108.044,0.642857
108.124,0.641982
108.164,0.6409
108.244,0.646256
108.324,0.649449
108.364,0.654238
108.455,0.665208
108.535,0.673859
108.554,0.672881
108.635,0.678134
108.714,0.675559
108.754,0.6804
108.835,0.686116
108.939,0.687352
108.956,0.688485
109.034,0.701051
109.114,0.704192
109.154,0.697703
109.235,0.708415
109.314,0.716706
109.357,0.730096
109.434,0.742919
109.515,0.751674
109.554,0.755124
109.635,0.759605
109.714,0.768153
109.754,0.776496
109.834,0.774385
109.915,0.769389
109.955,0.769698
110.034,0.760428
110.114,0.752137
110.154,0.755897
110.235,0.746009
110.314,0.740447
110.357,0.737615
110.434,0.732156
110.515,0.728705
110.579,0.728139
110.635,0.721959
110.714,0.71614
110.754,0.71135
110.834,0.699866
110.914,0.694665
110.955,0.692965
111.034,0.691111
111.114,0.686528
111.154,0.681121
111.235,0.673344
111.314,0.666598
111.357,0.661345
111.434,0.663457
111.515,0.640437
111.554,0.64569
111.635,0.641879
111.714,0.639149
111.754,0.642239
111.834,0.631579
111.914,0.625348
111.955,0.626326
112.034,0.622824
112.114,0.618344
112.154,0.613245
112.278,0.614739
112.314,0.607684
112.357,0.6134
112.434,0.624318
112.515,0.625863
112.554,0.633124
112.635,0.63987
112.714,0.651818
112.754,0.657071
112.834,0.675971
112.914,0.682769
112.955,0.690699
113.034,0.688073
113.114,0.68694
113.154,0.693892
113.235,0.694665
113.314,0.696364
113.357,0.695798
113.434,0.687764
113.515,0.688897
113.554,0.680606
113.635,0.674735
113.714,0.661242
113.754,0.65532
113.834,0.641312
113.939,0.629158
113.974,0.62473
114.034,0.609126
114.114,0.595221
114.154,0.581883
114.234,0.573901
114.314,0.566073
114.357,0.554434
114.434,0.549284
114.514,0.5378
114.554,0.53332
114.634,0.530487
114.714,0.535225
114.754,0.528273
114.834,0.530899
114.914,0.522402
114.954,0.517973
115.034,0.514626
115.114,0.498146
115.154,0.49382
115.235,0.486868
115.335,0.480894
115.357,0.48316
115.454,0.489031
115.514,0.479864
115.558,0.510042
115.634,0.496756
115.714,0.492121
115.754,0.491142
115.834,0.488155
115.914,0.484499
115.974,0.480379
116.034,0.475435
116.114,0.474302
116.154,0.479658
116.235,0.46838
116.314,0.455917
116.357,0.457153
116.434,0.456587
116.514,0.454887
116.554,0.45808
116.634,0.452364
116.714,0.453342
116.754,0.458544
116.834,0.456741
116.914,0.454733
116.954,0.45602
117.034,0.449377
117.114,0.442991
117.154,0.436399
117.278,0.428211
117.314,0.425173
117.357,0.419611
117.434,0.417705
117.514,0.416984
117.554,0.421362
117.634,0.422958
117.714,0.424915
117.754,0.425481
117.834,0.436554
117.914,0.446647
117.955,0.439283
118.034,0.438665
118.114,0.433876
118.154,0.424812
118.234,0.419508
118.314,0.407405
118.357,0.405243
118.434,0.403337
118.514,0.39072
118.554,0.39005
118.634,0.38521
118.714,0.39005
118.754,0.388866
118.834,0.387527
118.939,0.368679
118.974,0.368009
119.034,0.377073
119.114,0.379957
119.154,0.380523
119.234,0.385364
119.314,0.387321
119.357,0.39278
119.434,0.38727
119.514,0.387012
119.554,0.392728
119.635,0.396694
119.714,0.411886
119.754,0.410753
119.834,0.41477
119.914,0.416366
119.955,0.415645
120.034,0.415388
120.114,0.419405
120.154,0.423473
120.234,0.418735
120.314,0.420383
120.357,0.416624
120.434,0.406891
120.514,0.399578
120.598,0.394016
120.634,0.387064
120.714,0.390102
120.754,0.392574
120.834,0.382944
120.914,0.385313
120.954,0.383562
121.034,0.385467
121.114,0.391853
121.154,0.389587
121.234,0.406376
121.314,0.408332
121.357,0.415542
121.434,0.418529
121.514,0.437584
121.554,0.440571
121.634,0.452467
121.714,0.456638
121.754,0.463384
121.834,0.464723
121.914,0.464878
121.954,0.469564
122.034,0.475332
122.114,0.470903
122.154,0.473684
122.238,0.468122
122.314,0.465547
122.357,0.464929
122.434,0.460707
122.514,0.453857
122.554,0.447265
122.634,0.437944
122.714,0.429807
122.754,0.426614
122.834,0.415285
122.914,0.405346
122.954,0.397672
123.034,0.393243
123.114,0.37594
123.154,0.369915
123.234,0.347564
123.314,0.324647
123.354,0.313627
123.434,0.306314
123.514,0.306983
123.554,0.307704
123.634,0.308992
123.714,0.303018
123.754,0.305593
123.834,0.293233
123.979,0.281234
123.996,0.277732
124.034,0.274076
124.114,0.273458
124.154,0.274179
124.234,0.290092
124.314,0.31373
124.357,0.330209
124.434,0.359512
124.514,0.379287
124.554,0.382068
124.634,0.391389
124.714,0.39417
124.754,0.39108
124.834,0.387373
124.914,0.388712
124.954,0.385313
125.034,0.384798
125.114,0.381399
125.154,0.380163
125.235,0.381759
125.314,0.373931
125.357,0.38212
125.434,0.388042
125.515,0.394943
125.598,0.400505
125.655,0.405964
125.714,0.417139
125.754,0.420023
125.854,0.426203
125.914,0.425224
125.954,0.430837
126.034,0.440159
126.114,0.448707
126.154,0.447059
126.234,0.440107
126.314,0.441755
126.357,0.447059
126.434,0.454063
126.514,0.464517
126.554,0.463539
126.634,0.476002
126.714,0.4914
126.754,0.491451
126.834,0.487434
126.914,0.482181
126.954,0.482387
127.034,0.489597
127.114,0.488207
127.154,0.475023
127.238,0.451952
127.314,0.427593
127.357,0.415851
127.434,0.403646
127.514,0.380987
127.554,0.37491
127.634,0.349006
127.714,0.336595
127.754,0.327531
127.834,0.309301
127.914,0.293697
127.954,0.286332
128.034,0.276908
128.114,0.274745
128.154,0.278453
128.234,0.274127
128.314,0.258935
128.357,0.255948
128.434,0.242661
128.514,0.230044
128.554,0.226388
128.634,0.210372
128.714,0.200999
128.754,0.199866
128.834,0.195386
128.918,0.189772
128.954,0.182408
129.034,0.183284
129.114,0.182666
129.154,0.181893
129.234,0.181172
129.314,0.175404
129.357,0.172726
129.434,0.171387
129.514,0.170512
129.554,0.167422
129.635,0.162015
129.714,0.154856
129.754,0.154084
129.834,0.143115
129.914,0.135699
129.954,0.135441
130.034,0.123803
130.114,0.106499
130.154,0.102688
130.234,0.0936245
130.314,0.0855392
130.357,0.0844577
130.434,0.0774024
130.514,0.0699866
130.598,0.0591204
130.635,0.056494
130.714,0.0441858
130.754,0.0451128
130.834,0.0270368
130.914,0.0209599
130.954,0.0119477
131.034,0.00849727
131.114,0.00499537
131.154,0.0036564
131.234,0.00226594
131.314,0.00236894
131.357,0.00242043
131.434,0.00231744
131.514,0.00231744
131.554,0.00200845
131.634,0.00180245
131.714,0
131.754,0.00036049
131.834,0.00128747
131.914,0.00308992
131.954,0.00602534
132.034,0.0102997
132.114,0.0122052
132.154,0.0139561
132.278,0.019724
132.314,0.019518
132.357,0.0206509
132.434,0.01993
132.514,0.020239
132.554,0.0207539
132.634,0.0217839
132.714,0.0212174
132.754,0.0211659
132.834,0.0222989
132.914,0.0215264
132.955,0.0226594
133.034,0.0246163
133.114,0.0254403
133.154,0.0259553
133.234,0.0450613
133.314,0.0669997
133.357,0.0780719
133.434,0.104903
133.514,0.132145
133.554,0.147235
133.634,0.174426
133.714,0.204501
133.754,0.22026
133.835,0.245391
133.958,0.28798
133.975,0.297301
134.035,0.314553
134.134,0.341642
134.154,0.343959
134.234,0.367443
134.314,0.396591
134.357,0.40792
134.434,0.431713
134.514,0.442013
134.554,0.445978
134.634,0.458441
134.714,0.464826
134.754,0.471727
134.834,0.477392
134.914,0.47904
134.954,0.48213
135.034,0.491091
135.114,0.497837
135.154,0.498198
135.234,0.490524
135.314,0.462561
135.359,0.451334
135.434,0.417808
135.514,0.387012
135.558,0.380008
135.634,0.339736
135.714,0.309507
135.754,0.300237
135.834,0.278865
135.914,0.266454
135.954,0.254455
136.034,0.235915
136.114,0.206046
136.154,0.198064
136.234,0.171799
136.314,0.140385
136.357,0.129673
136.434,0.106345
136.514,0.0836337
136.554,0.0664332
136.634,0.055361
136.714,0.0566485
136.754,0.0491812
136.834,0.0475332
136.914,0.0493357
136.954,0.0466577
137.034,0.0529921
137.114,0.0547945
137.154,0.055155
137.238,0.0537645
137.314,0.0581419
137.357,0.0456793
137.434,0.0389844
137.514,0.036255
137.554,0.0395509
137.634,0.0388815
137.714,0.0426923
137.754,0.038212
137.834,0.0390359
137.914,0.0306932
137.955,0.0224019
138.034,0.0159646
138.114,0.0108662
138.154,0.00612833
138.234,0.00406839
138.314,0.00401689
138.354,0.00391389
138.434,0.00422289
138.514,0.00422289
138.554,0.00406839
138.634,0.00551035
138.714,0.00762179
138.754,0.00823978
138.834,0.00911525
138.959,0.0121537
138.976,0.0129776
139.034,0.0160161
139.114,0.0185395
139.154,0.018797
139.234,0.0214749
139.314,0.0217324
139.357,0.0222474
139.434,0.0221444
139.514,0.0212174
139.554,0.0224019
139.634,0.0217324
139.714,0.0232259
139.754,0.0230714
139.834,0.0263158
139.914,0.0322381
139.954,0.0358945
140.034,0.0427953
140.114,0.0486662
140.154,0.0496447
140.234,0.056906
140.314,0.0648367
140.357,0.0693171
140.434,0.0770934
140.514,0.0852302
140.598,0.092852
140.634,0.100062
140.714,0.10825
140.754,0.109847
140.834,0.111649
140.934,0.11752
140.954,0.119271
141.034,0.122103
141.114,0.126893
141.154,0.131579
141.234,0.14466
141.314,0.163148
141.354,0.170718
141.434,0.189206
141.514,0.206921
141.554,0.212792
141.634,0.224585
141.714,0.235658
141.754,0.24261
141.834,0.256412
141.914,0.26975
141.954,0.276754
142.034,0.291997
142.114,0.306829
142.154,0.315377
142.277,0.331909
142.314,0.343341
142.357,0.346895
142.434,0.350654
142.514,0.357503
142.554,0.361881
142.634,0.368576
142.714,0.377691
142.754,0.381759
142.834,0.387218
142.914,0.392059
142.954,0.394582
143.034,0.397209
143.114,0.396848
143.154,0.399629
143.234,0.397054
143.314,0.398908
143.357,0.402977
143.434,0.42095
143.514,0.438511
143.554,0.447111
143.634,0.455608
143.715,0.460295
143.754,0.462303
143.834,0.468019
143.917,0.474251
143.954,0.476929
144.034,0.479401
144.114,0.482284
144.154,0.478834
144.234,0.473942
144.314,0.470594
144.357,0.463796
144.434,0.464517
144.514,0.459419
144.554,0.454269
144.634,0.443506
144.714,0.423834
144.754,0.416521
144.835,0.395303
144.914,0.371614
144.954,0.364507
145.034,0.343856
145.114,0.319755
145.154,0.310897
145.234,0.293027
145.314,0.271295
145.357,0.261973
145.434,0.236276
145.514,0.218045
145.598,0.207024
145.634,0.190493
145.714,0.169224
145.754,0.15944
145.834,0.141209
145.914,0.116747
145.954,0.107838
146.034,0.0896076
146.114,0.0693171
146.154,0.0640643
146.234,0.0564425
146.314,0.0505201
146.357,0.0486662
146.434,0.0397054
146.514,0.0332166
146.554,0.0282212
146.634,0.0226594
146.714,0.0249253
146.754,0.0274488
146.834,0.0254918
146.914,0.0254918
146.954,0.0260583
147.034,0.0218869
147.114,0.0196725
147.154,0.020136
147.278,0.0329076
147.314,0.0341436
147.357,0.0344526
147.434,0.0356885
147.514,0.035431
147.554,0.0356885
147.634,0.0363065
147.714,0.0376455
147.754,0.0377485
147.834,0.0375425
147.914,0.0376455
147.954,0.037697
148.035,0.0355855
148.114,0.036255
148.154,0.0355855
148.234,0.0354825
148.314,0.036461
148.357,0.0372335
148.434,0.0366155
148.514,0.0361005
148.554,0.0359975
148.634,0.0343496
148.714,0.0345041
148.754,0.0347101
148.834,0.0356885
148.959,0.0333196
148.976,0.0347616
149.034,0.0344011
149.114,0.0325986
149.154,0.0333711
149.234,0.0330106
149.314,0.0318261
149.357,0.0348131
149.434,0.0363065
149.514,0.0359975
149.554,0.0367185
149.634,0.0369245
149.714,0.037285
149.754,0.0392419
149.834,0.0393964
149.914,0.0401174
149.954,0.0426923
150.034,0.0420744
150.114,0.0424349
150.154,0.0432588
150.234,0.0430013
150.314,0.0417654
150.357,0.0428468
150.434,0.0427953
150.514,0.0414564
150.599,0.0408899
150.634,0.0418169
150.714,0.0404264
150.754,0.0416109
150.834,0.0454218
150.914,0.0538675
150.954,0.0604079
151.034,0.0702441
151.114,0.0805438
151.154,0.0796169
151.234,0.0838397
151.314,0.0855907
151.357,0.0848182
151.434,0.0844062
151.514,0.0836852
151.554,0.0860027
151.634,0.0833248
151.714,0.0846637
151.754,0.0858482
151.834,0.0862602
151.914,0.0868267
151.954,0.0891441
152.034,0.0894016
152.114,0.0890926
152.154,0.0905346
152.278,0.108611
152.314,0.107941
152.357,0.107375
152.434,0.10892
152.514,0.108147
152.554,0.107787
152.634,0.108559
152.714,0.108868
152.754,0.109435
152.834,0.107066
152.914,0.108508
152.954,0.110104
153.034,0.111649
153.114,0.11376
153.154,0.115511
153.234,0.116747
153.314,0.116541
153.357,0.116078
153.434,0.118344
153.514,0.117777
153.554,0.117468
153.634,0.116335
153.714,0.111546
153.754,0.1048
153.834,0.0962509
153.958,0.0746215
153.975,0.074673
154.034,0.0759604
154.114,0.0754455
154.154,0.0766299
154.234,0.0775054
154.314,0.075909
154.357,0.0710681
154.434,0.0677207
154.514,0.0669482
154.554,0.0675662
154.634,0.0682357
154.715,0.0669997
154.754,0.0652487
154.834,0.0629828
154.914,0.054331
154.954,0.0516531
155.034,0.0520136
155.114,0.0524256
155.154,0.054949
155.234,0.0568545
155.314,0.0534556
155.357,0.0519106
155.434,0.0544855
155.514,0.0583479
155.598,0.0598414
155.634,0.0654547
155.714,0.0622618
155.754,0.0633948
155.834,0.0646823
155.914,0.0615408
155.954,0.0606139
156.034,0.0580904
156.114,0.0527346
156.154,0.0516016
156.234,0.0484602
156.315,0.0451128
156.358,0.0414049
156.434,0.0414564
156.514,0.0431043
156.554,0.0443918
156.634,0.0443403
156.714,0.0433103
156.754,0.0401174
156.834,0.037697
156.914,0.0332681
156.954,0.0317231
157.034,0.0286332
157.114,0.0278607
157.154,0.0282727
157.278,0.0355855
157.335,0.038624
157.357,0.038624
157.434,0.037697
157.514,0.0385725
157.554,0.0413019
157.634,0.0425894
157.714,0.0422289
157.754,0.0415594
157.834,0.0422804
157.914,0.0410959
157.954,0.0407869
158.034,0.0400144
158.114,0.0411989
158.154,0.0396539
158.234,0.0420744
158.314,0.0435678
158.357,0.0432588
158.434,0.0462458
158.514,0.0423319
158.554,0.0418169
158.634,0.0402719
158.714,0.0538675
158.754,0.0677207
158.834,0.0982593
158.959,0.135544
158.976,0.145123
159.034,0.169482
159.114,0.170872
159.154,0.166392
159.234,0.167834
159.314,0.156195
159.357,0.155577
159.454,0.154702
159.534,0.14672
159.554,0.14708
159.634,0.143012
159.714,0.144711
159.754,0.141261
159.834,0.142497
159.914,0.14296
159.954,0.142703
160.034,0.141827
160.114,0.146256
160.154,0.144454
160.234,0.142342
160.314,0.147956
160.357,0.15053
160.434,0.153208
160.514,0.162839
160.579,0.167267
160.634,0.167937
160.714,0.16186
160.754,0.159491
160.834,0.1512
160.914,0.145999
160.954,0.13951
161.034,0.12885
161.114,0.117108
161.154,0.108765
161.234,0.090895
161.314,0.0743125
161.357,0.0660727
161.434,0.0476362
161.514,0.0316716
161.554,0.0243073
161.634,0.0195695
161.714,0.020136
161.754,0.019724
161.834,0.0222474
161.914,0.0238954
161.954,0.0271913
162.034,0.0547945
162.114,0.0800288
162.154,0.0906375
162.279,0.117571
162.314,0.123442
162.357,0.125348
162.434,0.130085
162.514,0.132918
162.554,0.137501
162.634,0.139664
162.714,0.141776
162.754,0.14054
162.834,0.141673
162.914,0.142703
162.954,0.143012
163.034,0.146153
163.114,0.14775
163.154,0.148213
163.234,0.147956
163.314,0.149964
163.357,0.151097
163.434,0.152333
163.514,0.149809
163.554,0.151869
163.634,0.152487
163.714,0.15326
163.754,0.15362
163.834,0.150788
163.959,0.146359
163.994,0.141621
164.034,0.132557
164.114,0.116335
164.154,0.109898
164.234,0.102791
164.314,0.0896591
164.357,0.0848182
164.434,0.0772994
164.514,0.0668967
164.554,0.0634978
164.635,0.0480482
164.714,0.0479452
164.754,0.0424864
164.834,0.037388
164.914,0.036152
164.954,0.0339891
165.034,0.0344526
165.114,0.035328
165.154,0.036152
165.234,0.0405294
165.314,0.0415079
165.357,0.0442373
165.434,0.0458853
165.514,0.0461943
165.599,0.054022
165.634,0.0536616
165.714,0.0525286
165.754,0.053713
165.834,0.0526316
165.914,0.0538675
165.954,0.0540735
166.034,0.053919
166.114,0.057112
166.154,0.056185
166.234,0.054949
166.314,0.056185
166.358,0.055979
166.434,0.055052
166.514,0.056391
166.554,0.0557215
166.634,0.0552065
166.714,0.0551035
166.754,0.0570605
166.834,0.0576269
166.914,0.0581934
166.954,0.0618498
167.034,0.0727675
167.114,0.0918735
167.154,0.103152
167.279,0.122773
167.314,0.144402
167.357,0.156247
167.434,0.163045
167.534,0.164693
167.554,0.16495
167.634,0.16495
167.714,0.163045
167.754,0.164023
167.834,0.16253
167.914,0.163045
167.954,0.160933
168.034,0.155732
168.114,0.151663
168.154,0.148676
168.234,0.144557
168.314,0.146565
168.358,0.148264
168.434,0.149655
168.514,0.151715
168.554,0.153672
168.634,0.15532
168.714,0.155165
168.754,0.157122
168.834,0.156453
168.94,0.152848
168.957,0.155011
169.034,0.155011
169.114,0.156762
169.154,0.156247
169.234,0.159543
169.314,0.162427
169.357,0.17113
169.434,0.172984
169.514,0.184056
169.554,0.184005
169.655,0.193892
169.714,0.195489
169.754,0.192965
169.834,0.185704
169.914,0.178597
169.954,0.176949
170.034,0.168606
170.114,0.158667
170.154,0.154496
170.234,0.140025
170.314,0.125142
170.357,0.120867
170.434,0.106448
170.514,0.0903286
170.599,0.093985
170.634,0.0793079
170.714,0.0625193
170.754,0.053919
170.834,0.0411989
170.914,0.036358
170.954,0.0335771
171.034,0.0290967
171.114,0.0271913
171.154,0.0260068
171.234,0.0269338
171.314,0.0330106
171.357,0.036152
171.434,0.0423834
171.514,0.0434133
171.554,0.0443918
171.634,0.0462458
171.714,0.0465032
171.754,0.0470697
171.834,0.0483057
171.914,0.0474817
171.954,0.0480997
172.034,0.0488207
172.114,0.0488722
172.154,0.0494387
172.279,0.0496447
172.334,0.0491297
172.357,0.0499537
172.434,0.0509321
172.514,0.0505716
172.554,0.0509321
172.634,0.0507261
172.714,0.0507776
172.754,0.0504686
172.834,0.0500051
172.914,0.0495932
172.954,0.0494387
173.034,0.0490782
173.114,0.0492842
173.154,0.0487177
173.234,0.0483572
173.314,0.0483572
173.357,0.0485117
173.434,0.0488207
173.514,0.0491812
173.554,0.0492327
173.634,0.0491812
173.714,0.0493357
173.754,0.0494902
173.834,0.0495417
173.96,0.0629828
173.977,0.0641673
174.034,0.0638068
174.114,0.0639613
174.154,0.0637553
174.234,0.0636008
174.314,0.0632918
174.357,0.0636523
174.434,0.0630858
174.514,0.0627253
174.554,0.0624678
174.634,0.0608714
174.714,0.0611289
174.754,0.0659182
174.834,0.0819343
174.914,0.0994438
174.954,0.107169
175.034,0.11855
175.114,0.124266
175.154,0.125451
175.234,0.128541
175.314,0.132403
175.357,0.133536
175.434,0.135544
175.514,0.138274
175.599,0.140025
175.634,0.153929
175.714,0.174014
175.754,0.183387
175.834,0.201823
175.914,0.218972
175.954,0.230302
176.034,0.247966
176.114,0.271295
176.154,0.282676
176.234,0.296169
176.314,0.315892
176.357,0.326141
176.434,0.322227
176.514,0.328458
176.554,0.326604
176.634,0.31857
176.714,0.315738
176.754,0.316459
176.834,0.319909
176.914,0.324287
176.954,0.321557
177.034,0.323102
177.114,0.329179
177.154,0.331548
177.278,0.324081
177.314,0.322227
177.357,0.321351
177.434,0.309867
177.514,0.303481
177.554,0.297095
177.634,0.288289
177.714,0.283603
177.754,0.280101
177.834,0.272943
177.914,0.263621
177.955,0.259089
178.034,0.260171
178.114,0.262849
178.154,0.258678
178.234,0.261355
178.314,0.263827
178.357,0.264136
178.434,0.261046
178.514,0.261458
178.554,0.262025
178.634,0.256412
178.714,0.256618
178.754,0.253837
178.834,0.250901
178.919,0.279071
178.954,0.272943
179.034,0.268823
179.114,0.256669
179.154,0.244773
179.234,0.225873
179.314,0.209651
179.357,0.203934
179.434,0.188845
179.514,0.165208
179.554,0.157843
179.634,0.138119
179.714,0.119168
179.754,0.108662
179.834,0.09244
179.914,0.0771449
179.954,0.0695746
180.034,0.0603049
180.114,0.0538675
180.154,0.0540735
180.234,0.0588114
180.314,0.0674632
180.357,0.0717376
180.434,0.0769904
180.514,0.0831703
180.599,0.0824493
180.634,0.0831188
180.714,0.0772479
180.754,0.0800288
180.834,0.074261
180.914,0.074261
180.954,0.0719951
181.034,0.0695746
181.114,0.0671027
181.154,0.0684932
181.234,0.0690596
181.314,0.0702956
181.357,0.0695231
181.434,0.0688021
181.514,0.0687506
181.554,0.0691626
181.634,0.0739005
181.714,0.0858482
181.754,0.0903801
181.834,0.103615
181.914,0.11649
181.954,0.122567
182.034,0.12921
182.114,0.135287
182.154,0.13781
182.279,0.156144
182.314,0.15944
182.36,0.161139
182.434,0.16356
182.514,0.164178
182.554,0.166444
182.634,0.167319
182.714,0.168761
182.754,0.170924
182.834,0.173499
182.914,0.177361
182.955,0.18179
183.034,0.183953
183.114,0.186734
183.154,0.187403
183.234,0.188279
183.314,0.19106
183.354,0.188433
183.434,0.190287
183.514,0.190287
183.554,0.193017
183.634,0.19348
183.714,0.19209
183.754,0.192656
183.834,0.194974
183.959,0.209239
183.976,0.213307
184.034,0.213719
184.114,0.215522
184.154,0.214852
184.234,0.212947
184.314,0.21341
184.357,0.212329
184.434,0.213822
184.514,0.210938
184.554,0.212329
184.635,0.211814
184.714,0.216088
184.754,0.216552
184.834,0.218766
184.914,0.214131
184.954,0.213204
185.034,0.211917
185.114,0.211814
185.154,0.211865
185.234,0.214337
185.314,0.214131
185.358,0.214852
185.434,0.215573
185.514,0.214852
185.599,0.22819
185.634,0.226388
185.714,0.227315
185.754,0.22716
185.834,0.224431
185.914,0.225306
185.954,0.225667
186.034,0.226336
186.114,0.225976
186.154,0.222217
186.234,0.224688
186.315,0.224482
186.357,0.223607
186.434,0.222834
186.514,0.221393
186.554,0.22026
186.634,0.221856
186.714,0.21856
186.754,0.219796
186.834,0.22026
186.914,0.221547
186.954,0.222783
187.034,0.222886
187.114,0.222525
187.154,0.223246
187.279,0.223504
187.314,0.223864
187.357,0.22371
187.434,0.22062
187.514,0.222165
187.574,0.222217
187.634,0.222731
187.714,0.222886
187.754,0.223452
187.834,0.224276
187.914,0.225306
187.954,0.225512
188.034,0.226233
188.114,0.227675
188.154,0.226645
188.234,0.227675
188.314,0.227984
188.357,0.22613
188.434,0.227315
188.514,0.227212
188.554,0.228551
188.634,0.230405
188.714,0.232053
188.754,0.232619
188.834,0.235194
188.959,0.237666
188.976,0.237409
189.034,0.235452
189.114,0.234628
189.154,0.234834
189.234,0.236842
189.314,0.236482
189.357,0.237563
189.434,0.235194
189.514,0.237151
189.554,0.236482
189.634,0.237821
189.714,0.237563
189.754,0.236379
189.834,0.237666
189.914,0.236894
189.954,0.238181
190.034,0.239057
190.114,0.238542
190.154,0.238799
190.234,0.237409
190.314,0.236585
190.357,0.238387
190.434,0.239314
190.514,0.23952
190.599,0.24606
190.634,0.247657
190.714,0.248687
190.754,0.249202
190.834,0.24879
190.914,0.250592
190.954,0.251468
191.034,0.251725
191.114,0.251262
191.154,0.253837
191.234,0.254094
191.314,0.254249
191.358,0.254403
191.434,0.252498
191.514,0.251725
191.554,0.250129
191.634,0.251416
191.714,0.255691
191.754,0.257493
191.834,0.257133
191.914,0.256978
191.954,0.257339
192.034,0.256309
192.114,0.255742
192.154,0.258008
192.258,0.255485
192.314,0.258678
192.358,0.254712
192.434,0.255845
192.514,0.259244
192.554,0.259295
192.634,0.260119
192.714,0.259501
192.754,0.257854
192.834,0.255279
192.914,0.252652
192.955,0.251159
193.034,0.24982
193.114,0.249305
193.155,0.250953
193.234,0.247245
193.314,0.248635
193.357,0.245906
193.434,0.244876
193.514,0.242404
193.554,0.242455
193.634,0.24503
193.714,0.245545
193.754,0.248481
193.834,0.248172
193.939,0.24606
193.956,0.247348
194.034,0.248069
194.115,0.24709
194.154,0.247554
194.234,0.246575
194.314,0.244824
194.357,0.245133
194.434,0.244103
194.514,0.244258
194.554,0.243125
194.635,0.244979
194.714,0.247245
194.754,0.247554
194.834,0.245957
194.914,0.24503
194.954,0.24606
195.034,0.245597
195.114,0.24673
195.154,0.249047
195.234,0.254764
195.314,0.25739
195.357,0.260016
195.434,0.262952
195.514,0.260531
195.598,0.257545
195.654,0.257081
195.714,0.256978
195.774,0.256978
195.834,0.254558
195.914,0.256875
195.954,0.259604
196.034,0.260428
196.114,0.263982
196.154,0.26599
196.234,0.271346
196.314,0.279689
196.357,0.282212
196.434,0.288444
196.515,0.291791
196.554,0.293182
196.634,0.298692
196.714,0.300443
196.754,0.303121
196.834,0.302348
196.914,0.303739
196.954,0.304151
197.055,0.303224
197.114,0.294469
197.154,0.289628
197.278,0.259656
197.314,0.265012
197.357,0.266763
197.434,0.265321
197.514,0.267741
197.554,0.268565
197.634,0.27181
197.714,0.271192
197.754,0.271501
197.834,0.273355
197.914,0.276651
197.954,0.277217
198.034,0.278659
198.114,0.280358
198.154,0.280873
198.234,0.283912
198.314,0.286693
198.358,0.287362
198.434,0.291276
198.514,0.294778
198.554,0.296477
198.634,0.299979
198.714,0.304048
198.754,0.304254
198.834,0.306262
198.938,0.2921
198.955,0.29483
199.034,0.306417
199.114,0.322072
199.154,0.327377
199.234,0.33814
199.314,0.348697
199.358,0.354104
199.434,0.365074
199.514,0.373519
199.554,0.376403
199.634,0.382377
199.714,0.385107
199.754,0.3866
199.834,0.387836
199.914,0.389329
199.954,0.391544
200.034,0.391698
200.114,0.39417
200.154,0.395921
200.234,0.397621
200.314,0.403955
200.357,0.408126
200.434,0.417345
200.514,0.427902
200.558,0.42991
200.634,0.439489
200.714,0.445308
200.754,0.44881
200.834,0.449325
200.914,0.450664
200.954,0.450098
201.034,0.453136
201.114,0.452209
201.154,0.454578
201.234,0.455196
201.314,0.455093
201.357,0.456072
201.434,0.456484
201.514,0.455145
201.554,0.453342
201.634,0.455969
201.714,0.452776
201.754,0.452415
201.834,0.449531
201.914,0.451952
201.954,0.449995
202.034,0.449119
202.114,0.444742
202.154,0.444793
202.258,0.434854
202.314,0.438614
202.357,0.437738
202.434,0.440519
202.514,0.443918
202.554,0.442373
202.634,0.446905
202.714,0.447832
202.754,0.444124
202.834,0.440313
202.914,0.439901
202.954,0.440519
203.034,0.435884
203.114,0.436966
203.154,0.435884
203.234,0.435833
203.314,0.434803
203.357,0.434236
203.434,0.433309
203.514,0.431249
203.554,0.43609
203.634,0.44639
203.714,0.45808
203.754,0.462355
203.834,0.469976
203.939,0.464002
203.956,0.470131
204.034,0.476568
204.114,0.479761
204.154,0.485477
204.234,0.488722
204.314,0.489082
204.358,0.490576
204.434,0.492069
204.514,0.491709
204.554,0.492481
204.634,0.49346
204.714,0.493511
204.754,0.492945
204.834,0.491606
204.914,0.491606
204.954,0.490215
205.034,0.492687
205.114,0.492275
205.154,0.489494
205.234,0.489494
205.314,0.486868
205.358,0.485529
205.434,0.487589
205.514,0.486868
205.598,0.483778
205.634,0.48625
205.714,0.483057
205.754,0.482954
205.834,0.483623
205.914,0.479607
205.954,0.47868
206.034,0.474714
206.114,0.47559
206.154,0.475281
206.234,0.47492
206.314,0.474302
206.357,0.473633
206.434,0.472654
206.514,0.474148
206.554,0.473427
206.634,0.475281
206.714,0.475229
206.754,0.475332
206.834,0.475384
206.914,0.47559
206.954,0.475487
207.034,0.47971
207.114,0.479967
207.154,0.48074
207.277,0.478525
207.314,0.4811
207.357,0.481564
207.434,0.480431
207.514,0.479092
207.554,0.481461
207.634,0.481872
207.714,0.482748
207.754,0.481924
207.834,0.481667
207.914,0.483829
207.954,0.48352
208.034,0.48455
208.114,0.484241
208.154,0.483263
208.234,0.48213
208.314,0.481975
208.357,0.482284
208.434,0.480482
208.514,0.481152
208.554,0.479143
208.634,0.480328
208.714,0.480225
208.754,0.481512
208.834,0.48249
208.958,0.480122
208.975,0.479658
209.034,0.480225
209.114,0.484035
209.154,0.485529
209.234,0.487074
209.314,0.487537
209.357,0.486662
209.434,0.487434
209.514,0.486198
209.554,0.48661
209.634,0.488104
209.714,0.487537
209.754,0.487177
209.834,0.486765
209.914,0.486868
209.954,0.48625
210.034,0.486301
210.114,0.487898
210.154,0.486919
210.234,0.487898
210.314,0.488052
210.357,0.488001
210.434,0.487434
210.514,0.487022
210.598,0.48867
210.654,0.489494
210.714,0.488979
210.754,0.488876
210.834,0.489031
210.914,0.489546
210.954,0.489443
211.034,0.489958
211.114,0.488979
211.154,0.489597
211.234,0.489597
211.314,0.489752
211.357,0.489855
211.434,0.492018
211.514,0.492739
211.554,0.493975
211.634,0.494902
211.714,0.497477
211.754,0.498867
211.834,0.504377
211.914,0.505407
211.954,0.507261
212.034,0.508497
212.114,0.511484
212.154,0.513853
212.278,0.514368
212.314,0.519878
212.357,0.521166
212.434,0.525955
212.514,0.527809
212.554,0.530487
212.634,0.536512
212.714,0.541147
212.754,0.543825
212.834,0.544752
212.914,0.546555
212.954,0.545885
213.034,0.547018
213.114,0.548718
213.154,0.550005
213.234,0.551808
213.314,0.553559
213.357,0.554795
213.424,0.557266
213.505,0.558605
213.544,0.559017
213.625,0.559687
213.705,0.561438
213.744,0.562828
213.824,0.563755
213.969,0.564064
214.005,0.563755
214.024,0.563704
214.104,0.562725
214.144,0.564425
214.225,0.564425
214.304,0.56494
214.345,0.565352
214.424,0.566588
214.505,0.568133
214.544,0.569935
214.625,0.572253
214.704,0.573025
214.744,0.574107
214.824,0.575291
214.904,0.577557
214.945,0.579205
215.024,0.581213
215.104,0.585127
215.144,0.586363
215.225,0.587702
215.304,0.590535
215.345,0.590947
215.424,0.592337
215.505,0.593212
215.609,0.596251
215.664,0.597023
215.704,0.596766
215.744,0.596302
215.824,0.596457
215.904,0.596354
215.945,0.597178
216.024,0.596714
216.104,0.596766
216.144,0.596611
216.225,0.596457
216.304,0.597332
216.345,0.597023
216.424,0.596663
216.505,0.597023
216.544,0.598208
216.625,0.598568
216.705,0.598105
216.744,0.598105
216.825,0.59795
216.904,0.597435
216.945,0.598156
217.024,0.597847
217.104,0.599959
217.144,0.60068
217.289,0.596663
217.306,0.594551
217.345,0.595839
217.424,0.597796
217.505,0.598259
217.544,0.596508
217.625,0.596045
217.704,0.596199
217.744,0.597023
217.824,0.597538
217.904,0.598311
217.945,0.598311
218.024,0.599444
218.104,0.599444
218.144,0.60001
218.225,0.599341
218.304,0.599186
218.345,0.597641
218.424,0.596869
218.505,0.596251
218.544,0.595736
218.625,0.594757
218.704,0.593882
218.744,0.594088
218.824,0.594139
218.969,0.579256
218.986,0.579771
219.024,0.579205
219.104,0.577866
219.144,0.57802
219.225,0.577145
219.304,0.577814
219.345,0.579205
219.424,0.581059
219.504,0.580544
219.544,0.579565
219.625,0.579359
219.704,0.580183
219.744,0.580904
219.824,0.579668
219.904,0.579668
219.945,0.579617
220.024,0.579462
220.104,0.579359
220.144,0.579617
220.225,0.580338
220.304,0.579565
220.345,0.579514
220.424,0.580029
220.505,0.578999
220.589,0.578896
220.625,0.578381
220.704,0.578329
220.744,0.578793
220.824,0.57802
220.904,0.578329
220.944,0.577917
221.024,0.57802
221.104,0.577969
221.144,0.577763
221.224,0.577608
221.305,0.577248
221.345,0.577145
221.424,0.577763
221.505,0.577351
221.544,0.578432
221.625,0.577917
221.704,0.57766
221.744,0.577969
221.824,0.57869
221.904,0.578638
221.945,0.579256
222.024,0.579256
222.104,0.579308
222.144,0.57905
222.29,0.578226
222.307,0.578793
222.345,0.578535
222.444,0.578278
222.505,0.578381
222.544,0.579359
222.625,0.579359
222.704,0.580389
222.744,0.580286
222.824,0.580286
222.904,0.580698
222.945,0.579462
223.024,0.579256
223.104,0.578226
223.144,0.577763
223.225,0.578226
223.304,0.578484
223.344,0.577917
223.424,0.578123
223.504,0.578123
223.544,0.578535
223.625,0.578381
223.704,0.578175
223.744,0.578741
223.824,0.578226
223.97,0.575548
223.987,0.575548
224.024,0.575239
224.104,0.575342
224.144,0.574724
224.225,0.574467
224.304,0.574621
224.345,0.574107
224.424,0.574004
224.505,0.573283
224.544,0.573798
224.625,0.573798
224.704,0.573901
224.744,0.574158
224.824,0.574467
224.904,0.574776
224.944,0.574416
225.024,0.574519
225.104,0.574364
225.144,0.574364
225.224,0.574313
225.304,0.574313
225.345,0.574416
225.424,0.574724
225.505,0.574724
225.589,0.574982
225.645,0.574827
225.704,0.57493
225.744,0.574364
225.824,0.574158
225.904,0.573798
225.945,0.574055
226.024,0.574313
226.104,0.574621
226.144,0.575651
226.224,0.575909
226.305,0.575445
226.344,0.575909
226.425,0.57596
226.505,0.575806
226.544,0.575806
226.624,0.575857
226.704,0.5756
226.744,0.575548
226.824,0.575548
226.904,0.575651
226.945,0.575703
227.024,0.575497
227.104,0.576012
227.144,0.576166
227.29,0.576578
227.325,0.576424
227.364,0.575857
227.434,0.57663
227.514,0.57663
227.554,0.576681
227.634,0.576939
227.714,0.576578
227.754,0.576681
227.834,0.576681
227.914,0.577042
227.955,0.576733
228.034,0.576784
228.114,0.576939
228.154,0.576475
228.234,0.57596
228.314,0.576166
228.354,0.575806
228.434,0.576733
228.514,0.577299
228.554,0.577505
228.634,0.576321
228.714,0.574416
228.754,0.573695
228.834,0.572356
228.959,0.562159
228.976,0.561747
229.034,0.561747
229.114,0.562004
229.154,0.562468
229.254,0.562777
229.314,0.561953
229.354,0.562159
229.434,0.562004
229.514,0.56185
229.554,0.561541
229.634,0.561232
229.714,0.561283
229.754,0.562107
229.834,0.561798
229.914,0.561695
229.954,0.561386
230.034,0.561129
230.114,0.560974
230.154,0.561386
230.234,0.561129
230.314,0.560614
230.357,0.560717
230.434,0.560511
230.514,0.56015
230.599,0.552426
230.634,0.55325
230.714,0.55361
230.754,0.554177
230.834,0.555207
230.914,0.55531
230.954,0.55567
231.034,0.555722
231.114,0.555876
231.154,0.55567
231.234,0.55567
231.314,0.556082
231.357,0.556288
231.434,0.55634
231.514,0.556442
231.554,0.556237
231.634,0.556237
231.714,0.555979
231.754,0.556185
231.834,0.556185
231.914,0.555979
231.954,0.556134
232.034,0.556494
232.114,0.556494
232.154,0.556391
232.279,0.556597
232.314,0.555567
232.354,0.556288
232.434,0.556442
232.514,0.555876
232.554,0.556185
232.634,0.556134
232.714,0.556288
232.754,0.5567
232.834,0.557009
232.914,0.556803
232.955,0.556134
233.034,0.55634
233.114,0.556288
233.154,0.556134
233.234,0.557833
233.314,0.557884
233.356,0.557936
233.434,0.558142
233.514,0.558605
233.554,0.558193
233.634,0.558502
233.714,0.558502
233.754,0.558399
233.834,0.558142
233.959,0.5567
233.976,0.556391
234.034,0.557472
234.114,0.557318
234.154,0.557575
234.234,0.557524
234.314,0.557421
234.357,0.55773
234.434,0.558142
234.514,0.558502
234.554,0.558502
234.634,0.558657
234.714,0.558193
234.754,0.558657
234.834,0.558966
234.914,0.559635
234.954,0.559841
235.034,0.559635
235.114,0.559635
235.154,0.559687
235.234,0.559481
235.314,0.559893
235.354,0.55979
235.434,0.559841
235.514,0.560459
235.599,0.558193
235.634,0.557472
235.714,0.557369
235.754,0.556906
235.834,0.557369
235.914,0.55809
235.954,0.558193
236.034,0.558193
236.114,0.557884
236.154,0.55773
236.234,0.558296
236.315,0.558657
236.357,0.558554
236.434,0.558966
236.514,0.559223
236.554,0.559223
236.634,0.559378
236.714,0.559687
236.754,0.559687
236.834,0.559584
236.914,0.559996
236.954,0.559996
237.034,0.56015
237.114,0.560253
237.154,0.560202
237.28,0.557884
237.314,0.557369
237.356,0.557987
237.434,0.557936
237.514,0.557678
237.554,0.557987
237.634,0.558502
237.714,0.559584
237.754,0.559584
238.96,0.556031
237.86,0.556237
239.034,0.556442
237.98,0.556751
238.02,0.556648
238.1,0.556648
238.18,0.556957
238.222,0.557112
238.3,0.557215
238.38,0.558039
238.42,0.558502
238.5,0.558451
238.58,0.558657
238.62,0.558657
238.7,0.558811
238.78,0.558554
238.82,0.558245
238.9,0.558193
238.98,0.558039
239.02,0.558193
239.1,0.558554
239.18,0.558451
239.222,0.558554
239.3,0.55809
239.38,0.558193
239.465,0.556494
239.5,0.557318
239.58,0.55773
239.62,0.557421
239.7,0.558245
239.78,0.557678
239.82,0.558451
239.9,0.558811
239.98,0.559069
240.02,0.55912
240.1,0.558966
240.18,0.558708
240.22,0.559172
240.291,0.559275
240.37,0.559429
240.41,0.559172
240.49,0.559223
240.57,0.559738
240.61,0.559841
240.69,0.560356
240.77,0.560305
240.81,0.560099
240.89,0.560923
240.97,0.561489
241.01,0.562468
241.136,0.562777
241.171,0.562983
241.21,0.563807
241.29,0.56221
241.37,0.562056
241.41,0.561901
241.49,0.562004
241.57,0.561695
241.61,0.561232
241.69,0.561283
241.77,0.561077
241.811,0.561798
241.89,0.562416
241.97,0.562519
242.01,0.562262
242.091,0.562107
242.17,0.56185
242.21,0.56221
242.29,0.562468
242.37,0.562262
242.41,0.562674
242.49,0.562571
242.57,0.562519
242.61,0.562725
242.69,0.563086
242.817,0.560717
242.85,0.561798
242.89,0.561798
242.97,0.561386
243.01,0.561953
243.09,0.562313
243.17,0.561695
243.21,0.562004
243.29,0.562313
243.37,0.562365
243.41,0.562983
243.491,0.56288
243.57,0.563137
243.61,0.56391
243.69,0.564425
243.771,0.564167
243.811,0.563498
243.89,0.563961
243.97,0.563755
244.01,0.564167
244.09,0.564528
244.17,0.564425
244.211,0.565094
244.29,0.565661
244.37,0.5653
244.456,0.564785
244.49,0.563704
244.57,0.563601
244.61,0.56324
244.69,0.563601
244.77,0.563189
244.81,0.563137
244.89,0.563086
244.97,0.562725
245.01,0.562828
245.09,0.56324
245.171,0.563755
245.211,0.563652
245.29,0.564373
245.37,0.564888
245.41,0.565197
245.49,0.565249
245.57,0.565197
245.61,0.565249
245.69,0.565506
245.77,0.565403
245.81,0.565403
245.89,0.565609
245.97,0.565661
246.01,0.565764
246.137,0.563086
246.17,0.563755
246.21,0.563704
246.29,0.564734
246.37,0.56494
246.41,0.565043
246.49,0.564785
246.59,0.564785
246.61,0.563807
246.69,0.563858
246.77,0.564837
246.811,0.564322
246.89,0.564373
246.97,0.565043
247.01,0.565867
247.09,0.56597
247.17,0.56597
247.21,0.566227
247.29,0.565558
247.37,0.565352
247.41,0.566639
247.49,0.566124
247.57,0.566588
247.61,0.567721
247.69,0.567103
247.797,0.564167
247.814,0.565403
247.89,0.565661
247.97,0.565352
248.01,0.564116
248.09,0.564373
248.17,0.565197
248.211,0.565146
248.29,0.565918
248.37,0.565661
248.41,0.565197
248.49,0.565403
248.57,0.564167
248.61,0.564425
248.69,0.564219
248.77,0.564785
248.81,0.563395
248.89,0.563446
248.97,0.564476
249.01,0.563755
249.09,0.563961
249.17,0.565043
249.21,0.564425
249.29,0.564785
249.37,0.564425
249.457,0.566382
249.49,0.566073
249.57,0.566382
249.61,0.567103
249.69,0.567978
249.77,0.566897
249.81,0.567824
249.89,0.568905
249.97,0.567978
250.01,0.568442
250.09,0.56906
250.171,0.568236
250.21,0.568442
250.29,0.568236
250.37,0.567875
250.41,0.567927
250.49,0.568184
250.57,0.568751
250.61,0.569884
250.69,0.569832
250.77,0.571326
250.81,0.570811
250.89,0.570965
250.97,0.570656
251.01,0.57148
251.136,0.566794
251.17,0.567772
251.21,0.567566
251.29,0.567927
251.37,0.567
251.41,0.567206
251.49,0.567721
251.57,0.567206
251.61,0.567618
251.69,0.569111
251.77,0.57045
251.811,0.57215
251.89,0.572613
251.97,0.573798
252.01,0.575703
252.09,0.577763
252.171,0.578638
252.21,0.57972
252.29,0.58178
252.37,0.583994
252.41,0.584664
252.49,0.586621
252.57,0.589556
252.61,0.589814
252.69,0.59208
252.816,0.593779
252.833,0.594963
252.89,0.596766
252.97,0.599289
253.01,0.600216
253.09,0.600886
253.17,0.60274
253.21,0.602997
253.29,0.603667
253.37,0.605418
253.41,0.607169
253.491,0.608611
253.571,0.610156
253.61,0.611237
253.69,0.609847
253.77,0.608662
253.81,0.607375
253.89,0.606963
253.97,0.607581
254.01,0.605263
254.091,0.607735
254.17,0.603203
254.211,0.602637
254.29,0.602173
254.37,0.59965
254.455,0.578896
254.51,0.579823
254.57,0.580853
254.61,0.581007
254.69,0.58178
254.77,0.58281
254.81,0.582604
254.89,0.582707
254.97,0.583016
255.01,0.582449
255.09,0.582861
255.17,0.582861
255.211,0.582449
255.29,0.582758
255.37,0.582964
255.41,0.583119
255.49,0.582913
255.57,0.583325
255.61,0.583737
255.69,0.583943
255.77,0.583376
255.811,0.583376
255.89,0.582758
255.97,0.582913
256.011,0.58281
256.135,0.582398
256.17,0.582552
256.21,0.582449
256.29,0.581831
256.37,0.580853
256.41,0.58075
256.49,0.580029
256.57,0.579926
256.61,0.579926
256.69,0.57905
256.77,0.579977
256.811,0.581471
256.89,0.581831
256.971,0.581831
257.01,0.581007
257.09,0.581419
257.171,0.582449
257.211,0.582552
257.291,0.58281
257.371,0.582707
257.41,0.582913
257.491,0.582552
257.571,0.582295
257.61,0.582655
257.691,0.582501
257.816,0.579617
257.833,0.579102
257.89,0.579565
257.97,0.579205
258.01,0.57972
258.09,0.578896
258.17,0.578741
258.21,0.579565
258.29,0.578741
258.37,0.578741
258.41,0.578123
258.491,0.577557
258.57,0.577248
258.61,0.577969
258.69,0.578947
258.77,0.578844
258.81,0.579617
258.89,0.578638
258.971,0.578381
259.01,0.577454
259.09,0.575651
259.17,0.57493
259.21,0.575033
259.29,0.575342
259.37,0.575806
259.436,0.577608
259.49,0.577454
259.57,0.577402
259.61,0.577608
259.69,0.578123
259.77,0.576784
259.81,0.57802
259.89,0.578896
259.97,0.57869
260.01,0.57905
260.09,0.578638
260.17,0.578381
260.211,0.578381
260.29,0.579102
260.37,0.579823
260.41,0.578999
260.49,0.579771
260.57,0.579205
260.61,0.578896
260.691,0.579359
260.77,0.579205
260.811,0.579411
260.891,0.579205
260.97,0.578741
261.01,0.578896
261.136,0.57663
261.171,0.575548
261.21,0.575188
261.29,0.575497
261.37,0.575857
261.41,0.575239
261.49,0.575033
261.57,0.575085
261.61,0.575033
261.69,0.574621
261.77,0.574313
261.811,0.574467
261.891,0.574261
261.97,0.573952
262.01,0.57421
262.09,0.575188
262.17,0.574107
262.21,0.573849
262.29,0.574055
262.37,0.575188
262.41,0.574982
262.491,0.574673
262.57,0.575085
262.611,0.574467
262.69,0.574107
262.797,0.572665
262.814,0.571429
262.89,0.570914
262.97,0.570605
263.01,0.570553
263.09,0.571532
263.17,0.571532
263.21,0.571995
263.29,0.572716
263.37,0.571995
263.41,0.571686
263.491,0.571583
263.57,0.571532
263.61,0.571789
263.691,0.572047
263.77,0.572047
263.81,0.572201
263.89,0.572098
263.97,0.572819
264.01,0.572716
264.09,0.573901
264.17,0.57354
264.21,0.573077
264.29,0.57354
264.37,0.573798
264.455,0.572922
264.49,0.573077
264.57,0.57354
264.61,0.574364
264.69,0.573901
264.77,0.574004
264.81,0.572974
264.89,0.572613
264.97,0.572819
265.01,0.572768
265.09,0.57354
265.171,0.573798
265.211,0.573952
265.29,0.574055
265.37,0.574982
265.41,0.574416
265.491,0.574982
265.57,0.574724
265.61,0.574673
265.691,0.574827
265.77,0.574724
265.81,0.573643
265.891,0.573798
265.97,0.573901
266.01,0.574004
266.136,0.570399
266.17,0.57045
266.21,0.570347
266.29,0.570965
266.37,0.570553
266.41,0.570399
266.49,0.570347
266.57,0.570038
266.61,0.569781
266.69,0.570244
266.77,0.570502
266.811,0.57112
266.891,0.571223
266.971,0.57112
267.01,0.570914
267.09,0.570759
267.17,0.570656
267.21,0.570759
267.29,0.571068
267.37,0.570965
267.41,0.570914
267.49,0.571274
267.57,0.571738
267.61,0.571738
267.69,0.571532
267.816,0.570553
267.833,0.571326
267.89,0.571017
267.97,0.570914
268.01,0.570553
268.091,0.57215
268.17,0.571583
268.211,0.571017
268.29,0.571789
268.37,0.571995
268.41,0.571841
268.491,0.57112
268.571,0.571892
268.61,0.572562
268.69,0.571995
268.771,0.571944
268.81,0.571429
268.89,0.571429
268.97,0.571738
269.01,0.572098
269.09,0.572098
269.17,0.570502
269.21,0.570553
269.29,0.571429
269.37,0.571635
269.456,0.566742
269.49,0.566845
269.57,0.56736
269.61,0.566897
269.69,0.567206
269.77,0.567978
269.81,0.568339
269.891,0.569008
269.97,0.569523
270.01,0.568802
270.09,0.569214
270.171,0.569111
270.211,0.569472
270.291,0.569832
270.371,0.569729
270.41,0.569472
270.491,0.569317
270.57,0.569214
270.61,0.56906
270.691,0.56906
270.77,0.569163
270.811,0.569266
270.891,0.569523
270.97,0.569729
271.01,0.569987
277.816,0.568802
277.833,0.56839
271.157,0.568596
271.237,0.568545
271.277,0.568339
271.358,0.568802
271.437,0.569214
271.477,0.569575
271.557,0.569729
271.637,0.569832
271.677,0.569575
271.778,0.569472
271.837,0.569369
271.877,0.569317
271.957,0.569626
272.037,0.569575
272.077,0.569678
272.157,0.569369
272.237,0.569214
272.278,0.568957
272.357,0.567927
272.438,0.568648
272.477,0.568854
272.558,0.569575
272.638,0.569472
272.722,0.566279
272.778,0.565712
272.837,0.567412
272.877,0.568081
272.977,0.568287
273.037,0.568236
273.077,0.56906
273.157,0.568905
273.237,0.568751
273.277,0.56942
273.357,0.569008
273.438,0.568493
273.477,0.569111
273.557,0.569317
273.637,0.56839
273.677,0.568133
273.758,0.569832
273.838,0.57009
273.877,0.569935
273.958,0.570244
274.038,0.57045
274.077,0.57045
274.158,0.570553
274.238,0.569729
274.277,0.569832
274.383,0.571017
274.437,0.571377
274.477,0.570244
274.557,0.570656
274.637,0.57009
274.677,0.568957
274.757,0.568802
274.837,0.568287
274.878,0.568442
274.957,0.568596
275.038,0.568493
275.078,0.569266
275.157,0.569626
275.237,0.569781
275.278,0.569832
275.357,0.569832
275.438,0.570038
275.477,0.570141
275.558,0.570244
275.638,0.570605
275.677,0.571017
275.758,0.571738
275.838,0.573231
275.877,0.572253
275.958,0.572819
276.082,0.568133
276.099,0.571017
276.158,0.572304
276.237,0.572974
276.277,0.572665
276.357,0.572974
276.437,0.574879
276.477,0.57457
276.557,0.576578
276.637,0.576836
276.677,0.576166
276.758,0.578741
276.837,0.579411
276.877,0.578329
276.958,0.577299
277.037,0.577866
277.077,0.578381
277.158,0.579565
277.237,0.57869
277.277,0.578947
277.358,0.57972
277.437,0.578381
277.477,0.57905
277.558,0.579771
277.637,0.579771
277.722,0.579102
277.757,0.580183
277.837,0.581934
277.877,0.583582
277.957,0.586775
278.037,0.586054
278.077,0.588269
278.157,0.589299
278.237,0.589917
278.277,0.589453
278.357,0.588784
278.438,0.587857
278.478,0.588526
278.558,0.5928
278.637,0.590638
278.677,0.593006
278.757,0.589041
278.837,0.59347
278.877,0.590277
278.957,0.587033
279.038,0.585848
279.078,0.584921
279.157,0.583531
279.237,0.577969
279.278,0.579874
279.362,0.576681
279.437,0.569214
279.477,0.570914
279.557,0.564322
279.637,0.561592
279.677,0.563549
279.758,0.564373
279.837,0.564785
279.877,0.562674
279.957,0.564734
280.037,0.571686
280.078,0.56736
280.158,0.567515
280.238,0.566897
280.277,0.56803
280.358,0.56597
280.438,0.561386
280.478,0.561747
280.557,0.55567
280.637,0.551087
280.677,0.550263
280.757,0.5464
280.838,0.546297
280.877,0.538418
280.957,0.536873
281.083,0.530642
281.1,0.525904
281.157,0.520548
281.237,0.513235
281.277,0.51648
281.357,0.512772
281.437,0.509218
281.478,0.506386
281.557,0.509682
281.637,0.503965
281.678,0.506231
281.758,0.507004
281.838,0.500772
281.877,0.497116
281.958,0.499331
282.038,0.499331
282.078,0.500206
282.158,0.49758
282.238,0.500978
282.277,0.498249
282.358,0.508394
282.438,0.514523
282.478,0.518745
282.568,0.528942
282.647,0.535019
282.711,0.540993
282.767,0.545113
282.847,0.546709
282.887,0.55052
282.987,0.562828
283.047,0.565661
283.087,0.57354
283.167,0.57869
283.247,0.586157
283.287,0.586724
283.367,0.597487
283.448,0.601452
283.487,0.606036
283.567,0.600731
283.647,0.610362
283.687,0.617417
283.767,0.621691
283.847,0.620558
283.887,0.624524
283.967,0.623545
284.047,0.627047
284.087,0.624318
284.167,0.619528
284.247,0.619992
284.287,0.621846
284.391,0.62576
284.447,0.630085
284.491,0.626635
284.567,0.625914
284.647,0.623648
284.687,0.620816
284.767,0.621897
284.847,0.615151
284.887,0.611752
284.967,0.602173
285.047,0.587239
285.088,0.581471
285.168,0.561644
285.248,0.553404
285.288,0.539705
285.367,0.525492
285.448,0.516325
285.491,0.511227
285.568,0.50448
285.647,0.502369
285.687,0.506643
285.767,0.502266
285.848,0.500257
285.887,0.505562
285.968,0.510042
286.072,0.514317
286.089,0.514935
286.167,0.512875
286.247,0.510351
286.287,0.513287
286.367,0.513235
286.447,0.51133
286.491,0.507107
286.567,0.507982
286.647,0.503399
286.687,0.503193
286.768,0.49758
286.849,0.495365
286.887,0.502214
286.967,0.501236
287.047,0.509991
287.088,0.509321
287.167,0.520754
287.249,0.528633
287.287,0.530848
287.37,0.546091
287.449,0.545679
287.491,0.543722
287.569,0.542229
287.647,0.545061
287.734,0.542435
287.768,0.530848
287.847,0.540684
287.887,0.537851
287.968,0.543516
288.047,0.54192
288.089,0.535843
288.167,0.530384
288.247,0.529663
288.288,0.528582
288.367,0.524101
288.449,0.513802
288.491,0.514265
288.568,0.506592
288.649,0.508343
288.688,0.500412
288.768,0.500206
288.849,0.494747
288.889,0.493254
288.967,0.488361
289.049,0.493202
289.089,0.493511
289.169,0.502729
289.249,0.516428
289.288,0.51993
289.391,0.528376
289.449,0.535689
289.488,0.54089
289.568,0.547173
289.649,0.545319
289.688,0.547636
289.768,0.547997
289.849,0.550572
289.889,0.552632
289.968,0.547327
290.049,0.543825
290.088,0.541868
290.169,0.542126
290.249,0.534401
290.288,0.538933
290.368,0.544289
290.449,0.543825
290.491,0.546864
290.568,0.547585
290.649,0.551241
290.688,0.553662
290.768,0.553713
290.849,0.557987
290.889,0.557163
290.968,0.556082
291.092,0.552426
291.109,0.549954
291.169,0.550881
291.249,0.550469
291.288,0.550726
291.368,0.548203
291.449,0.549078
291.491,0.544958
291.568,0.537336
291.649,0.529354
291.689,0.533783
291.768,0.521526
291.849,0.512617
291.889,0.506128
291.968,0.496704
292.049,0.489855
292.088,0.479967
292.169,0.47868
292.249,0.467607
292.289,0.460861
292.368,0.44742
292.449,0.44124
292.491,0.43882
292.568,0.436554
292.649,0.435163
292.732,0.423473
292.787,0.421671
292.849,0.410701
292.888,0.410289
292.968,0.398496
293.048,0.389278
293.088,0.392934
293.169,0.383768
293.249,0.378824
293.288,0.386858
293.368,0.389432
293.449,0.387115
293.491,0.39072
293.568,0.391286
293.649,0.396951
293.688,0.407097
293.77,0.412298
293.849,0.429344
293.889,0.432073
293.968,0.447935
294.049,0.45396
294.088,0.468431
294.169,0.477238
294.25,0.480019
294.288,0.474663
294.372,0.47765
294.449,0.486044
294.492,0.483108
294.568,0.486971
294.649,0.493511
294.688,0.499073
294.768,0.504738
294.849,0.521784
294.889,0.525234
294.968,0.530178
295.049,0.532084
295.088,0.538315
295.169,0.543362
295.249,0.554485
295.288,0.547894
295.368,0.558708
295.449,0.566485
295.491,0.574467
295.568,0.581677
295.649,0.588269
295.688,0.589093
295.769,0.591977
295.849,0.595581
295.889,0.60001
295.969,0.614584
296.092,0.625348
296.109,0.625245
296.169,0.636626
296.249,0.645175
296.288,0.649449
296.368,0.655423
296.449,0.654341
296.491,0.649397
296.568,0.657019
296.649,0.659646
296.689,0.667937
296.769,0.677464
296.849,0.677928
296.889,0.686837
296.969,0.678391
297.049,0.679061
297.088,0.6701
297.169,0.663354
297.249,0.6495
297.288,0.646359
297.368,0.631064
297.449,0.617726
297.491,0.620713
297.568,0.607066
297.649,0.605984
297.711,0.607581
297.768,0.599392
297.849,0.59759
297.889,0.593779
297.968,0.601349
298.049,0.600474
298.088,0.605006
298.169,0.617056
298.249,0.630961
298.288,0.644248
298.369,0.644917
298.449,0.641312
298.491,0.642857
298.568,0.644299
298.649,0.629107
298.689,0.635132
298.768,0.620558
298.849,0.60722
298.889,0.603667
298.968,0.598156
299.049,0.592955
299.089,0.596148
299.169,0.590174
299.249,0.589144
299.288,0.597435
299.412,0.616335
299.449,0.616953
299.491,0.618498
299.568,0.610156
299.649,0.60207
299.688,0.600989
299.768,0.598671
299.849,0.601092
299.889,0.598826
299.969,0.588732
300.049,0.577866
300.089,0.574261
300.17,0.557678
300.249,0.537336
300.288,0.531208
300.368,0.511433
300.449,0.496498
300.491,0.494026
300.568,0.471006
300.649,0.454424
300.689,0.450201
300.768,0.433206
300.849,0.433412
300.889,0.440622
300.969,0.448295
301.071,0.448913
301.088,0.454784
301.17,0.474405
301.249,0.491194
301.288,0.498249
301.368,0.512154
301.449,0.53059
301.492,0.535586
301.568,0.552477
301.649,0.556803
301.688,0.557472
301.768,0.559481
301.849,0.557678
301.889,0.561901
301.968,0.558451
302.049,0.554125
302.088,0.554125
302.169,0.551808
302.249,0.552323
302.288,0.550108
302.368,0.548975
302.428,0.543671
302.491,0.540581
302.568,0.536873
302.649,0.533783
302.692,0.531054
302.768,0.532959
302.849,0.525234
302.889,0.527294
302.968,0.52853
303.049,0.531878
303.088,0.529097
303.169,0.530951
303.228,0.529869
303.288,0.533011
303.368,0.539293
303.449,0.554177
303.491,0.558296
303.568,0.577145
303.629,0.58178
303.688,0.588423
303.768,0.597641
303.828,0.607066
303.889,0.616953
303.948,0.625296
304.028,0.63951
304.088,0.652024
304.148,0.665671
304.228,0.683438
304.288,0.686322
304.372,0.706561
304.428,0.721444
304.468,0.733907
304.548,0.740189
304.628,0.747657
304.668,0.75188
304.748,0.747863
304.828,0.744721
304.868,0.746833
304.948,0.741889
305.028,0.739983
305.068,0.735658
305.148,0.741168
305.228,0.745082
305.268,0.754815
305.348,0.760377
305.428,0.767793
305.468,0.770265
305.548,0.769441
305.628,0.762849
305.668,0.765115
305.748,0.760017
305.828,0.749356
305.868,0.744258
305.948,0.728911
306.092,0.713513
306.109,0.707745
306.148,0.693841
306.228,0.69209
306.267,0.693635
306.348,0.688742
306.428,0.682408
306.468,0.676589
306.548,0.666753
306.628,0.652848
306.668,0.648883
306.748,0.639046
306.828,0.63642
306.868,0.630858
306.948,0.616541
307.028,0.600628
307.068,0.594088
307.148,0.582192
307.228,0.566124
307.267,0.55634
307.348,0.541662
307.428,0.522299
307.468,0.526161
307.548,0.510094
307.628,0.508394
307.692,0.494747
307.748,0.486456
307.828,0.481564
307.867,0.473787
307.948,0.476311
308.028,0.473066
308.068,0.468174
308.148,0.464878
308.228,0.472448
308.268,0.47662
308.348,0.491657
308.428,0.508085
308.468,0.504326
308.548,0.514471
308.628,0.516943
308.668,0.51478
308.748,0.515759
308.848,0.508497
308.868,0.501442
308.948,0.487692
309.028,0.493769
309.068,0.494902
309.148,0.50721
309.228,0.518333
309.268,0.52508
309.412,0.536924
309.429,0.537645
309.468,0.530899
309.548,0.533062
309.628,0.527809
309.667,0.529509
309.748,0.5275
309.828,0.521063
309.867,0.523432
309.947,0.518797
310.028,0.504532
310.068,0.496189
310.148,0.481872
310.228,0.466783
310.267,0.458956
310.348,0.44675
310.427,0.428571
310.468,0.422083
310.557,0.415594
310.637,0.411834
310.677,0.408744
310.757,0.405964
310.837,0.408487
310.877,0.407508
310.957,0.397981
311.061,0.378927
311.078,0.381399
311.157,0.366773
311.237,0.357864
311.277,0.350654
311.357,0.334895
311.437,0.327016
311.477,0.310897
311.557,0.300597
311.637,0.28556
311.738,0.284736
311.818,0.27871
311.898,0.273303
311.938,0.276496
312.018,0.277681
312.098,0.282212
312.138,0.286384
312.218,0.296066
312.298,0.307807
312.337,0.312906
312.418,0.318004
312.498,0.325368
312.538,0.324029
312.617,0.327016
312.698,0.3196
312.78,0.311927
312.817,0.305181
312.897,0.294263
312.937,0.300185
313.017,0.30137
313.097,0.304048
313.137,0.302863
313.217,0.305387
313.297,0.30549
313.337,0.306571
313.417,0.309352
313.498,0.314553
313.537,0.312442
313.617,0.315738
313.697,0.322175
313.737,0.327068
313.817,0.335359
313.898,0.341436
313.937,0.345916
314.017,0.351324
314.098,0.364713
314.138,0.376455
314.217,0.388042
314.298,0.394634
314.337,0.397157
314.421,0.399784
314.497,0.410701
314.537,0.413379
314.618,0.426511
314.697,0.427129
314.737,0.433721
314.817,0.438047
314.897,0.443403
314.937,0.44639
315.017,0.444227
315.097,0.439077
315.138,0.437944
315.217,0.424143
315.297,0.419611
315.337,0.418272
315.417,0.423988
315.497,0.418323
315.538,0.415388
315.617,0.413791
315.698,0.41271
315.737,0.411371
315.818,0.410856
315.897,0.408178
315.937,0.403337
316.017,0.409105
316.122,0.398754
316.139,0.39932
316.217,0.403904
316.297,0.396591
316.337,0.395818
316.418,0.395355
316.498,0.389432
316.538,0.391698
316.617,0.38521
316.698,0.370687
316.737,0.363889
316.818,0.356164
316.897,0.342981
316.937,0.336028
317.017,0.317952
317.118,0.307395
317.138,0.301627
317.218,0.286487
317.297,0.276496
317.337,0.273561
317.417,0.262128
317.498,0.254867
317.538,0.247811
317.617,0.245751
317.697,0.24158
317.781,0.242661
317.817,0.244824
317.897,0.235297
317.937,0.232774
318.017,0.217582
318.097,0.198064
318.137,0.194098
318.217,0.178803
318.297,0.17422
318.337,0.167834
318.417,0.157689
318.518,0.144145
318.538,0.139458
318.617,0.122824
318.698,0.106911
318.737,0.0994438
318.818,0.0777114
318.897,0.0563395
318.938,0.0476362
319.018,0.0318776
319.098,0.020136
319.138,0.017355
319.217,0.0135956
319.297,0.0115872
319.337,0.00993923
319.461,0.0115357
319.517,0.0135956
319.537,0.0132866
319.617,0.017767
319.697,0.0208569
319.737,0.0258523
319.817,0.0351736
319.897,0.0397569
319.937,0.0384695
320.017,0.0348646
320.097,0.036461
320.138,0.0364095
320.217,0.0334741
320.298,0.0334741
320.338,0.0335256
320.418,0.0333196
320.498,0.0344526
320.538,0.0342981
320.617,0.0352765
320.698,0.0364095
320.737,0.036564
320.817,0.0371305
320.897,0.0366155
320.937,0.037491
321.017,0.037285
321.142,0.0465032
321.159,0.0472757
321.217,0.0489752
321.297,0.0489237
321.338,0.0500051
321.417,0.0489752
321.497,0.0485632
321.537,0.0478937
321.617,0.0476877
321.697,0.0474817
321.737,0.0476362
321.818,0.0464002
321.898,0.0453188
321.937,0.0452673
326.135,0.0480482
322.041,0.0482542
326.207,0.0487692
322.162,0.0489752
322.201,0.0485117
322.281,0.0487692
322.361,0.0497477
322.402,0.0498507
322.481,0.0502626
322.562,0.0500566
322.601,0.0501596
322.682,0.0506231
322.762,0.0496447
322.802,0.0496447
322.882,0.0495417
322.962,0.0489237
323.002,0.0488722
323.082,0.0496447
323.162,0.0497477
323.202,0.0506231
323.281,0.0508291
323.362,0.0508806
323.401,0.0508806
323.481,0.0509836
323.562,0.0510866
323.648,0.054022
323.682,0.0531981
323.761,0.0526831
323.801,0.0528376
323.881,0.0534041
323.961,0.0531981
324.001,0.0525801
324.081,0.0526316
324.162,0.0533526
324.202,0.0523226
324.282,0.0528891
324.362,0.0534041
324.402,0.0531981
324.482,0.054228
324.562,0.0541765
324.602,0.0535586
324.682,0.0529921
324.762,0.0527346
324.801,0.0536101
324.881,0.053713
324.962,0.0539705
325.001,0.0536616
325.082,0.0533526
325.162,0.0535071
325.201,0.0537645
325.328,0.0510866
325.362,0.0513956
325.401,0.0511896
325.481,0.0511381
325.561,0.0516531
325.601,0.0511896
325.681,0.0510866
325.761,0.0509836
325.801,0.0510351
325.881,0.0515501
325.962,0.0515501
326.002,0.0504686
326.082,0.0503141
326.162,0.0505201
326.202,0.0504171
326.282,0.0508291
326.362,0.0511381
326.402,0.0512926
326.482,0.0511381
326.562,0.0510351
326.602,0.0509321
326.682,0.0511381
326.762,0.0510866
326.801,0.0511381
326.882,0.0510351
327.008,0.0494387
327.025,0.0491297
327.081,0.0485632
327.162,0.0487692
327.201,0.0494902
327.281,0.0492842
327.361,0.0488722
327.401,0.0553095
327.481,0.0784839
327.562,0.10207
327.601,0.110722
327.682,0.116284
327.762,0.120455
327.802,0.123597
327.882,0.127717
327.962,0.131785
328.002,0.131939
328.082,0.149037
328.162,0.176331
328.202,0.190957
328.282,0.2165
328.362,0.242146
328.402,0.25018
328.482,0.256824
328.562,0.26151
328.647,0.251622
328.682,0.253579
328.762,0.24776
328.802,0.246215
328.882,0.24261
328.962,0.235143
329.002,0.235246
329.082,0.233649
329.162,0.236327
329.201,0.236224
329.281,0.235606
329.362,0.241683
329.402,0.241477
329.481,0.242507
329.562,0.239881
329.601,0.237666
329.681,0.228602
329.761,0.221032
329.801,0.213719
329.881,0.202905
329.961,0.198991
330.001,0.199815
330.081,0.194253
330.162,0.18627
330.201,0.188227
330.308,0.185189
330.362,0.184571
330.402,0.188691
330.482,0.181018
330.562,0.17458
330.602,0.168915
330.682,0.15362
330.762,0.158925
330.802,0.16495
330.882,0.173808
330.961,0.176898
331.002,0.183181
331.082,0.182769
331.162,0.188176
331.202,0.191317
331.282,0.19312
331.362,0.191832
331.402,0.190802
331.482,0.184932
331.562,0.177979
331.601,0.176383
331.682,0.185549
331.762,0.200742
331.802,0.214904
331.882,0.229478
332.007,0.233186
332.024,0.2371
332.081,0.237048
332.161,0.236121
332.201,0.2354
332.281,0.227881
332.361,0.233443
332.401,0.231177
332.481,0.231538
332.561,0.233649
332.601,0.23504
332.682,0.24019
332.762,0.243073
332.801,0.240756
332.882,0.246009
332.962,0.248275
333.002,0.244412
333.082,0.236997
333.162,0.232207
333.202,0.227418
333.282,0.223092
333.362,0.221238
333.402,0.22062
333.482,0.21717
333.562,0.207333
333.647,0.200381
333.682,0.181224
333.761,0.159285
333.801,0.14605
333.882,0.123442
333.962,0.105933
334.001,0.0924915
334.081,0.075394
334.162,0.0608714
334.201,0.055979
334.281,0.0525286
334.362,0.0436193
334.402,0.0412504
334.482,0.0308477
334.562,0.0261098
334.602,0.0220929
334.682,0.0205994
334.762,0.019106
334.802,0.0196725
334.882,0.0197755
334.962,0.0212174
335.002,0.0232259
335.082,0.0311052
335.162,0.03574
335.202,0.037491
335.327,0.0438253
335.362,0.0453703
335.401,0.0463487
335.482,0.0465547
335.562,0.0471212
335.602,0.0469667
335.682,0.0470182
335.762,0.0473272
335.801,0.0485117
335.882,0.0473272
335.962,0.0479967
336.002,0.0489237
336.082,0.0510351
336.162,0.0490267
336.202,0.0517561
336.282,0.0562365
336.362,0.0633433
336.402,0.0662272
336.482,0.0718921
336.562,0.0739005
336.602,0.0768359
336.682,0.0826553
336.762,0.0848697
336.801,0.0852817
336.882,0.0880111
337.006,0.0845092
337.042,0.0847152
337.082,0.0903801
337.162,0.0930065
337.202,0.0886806
337.282,0.0847667
337.362,0.0914615
337.402,0.0952724
337.482,0.11098
337.562,0.127768
337.601,0.130961
337.682,0.138583
337.762,0.149912
337.801,0.152333
337.882,0.161191
337.962,0.169379
338.002,0.170048
338.081,0.179576
338.162,0.18936
338.201,0.189618
338.281,0.188742
338.361,0.184417
338.402,0.182769
338.482,0.180503
338.561,0.174683
338.605,0.165671
338.681,0.1615
338.761,0.161242
338.801,0.162324
338.882,0.158461
338.962,0.159646
339.002,0.161294
339.082,0.159337
339.162,0.161551
339.202,0.161088
339.282,0.151457
339.362,0.145587
339.402,0.140179
339.482,0.126223
339.562,0.125399
339.602,0.130446
339.682,0.13539
339.762,0.135853
339.801,0.137553
339.881,0.153002
339.961,0.161397
340.002,0.161603
340.082,0.164899
340.162,0.170512
340.202,0.176589
340.326,0.166495
340.362,0.156504
340.401,0.151869
340.482,0.135493
340.561,0.124318
340.601,0.110774
340.682,0.0962509
340.762,0.0785354
340.801,0.0694716
340.881,0.053713
340.961,0.0329591
341.002,0.0253888
341.082,0.0144196
341.162,0.0149346
341.202,0.0147801
341.282,0.0145741
341.362,0.0156041
341.401,0.0169945
341.482,0.017561
341.562,0.0178185
341.602,0.017561
341.682,0.018488
341.762,0.0278092
341.802,0.0314656
341.882,0.0411989
342.006,0.0619528
342.023,0.0624678
342.082,0.0624163
342.162,0.0641673
342.202,0.0667937
342.282,0.0679267
342.382,0.0702956
342.401,0.0697806
342.482,0.0690081
342.561,0.0700896
342.601,0.0700381
342.682,0.0697291
342.762,0.0695746
342.801,0.0686991
342.881,0.0682872
342.961,0.0697806
343.001,0.0690081
343.081,0.0682357
343.162,0.0679267
343.202,0.0680297
343.282,0.0678237
343.362,0.0677207
343.402,0.0679782
343.482,0.0664847
343.562,0.0668452
343.646,0.0673087
343.682,0.0672572
343.762,0.0662787
343.801,0.0665362
343.901,0.0674117
343.961,0.0675147
344.001,0.0667937
344.082,0.0662787
344.162,0.0662787
344.201,0.0650942
344.281,0.0651972
344.362,0.0655062
344.402,0.0657122
344.482,0.0658152
344.562,0.0659182
344.602,0.0652487
344.682,0.0656607
344.761,0.0651972
344.802,0.0657637
344.882,0.0655577
344.961,0.0653002
345.001,0.0654547
345.082,0.0663817
345.162,0.0671542
345.202,0.0679267
345.327,0.0745185
345.361,0.075394
345.402,0.0759604
345.481,0.0753425
345.562,0.074158
345.601,0.074158
345.682,0.0742095
345.762,0.074364
345.802,0.0747245
345.882,0.0741065
345.962,0.0736945
352.008,0.0684417
346.052,0.0680297
352.082,0.0674117
346.189,0.0673087
346.229,0.0665877
346.308,0.0661757
346.389,0.0665877
346.429,0.0663817
346.509,0.0661757
346.589,0.0660212
346.628,0.0638583
346.709,0.0634463
346.789,0.0628798
346.829,0.0625193
346.908,0.0628283
346.989,0.0631888
347.029,0.0632918
347.109,0.0623133
347.189,0.0623648
347.229,0.0622103
347.309,0.0620043
347.388,0.0620043
347.429,0.0620558
347.508,0.0631888
347.589,0.0632918
347.674,0.0673602
347.709,0.0676177
347.789,0.0675147
347.829,0.0671542
347.908,0.0656607
347.988,0.0653002
348.028,0.0645793
348.108,0.0650427
348.189,0.0652487
348.228,0.0657122
348.308,0.0660212
348.389,0.0634978
348.429,0.0637038
348.509,0.0636008
348.589,0.0634463
348.628,0.0633433
348.709,0.0638583
348.789,0.0640643
348.828,0.0637553
348.909,0.0640128
348.989,0.0639613
349.028,0.0641158
349.108,0.0641158
349.189,0.0640128
349.228,0.0640128
349.355,0.0640643
349.389,0.0658152
349.429,0.0658152
349.508,0.0665877
349.589,0.0663302
349.628,0.0665877
349.709,0.0671027
349.788,0.0673087
349.829,0.0669997
349.909,0.0663302
349.989,0.0673087
350.029,0.0677207
350.109,0.0813678
350.189,0.101401
350.229,0.11237
350.309,0.134308
350.389,0.153878
350.429,0.162324
350.509,0.171542
350.589,0.174683
350.629,0.179112
350.709,0.18282
350.789,0.183644
350.829,0.183541
350.909,0.176949
351.034,0.152745
351.051,0.154135
351.109,0.152796
351.189,0.151251
351.229,0.151509
351.309,0.150839
351.389,0.149809
351.429,0.149655
351.509,0.150427
351.589,0.152127
351.628,0.153363
351.709,0.153929
351.789,0.15671
351.829,0.154187
351.909,0.156813
351.989,0.157689
352.029,0.157792
352.109,0.158719
352.189,0.167782
352.229,0.176434
352.309,0.191163
352.389,0.204655
352.429,0.210372
352.509,0.224328
352.589,0.230508
352.672,0.233546
352.709,0.235194
352.789,0.237203
352.829,0.235194
352.909,0.237409
352.989,0.236533
353.029,0.237048
353.109,0.237821
353.189,0.23643
353.229,0.234525
353.309,0.235349
353.389,0.232516
353.429,0.233649
353.509,0.234576
353.589,0.236018
353.629,0.237409
353.709,0.239417
353.789,0.241374
353.828,0.240705
353.909,0.237769
353.989,0.236018
354.029,0.238851
354.109,0.240087
354.189,0.240859
354.228,0.240138
354.332,0.245648
354.389,0.245957
354.428,0.24364
354.509,0.242095
354.589,0.243537
354.628,0.243897
354.709,0.245133
354.789,0.250386
354.828,0.254712
354.909,0.267535
354.989,0.280667
355.029,0.290967
355.109,0.301164
355.189,0.310125
355.229,0.311979
355.309,0.313781
355.389,0.314399
355.429,0.313987
355.509,0.312803
355.589,0.311773
355.629,0.315789
355.709,0.313472
355.789,0.315326
355.829,0.31548
355.909,0.317592
355.993,0.320064
356.028,0.318879
356.109,0.317901
356.189,0.317901
356.228,0.318982
356.309,0.32336
356.389,0.3316
356.429,0.336183
356.509,0.348852
356.589,0.363889
356.629,0.369657
356.709,0.378463
356.789,0.38969
356.829,0.389484
356.909,0.393295
356.989,0.399681
357.029,0.398445
357.109,0.400402
357.189,0.409723
357.229,0.409826
357.309,0.408899
357.389,0.410032
357.429,0.411525
357.509,0.414512
357.589,0.413534
357.652,0.429447
357.709,0.429292
357.788,0.429601
357.829,0.42955
357.909,0.430889
357.989,0.431146
358.029,0.430528
358.109,0.433927
358.189,0.431919
358.229,0.435266
358.309,0.432279
358.389,0.43197
358.428,0.429653
358.509,0.430477
358.589,0.434545
358.629,0.437635
358.709,0.445411
358.789,0.461273
358.829,0.464363
358.909,0.479761
358.989,0.49037
359.029,0.496138
359.109,0.508652
359.189,0.518076
359.229,0.520908
359.332,0.5275
359.389,0.529921
359.429,0.531105
359.509,0.532135
359.589,0.530281
359.629,0.530848
359.709,0.530796
359.789,0.533938
359.828,0.534556
359.909,0.53713
359.988,0.538109
360.029,0.539448
360.109,0.542383
360.189,0.541971
360.228,0.541147
360.309,0.544031
360.389,0.543001
360.429,0.543413
360.509,0.548254
360.589,0.547018
360.629,0.549696
360.709,0.560253
360.789,0.571686
360.829,0.579102
360.909,0.594345
361.013,0.597744
361.03,0.599495
361.109,0.608971
361.189,0.612885
361.229,0.616696
361.309,0.619683
361.389,0.62164
361.429,0.623494
361.509,0.625296
361.589,0.628695
361.629,0.632042
361.709,0.635802
361.789,0.644351
361.829,0.64672
361.909,0.65532
361.989,0.669482
362.029,0.669842
362.109,0.67731
362.189,0.684159
362.229,0.684468
362.309,0.693738
362.389,0.697961
362.429,0.700793
362.509,0.7079
362.589,0.712586
362.672,0.720775
362.709,0.722474
362.789,0.713462
362.829,0.713719
362.909,0.709599
362.989,0.705582
363.029,0.706097
363.109,0.700278
363.189,0.700175
363.228,0.698167
363.309,0.692811
363.389,0.694819
363.429,0.694098
363.509,0.687764
363.589,0.68694
363.629,0.684623
363.709,0.681687
363.789,0.673087
363.829,0.669739
363.909,0.664435
363.989,0.660882
364.029,0.657483
364.109,0.649346
364.189,0.645484
364.229,0.643012
364.312,0.626481
364.389,0.621897
364.429,0.617159
364.504,0.615614
364.584,0.612885
364.623,0.61031
364.704,0.609126
364.784,0.611649
364.824,0.613709
364.904,0.616644
364.984,0.621073
365.024,0.623185
365.104,0.628077
365.184,0.633381
365.224,0.637604
365.304,0.640231
365.384,0.643733
365.424,0.649706
365.504,0.652384
365.584,0.655268
365.624,0.657895
365.704,0.663766
365.784,0.66907
365.824,0.672469
365.904,0.675971
366.027,0.672314
366.064,0.675353
366.104,0.6787
366.184,0.682408
366.224,0.682357
366.304,0.682717
366.384,0.683696
366.424,0.68143
366.524,0.682717
366.584,0.681275
366.624,0.680812
366.704,0.682563
366.784,0.683953
366.824,0.682563
366.904,0.683953
366.984,0.681893
367.024,0.681687
367.104,0.678803
367.184,0.674735
367.224,0.674838
367.304,0.674838
367.384,0.674529
367.424,0.673705
367.504,0.678803
367.584,0.690287
367.667,0.678752
367.704,0.689978
367.784,0.6993
367.824,0.701154
367.904,0.710063
367.984,0.718406
368.024,0.722062
368.104,0.727057
368.184,0.726594
368.224,0.726851
368.304,0.731692
368.384,0.734473
368.424,0.733495
368.504,0.730765
368.584,0.732671
368.624,0.732259
368.704,0.732825
368.784,0.731795
368.823,0.733392
368.904,0.735503
368.984,0.738387
369.024,0.736224
369.104,0.73746
369.184,0.735246
369.223,0.737769
369.327,0.718148
369.384,0.719848
369.423,0.717942
369.504,0.717633
369.584,0.719436
369.624,0.719693
369.704,0.724688
369.784,0.730714
369.824,0.732156
369.904,0.735967
369.984,0.742198
370.024,0.744876
370.104,0.751262
370.184,0.755227
370.224,0.758317
370.304,0.765218
370.384,0.770625
370.424,0.776187
370.504,0.786435
370.584,0.799361
370.624,0.804357
370.704,0.812751
370.784,0.822845
370.824,0.82887
370.904,0.839221
371.027,0.846586
371.044,0.850036
371.104,0.854568
371.184,0.861829
371.224,0.863374
371.304,0.865074
371.384,0.865383
371.424,0.866258
371.504,0.866825
371.584,0.866567
371.624,0.86461
371.704,0.86425
371.784,0.860593
371.824,0.860696
371.904,0.861366
371.984,0.859512
372.024,0.85807
372.104,0.853795
372.184,0.848491
372.224,0.84844
372.304,0.844989
372.384,0.842878
372.424,0.839118
372.504,0.838346
372.584,0.840097
372.627,0.824596
372.704,0.823617
372.784,0.820991
372.824,0.817283
372.904,0.817798
372.984,0.815841
373.024,0.815171
373.104,0.813318
373.184,0.811824
373.224,0.811
373.304,0.812854
373.384,0.816716
373.424,0.818725
373.504,0.824647
373.584,0.830158
373.624,0.832732
373.704,0.839118
373.784,0.844474
373.824,0.847049
373.904,0.8505
373.984,0.851993
374.024,0.851581
374.104,0.850911
374.184,0.851633
374.224,0.851581
374.347,0.843753
374.384,0.842826
374.424,0.842569
374.504,0.84329
374.584,0.842775
374.624,0.842311
374.704,0.841745
374.784,0.842157
374.824,0.842208
374.904,0.844062
374.984,0.844886
375.024,0.845607
375.104,0.845659
375.184,0.845504
375.224,0.846534
375.304,0.847513
375.384,0.847513
375.424,0.84674
375.504,0.848337
375.584,0.851581
375.624,0.850448
375.704,0.852766
375.784,0.854825
375.824,0.851169
375.904,0.852199
375.988,0.824493
376.024,0.823463
376.104,0.823875
376.184,0.823926
376.224,0.823875
376.304,0.824493
376.384,0.826347
376.424,0.824029
376.504,0.824338
376.584,0.826965
376.624,0.82578
376.704,0.82645
376.784,0.827789
376.824,0.828922
376.904,0.82887
376.984,0.830106
377.024,0.832269
377.104,0.83335
377.184,0.834329
377.224,0.835874
377.304,0.83747
377.384,0.837419
377.424,0.836698
377.504,0.837625
377.584,0.839376
377.668,0.823411
377.704,0.825317
377.784,0.828767
377.824,0.828767
377.904,0.832218
377.984,0.834329
378.024,0.833659
378.104,0.836955
378.184,0.837419
378.224,0.83814
378.304,0.838758
378.384,0.840663
378.424,0.841024
378.504,0.843496
378.584,0.848852
378.624,0.848646
378.704,0.851323
378.784,0.852714
378.824,0.854516
378.904,0.856885
378.984,0.858739
379.024,0.858945
379.104,0.858739
379.184,0.856937
379.224,0.85637
379.347,0.854104
379.384,0.854207
379.424,0.854104
379.504,0.855083
379.584,0.855237
379.624,0.854825
379.704,0.853795
379.784,0.852045
379.824,0.852971
379.904,0.852148
379.984,0.851117
380.024,0.850757
380.104,0.850603
380.184,0.84983
380.224,0.850242
380.304,0.848903
380.384,0.84571
380.424,0.842157
380.504,0.840148
380.584,0.839427
380.624,0.836852
380.704,0.836337
380.784,0.834947
380.824,0.833299
380.904,0.832578
381.008,0.801782
381.025,0.801833
381.104,0.802039
381.184,0.801782
381.223,0.80137
381.304,0.801421
381.384,0.801009
381.423,0.800391
381.497,0.801267
381.577,0.801215
381.616,0.802039
381.697,0.801627
381.777,0.801782
381.817,0.801421
381.897,0.802091
381.977,0.802039
382.017,0.801833
382.097,0.802091
