0.119987,0.118659
0.1,0.125854
0.119987,0.134512
0.2,0.151829
0.280013,0.16939
0.319987,0.178902
0.4,0.183537
0.480013,0.18878
0.519987,0.191951
0.6,0.201585
0.680013,0.201707
0.719987,0.201463
0.8,0.20561
0.880013,0.211585
0.919987,0.210854
1,0.210854
1.08001,0.213171
1.11999,0.214024
1.2,0.212439
1.30404,0.220732
1.32103,0.221463
1.4,0.221585
1.48001,0.224878
1.54004,0.221951
1.6,0.223171
1.68001,0.226829
1.71999,0.227683
1.8,0.231829
1.88001,0.229268
1.91999,0.229024
2,0.228293
2.08001,0.227439
2.11999,0.22878
2.2,0.228293
2.28001,0.23061
2.31999,0.228171
2.4,0.228902
2.48001,0.231341
2.51999,0.235244
2.6,0.232195
2.68001,0.234634
2.71999,0.232683
2.8,0.237317
2.88001,0.234878
2.964,0.23878
3,0.240366
3.08001,0.234634
3.11999,0.238171
3.2,0.239268
3.28001,0.239634
3.31999,0.240122
3.4,0.241951
3.48001,0.241951
3.51999,0.243293
3.6,0.244878
3.68001,0.244268
3.71999,0.242317
3.8,0.241829
3.88001,0.24378
3.91999,0.24378
4,0.242073
4.08001,0.235244
4.11999,0.236829
4.2,0.239512
4.28001,0.243171
4.31999,0.243171
4.4,0.243049
4.48001,0.239878
4.51999,0.239756
4.64401,0.239634
4.68001,0.238415
4.71999,0.237561
4.8,0.238049
4.88001,0.240488
4.91999,0.242073
5,0.240854
5.08001,0.244146
5.11999,0.243537
5.2,0.249756
5.28001,0.251098
5.31999,0.251707
5.4,0.254146
5.48001,0.262073
5.51999,0.26439
5.6,0.277439
5.68001,0.286829
5.71999,0.292195
5.8,0.302317
5.88001,0.30561
5.91999,0.306341
6,0.305
6.08001,0.308415
6.11999,0.308659
6.21999,0.31122
6.32298,0.31122
6.34004,0.309634
6.4,0.31122
6.48001,0.313659
6.51999,0.31
6.6,0.310854
6.68001,0.309878
6.71999,0.312439
6.8,0.311098
6.88001,0.311585
6.91999,0.309878
7,0.311585
7.08001,0.31878
7.11999,0.323415
7.2,0.333171
7.28001,0.348415
7.31999,0.349756
7.4,0.362195
7.48001,0.365854
7.51999,0.369634
7.6,0.372805
7.68001,0.373293
7.71999,0.372561
7.8,0.376098
7.88001,0.375366
7.92298,0.382805
8,0.387073
8.08001,0.382561
8.11999,0.383659
8.2,0.384512
8.28001,0.382927
8.31999,0.382805
8.4,0.382317
8.48001,0.387561
8.51999,0.389634
8.6,0.394024
8.68001,0.395854
8.71999,0.396098
8.8,0.393537
8.88001,0.398293
8.91999,0.400488
9,0.40378
9.08001,0.398171
9.11999,0.401707
9.2,0.40061
9.28001,0.408293
9.31999,0.413537
9.4,0.407439
9.48001,0.408171
9.51999,0.40878
9.64303,0.403902
9.68001,0.400122
9.71999,0.401098
9.8,0.40122
9.88001,0.402927
9.91999,0.400976
10,0.402805
10.08,0.40378
10.12,0.403537
10.2,0.405976
10.28,0.40622
10.32,0.404756
10.4,0.405
10.48,0.407927
10.52,0.401098
10.6,0.401098
10.68,0.40061
10.72,0.399146
10.8,0.397927
10.88,0.397073
10.92,0.401707
11,0.402561
11.08,0.400732
11.12,0.397561
11.2,0.398659
11.323,0.397317
11.34,0.398537
11.4,0.396707
11.48,0.396707
11.52,0.395732
11.6,0.397805
11.68,0.396463
11.72,0.395244
11.8,0.396585
11.88,0.396098
11.92,0.396098
12,0.392195
12.08,0.39
12.12,0.386829
12.2,0.390854
12.28,0.383659
12.32,0.381951
12.4,0.382195
12.48,0.376463
12.52,0.374024
12.6,0.372805
12.68,0.374268
12.72,0.374024
12.8,0.372439
12.88,0.372073
12.963,0.359268
13,0.358171
13.08,0.356585
13.12,0.35439
13.2,0.35622
13.28,0.357073
13.32,0.35622
13.4,0.356829
13.48,0.357073
13.52,0.357927
13.6,0.358659
13.68,0.356707
13.72,0.355854
13.8,0.356585
13.88,0.35622
13.92,0.356585
14,0.35622
14.08,0.35561
14.12,0.356341
14.2,0.354756
14.28,0.354512
14.32,0.35378
14.4,0.353049
14.48,0.354024
14.52,0.355122
14.643,0.351707
14.68,0.35622
14.72,0.356463
14.8,0.357683
14.88,0.357317
14.92,0.356463
15,0.35561
15.08,0.354268
15.12,0.35561
15.2,0.354634
15.28,0.356463
15.32,0.356829
15.4,0.355732
15.48,0.354878
15.52,0.355854
15.6,0.35439
15.68,0.356829
15.72,0.358537
15.8,0.359024
15.88,0.357073
15.92,0.357805
16,0.358293
16.08,0.364268
16.12,0.364268
16.2,0.365976
16.323,0.370854
16.34,0.372195
16.4,0.369634
16.48,0.367073
16.52,0.364878
16.6,0.364268
16.68,0.36439
16.72,0.363902
16.8,0.365976
16.88,0.364756
16.92,0.365122
17,0.366341
17.08,0.368171
17.12,0.366585
17.2,0.367683
17.28,0.367805
17.32,0.367683
17.4,0.37061
17.48,0.371098
17.52,0.372073
17.6,0.371829
17.68,0.372927
17.72,0.373293
17.8,0.37122
17.88,0.37378
17.964,0.371707
18.02,0.370854
18.08,0.370732
18.12,0.371341
18.2,0.371098
18.28,0.374146
18.32,0.375122
18.4,0.374024
18.48,0.372195
18.52,0.371707
18.6,0.374756
18.68,0.373537
18.72,0.374268
18.8,0.377561
18.88,0.378293
18.92,0.376463
19,0.375366
19.08,0.373537
19.12,0.374146
19.2,0.372073
19.28,0.367927
19.32,0.368415
19.4,0.367561
19.48,0.365854
19.52,0.36561
19.643,0.365244
19.68,0.36622
19.72,0.36378
19.8,0.363902
19.88,0.36439
19.92,0.362561
20,0.363415
20.08,0.364878
20.12,0.36439
20.2,0.366585
20.28,0.367195
20.32,0.36622
20.4,0.367317
20.48,0.368049
20.52,0.369146
20.6,0.368659
20.68,0.36939
20.721,0.369268
20.8,0.36878
20.88,0.370244
20.92,0.369146
21,0.369634
21.08,0.37
21.12,0.368902
21.2,0.37
21.323,0.372195
21.34,0.371951
21.4,0.372927
21.48,0.374878
21.52,0.375488
21.62,0.374268
21.68,0.374634
21.72,0.376829
21.8,0.377439
21.88,0.375976
21.92,0.375732
22,0.373902
22.08,0.373171
22.12,0.373537
22.2,0.374878
22.28,0.375244
22.32,0.375
22.4,0.375732
22.48,0.376098
22.52,0.375854
22.6,0.376098
22.68,0.375854
22.72,0.376585
22.8,0.376341
22.88,0.377805
22.963,0.372317
23,0.37061
23.08,0.368902
23.12,0.368902
23.2,0.36939
23.28,0.368415
23.32,0.368049
23.4,0.368415
23.48,0.37
23.52,0.37061
23.6,0.37061
23.68,0.37
23.72,0.369268
23.8,0.36878
23.88,0.368537
23.92,0.36878
24,0.368659
24.08,0.369512
24.12,0.369634
24.2,0.370244
24.28,0.371098
24.32,0.372073
24.4,0.371829
24.48,0.372561
24.52,0.373171
24.643,0.373415
24.68,0.374268
24.71,0.370854
24.79,0.369512
24.87,0.370244
24.91,0.370122
24.99,0.373902
25.07,0.371829
25.11,0.371585
25.19,0.372561
25.27,0.371707
25.33,0.372683
25.39,0.374024
25.47,0.376098
25.51,0.378659
25.59,0.381951
25.67,0.379756
25.71,0.38
25.8,0.381463
25.88,0.381951
25.92,0.383171
26,0.38122
26.08,0.380488
26.12,0.38
26.2,0.380976
26.304,0.386341
26.321,0.385732
26.4,0.387927
26.48,0.387317
26.52,0.388415
26.6,0.388049
26.68,0.388537
26.72,0.388902
26.8,0.39061
26.88,0.390488
26.92,0.389268
27,0.389756
27.08,0.389878
27.12,0.391951
27.2,0.393293
27.28,0.392561
27.32,0.395488
27.4,0.396829
27.48,0.397683
27.52,0.398293
27.6,0.400244
27.68,0.402317
27.72,0.401951
27.8,0.402683
27.88,0.403902
27.963,0.411951
28.02,0.412317
28.08,0.410488
28.12,0.406585
28.2,0.408415
28.28,0.408659
28.32,0.411341
28.4,0.410732
28.48,0.413415
28.52,0.416585
28.6,0.414268
28.68,0.414634
28.71,0.415976
28.79,0.416463
28.87,0.415854
28.91,0.416951
28.99,0.421829
29.07,0.421463
29.11,0.422561
29.19,0.41878
29.27,0.419268
29.31,0.421098
29.39,0.421951
29.47,0.421463
29.51,0.421341
29.613,0.425
29.67,0.42439
29.71,0.420244
29.79,0.42061
29.87,0.421585
29.91,0.416951
29.99,0.421098
30.07,0.421829
30.11,0.42
30.19,0.42061
30.27,0.421341
30.31,0.423049
30.39,0.418902
30.47,0.418659
30.51,0.419756
30.59,0.422317
30.67,0.421707
30.71,0.421341
30.8,0.422073
30.88,0.422683
30.92,0.423293
31,0.422683
31.08,0.423659
31.12,0.423415
31.2,0.423171
31.283,0.416951
31.32,0.418537
31.4,0.417073
31.48,0.417683
31.52,0.417561
31.6,0.420854
31.68,0.421951
31.72,0.420732
31.8,0.420854
31.88,0.421951
31.92,0.423293
32,0.421463
32.08,0.422073
32.12,0.423415
32.2,0.423293
32.28,0.424634
32.32,0.423293
32.4,0.423537
32.48,0.424878
32.52,0.425122
32.6,0.424268
32.68,0.424512
32.709,0.422317
32.79,0.425122
32.87,0.427561
32.934,0.421098
32.99,0.426463
33.07,0.425854
33.11,0.425122
33.19,0.43378
33.27,0.445732
33.31,0.450366
33.41,0.462195
33.47,0.473415
33.51,0.479878
33.59,0.490854
33.67,0.498537
33.71,0.507683
33.79,0.511707
33.87,0.514268
33.91,0.514878
33.99,0.517561
34.07,0.523171
34.11,0.523415
34.19,0.525366
34.27,0.525854
34.31,0.527683
34.39,0.518537
34.47,0.517683
34.51,0.517805
34.634,0.501829
34.67,0.502683
34.71,0.5
34.8,0.500854
34.88,0.498659
34.92,0.49939
35,0.5
35.08,0.504512
35.12,0.50439
35.2,0.501951
35.28,0.502805
35.32,0.506829
35.4,0.508537
35.48,0.50878
35.52,0.51122
35.6,0.514512
35.68,0.517073
35.71,0.515122
35.79,0.513902
35.87,0.515732
35.91,0.520854
35.99,0.520854
36.07,0.52061
36.11,0.521951
36.19,0.526219
36.295,0.521219
36.312,0.521951
36.39,0.525
36.47,0.525366
36.51,0.531341
36.59,0.527073
36.67,0.531463
36.71,0.529268
36.79,0.532317
36.87,0.531585
36.91,0.534268
36.99,0.535976
37.07,0.533902
37.11,0.536341
37.19,0.534634
37.27,0.538293
37.31,0.536341
37.39,0.537683
37.47,0.537561
37.51,0.537683
37.59,0.534024
37.67,0.533537
37.714,0.532683
37.79,0.535366
37.87,0.543171
37.954,0.547561
38.01,0.550122
38.07,0.552927
38.11,0.556341
38.19,0.561585
38.27,0.572073
38.31,0.573171
38.39,0.580854
38.47,0.585
38.51,0.58878
38.59,0.593902
38.67,0.598049
38.71,0.6
38.8,0.604146
38.88,0.609756
38.92,0.611951
39,0.617195
39.08,0.618537
39.12,0.619878
39.2,0.62378
39.28,0.621829
39.32,0.622073
39.4,0.622317
39.48,0.623293
39.52,0.624634
39.644,0.616463
39.68,0.612317
39.72,0.613293
39.8,0.610732
39.88,0.615488
39.92,0.616707
40,0.620854
40.08,0.621585
40.12,0.624878
40.2,0.627195
40.28,0.632195
40.32,0.632317
40.4,0.635732
40.48,0.636951
40.52,0.636829
40.6,0.640366
40.68,0.639024
40.709,0.642073
40.79,0.645
40.87,0.646829
40.91,0.646707
40.99,0.648659
41.07,0.652439
41.11,0.654756
41.19,0.659146
41.315,0.654878
41.332,0.654512
41.39,0.662805
41.47,0.662561
41.51,0.666707
41.59,0.669756
41.67,0.671707
41.71,0.671951
41.79,0.674146
41.87,0.668781
41.91,0.671585
41.99,0.671341
42.07,0.669756
42.11,0.670732
42.19,0.670366
42.27,0.669756
42.31,0.669268
42.39,0.672683
42.47,0.671951
42.51,0.669146
42.59,0.67122
42.67,0.669512
42.71,0.669146
42.8,0.668902
42.88,0.672683
42.964,0.669268
43.02,0.673049
43.08,0.677317
43.12,0.678171
43.2,0.681707
43.28,0.684024
43.32,0.685366
43.4,0.687195
43.48,0.687805
43.52,0.689024
43.6,0.686951
43.68,0.687683
43.72,0.687805
43.8,0.68939
43.88,0.689634
43.92,0.688659
44,0.692683
44.08,0.693537
44.12,0.694146
44.2,0.696951
44.28,0.699268
44.32,0.700732
44.4,0.702195
44.48,0.707317
44.52,0.708293
44.644,0.707561
44.68,0.710732
44.708,0.711585
44.79,0.710976
44.87,0.715
44.91,0.714146
44.99,0.716463
45.07,0.719756
45.11,0.716829
45.19,0.720976
45.27,0.718537
45.31,0.719268
45.39,0.722195
45.47,0.721341
45.51,0.721341
45.59,0.723171
45.67,0.72439
45.71,0.727439
45.79,0.725488
45.87,0.727683
45.91,0.727805
45.99,0.730244
46.07,0.73061
46.11,0.733537
46.19,0.732683
46.315,0.73122
46.332,0.732195
46.39,0.734268
46.47,0.734878
46.51,0.734634
46.59,0.732805
46.67,0.736341
46.71,0.736707
46.8,0.733659
46.88,0.730976
46.92,0.733415
47,0.73061
47.08,0.730854
47.12,0.73
47.2,0.730122
47.28,0.730366
47.32,0.728293
47.4,0.728537
47.48,0.727927
47.52,0.728659
47.6,0.729634
47.68,0.730366
47.72,0.728415
47.8,0.728415
47.88,0.725854
47.964,0.717561
48,0.717439
48.08,0.718659
48.12,0.717317
48.2,0.719146
48.28,0.719512
48.32,0.720244
48.4,0.721951
48.48,0.721098
48.52,0.72061
48.6,0.718171
48.68,0.716341
48.708,0.715976
48.8,0.714024
48.88,0.713171
48.92,0.712195
49,0.712439
49.08,0.711098
49.12,0.710366
49.2,0.707805
49.28,0.704634
49.32,0.703902
49.4,0.704268
49.48,0.703293
49.52,0.702805
49.646,0.695854
49.68,0.693902
49.72,0.694268
49.8,0.693049
49.88,0.691463
49.92,0.691098
50,0.690854
50.08,0.690854
50.12,0.691341
50.2,0.691098
50.28,0.690122
50.32,0.689756
50.4,0.690488
50.48,0.69061
50.52,0.690732
50.6,0.69122
50.68,0.690244
50.72,0.689146
50.8,0.687073
50.88,0.686707
50.92,0.685122
51,0.681341
51.08,0.681098
51.12,0.678171
51.2,0.677561
51.326,0.665122
51.343,0.665854
51.4,0.665976
51.48,0.66622
51.52,0.665732
51.6,0.666098
51.68,0.665122
51.72,0.665854
51.8,0.66561
51.88,0.666829
51.92,0.66622
52,0.666341
52.08,0.665366
52.12,0.664878
52.2,0.666098
52.28,0.669268
52.32,0.671585
52.4,0.677073
52.48,0.678902
52.52,0.681098
52.6,0.687073
52.68,0.692195
52.708,0.695488
52.8,0.701707
52.88,0.706463
52.966,0.718659
53.02,0.723049
53.08,0.726829
53.12,0.729756
53.2,0.734878
53.28,0.736585
53.32,0.737683
53.4,0.741098
53.48,0.747073
53.52,0.749756
53.6,0.752317
53.68,0.752683
53.72,0.754268
53.8,0.755854
53.88,0.756098
53.92,0.755976
54,0.756707
54.08,0.755366
54.12,0.755732
54.2,0.751707
54.28,0.755732
54.32,0.754146
54.4,0.752805
54.48,0.752195
54.52,0.751098
54.646,0.733659
54.68,0.736341
54.72,0.739146
54.79,0.737439
54.87,0.735122
54.91,0.733293
54.99,0.730732
55.07,0.73061
55.11,0.730366
55.19,0.728902
55.27,0.730122
55.31,0.730122
55.39,0.728537
55.47,0.727073
55.51,0.728171
55.59,0.726463
55.67,0.72561
55.71,0.725732
55.79,0.726098
55.87,0.726341
55.91,0.725366
55.99,0.726098
56.07,0.725976
56.11,0.72561
56.19,0.72561
56.316,0.717317
56.333,0.716219
56.39,0.716585
56.47,0.714878
56.51,0.714512
56.59,0.715854
56.67,0.717439
56.71,0.717683
56.79,0.718171
56.87,0.719146
56.91,0.718659
56.99,0.718659
57.07,0.719512
57.11,0.720366
57.19,0.719268
57.27,0.720244
57.31,0.721707
57.39,0.722805
57.47,0.722561
57.51,0.723171
57.59,0.723902
57.67,0.724024
57.712,0.723781
57.79,0.723781
57.87,0.724146
57.955,0.725732
58.01,0.725244
58.07,0.725366
58.11,0.725854
58.19,0.725854
58.27,0.725122
58.31,0.724024
58.39,0.724512
58.47,0.725244
58.51,0.725976
59.636,0.726098
58.6165,0.724146
59.71,0.723781
58.7365,0.723171
58.8165,0.723171
58.8565,0.723293
58.9365,0.723171
59.0165,0.723049
59.0565,0.72439
59.1365,0.723659
59.2165,0.724878
59.2565,0.72561
59.3365,0.72622
59.4165,0.726951
59.4565,0.725488
59.5365,0.724878
59.6165,0.725366
59.6565,0.72439
59.7365,0.724512
59.8165,0.724512
59.8565,0.724756
59.9365,0.725366
60.0165,0.725
60.0565,0.725488
60.1365,0.725122
60.2625,0.723659
60.2965,0.723171
60.3365,0.723293
60.4165,0.723902
60.4565,0.724268
60.5365,0.723659
60.6165,0.723293
60.6565,0.724024
60.7365,0.723781
60.8165,0.724024
60.8565,0.724634
60.9365,0.724146
61.0165,0.724756
61.0565,0.725488
61.1365,0.725854
61.2165,0.725854
61.2565,0.72622
61.3365,0.726341
61.4165,0.726098
61.4565,0.726098
61.5365,0.725
61.6165,0.724268
61.6565,0.723415
61.7365,0.724024
61.8165,0.724146
61.9025,0.722317
61.9365,0.722073
62.0165,0.721707
62.0565,0.722439
62.1365,0.722561
62.2165,0.721463
62.2565,0.721829
62.3365,0.722683
62.4165,0.723537
62.4565,0.725366
62.5365,0.726098
62.6165,0.726463
62.6565,0.726951
62.7365,0.728659
62.8165,0.728781
62.8565,0.729024
62.9365,0.72939
63.0165,0.728537
63.0565,0.728171
63.1365,0.729146
63.2165,0.728902
63.2565,0.728902
63.3365,0.728415
63.4165,0.728659
63.4565,0.728659
63.5825,0.727195
63.6365,0.727439
63.6585,0.727195
63.7365,0.727073
63.8165,0.728171
63.8765,0.728415
63.9365,0.728781
64.0165,0.728781
64.0565,0.728781
64.1365,0.730488
64.2165,0.731707
64.2565,0.731951
64.3365,0.732439
64.4165,0.734878
64.4565,0.735366
64.5365,0.735854
64.6165,0.739146
64.6565,0.738659
64.7365,0.740488
64.8165,0.741341
64.8565,0.741463
64.9365,0.73878
65.0165,0.738537
65.0565,0.73939
65.1365,0.740732
65.2625,0.735366
65.2795,0.735976
65.3365,0.735732
65.4165,0.735122
65.4565,0.734756
65.5365,0.734146
65.6165,0.734024
65.6565,0.733781
65.7365,0.731341
65.8165,0.732195
65.8565,0.732195
65.9375,0.731585
66.0165,0.732561
66.0565,0.732805
66.1365,0.733293
66.2165,0.732317
66.2565,0.732683
66.3365,0.731707
66.4165,0.731707
66.4565,0.731463
66.5365,0.731463
66.6165,0.73122
66.6565,0.730976
66.7365,0.731341
66.8165,0.730732
66.9025,0.728659
66.9365,0.728537
67.0165,0.728537
67.0565,0.729024
67.1365,0.728659
67.2165,0.729268
68.5815,0.733049
67.3239,0.733293
68.6565,0.732683
67.444,0.733293
67.5239,0.734756
67.564,0.734512
67.644,0.733171
67.7239,0.734756
67.764,0.735122
67.844,0.734756
67.9239,0.735
67.984,0.735244
68.044,0.735488
68.1239,0.738293
68.164,0.737561
68.244,0.736707
68.3239,0.736707
68.364,0.736585
68.444,0.735854
68.5239,0.737073
68.564,0.737317
68.644,0.739024
68.7239,0.737805
68.764,0.737439
68.844,0.737927
68.97,0.736707
68.987,0.736341
69.044,0.736098
69.1239,0.735854
69.164,0.735366
69.244,0.735
69.3239,0.734512
69.364,0.733781
69.444,0.734634
69.5239,0.735244
69.564,0.734024
69.644,0.73439
69.7239,0.734634
69.764,0.735244
69.844,0.734756
69.9239,0.735488
69.964,0.735854
70.044,0.736951
70.1239,0.737439
70.164,0.736585
70.244,0.735244
70.3239,0.734146
70.364,0.734268
70.4539,0.733537
70.534,0.735854
70.6209,0.734756
70.6539,0.732927
70.734,0.732073
70.7739,0.732805
70.8539,0.733293
70.934,0.733049
70.9739,0.734146
71.054,0.735
71.134,0.736341
71.1739,0.735244
71.254,0.734878
71.334,0.733902
71.3739,0.734146
71.4539,0.733781
71.534,0.734146
71.5739,0.73439
71.6539,0.735488
71.734,0.736341
71.7739,0.73561
71.8539,0.736341
71.934,0.736829
71.9739,0.736585
72.054,0.73561
72.134,0.736341
72.1739,0.73622
72.301,0.736707
72.334,0.736951
72.3739,0.737317
72.4539,0.739268
72.534,0.739878
72.5739,0.739878
72.6539,0.738537
72.734,0.739634
72.7739,0.740244
72.8539,0.740122
72.934,0.740732
72.9739,0.74
73.054,0.73939
73.134,0.738659
73.1739,0.738415
73.254,0.73878
73.334,0.73878
73.3739,0.738902
73.4539,0.739024
73.534,0.738293
73.5739,0.738659
73.6539,0.738537
73.734,0.739146
73.7739,0.739146
73.8539,0.740122
73.981,0.736341
73.998,0.737073
74.054,0.73561
74.134,0.735488
74.1739,0.735854
74.254,0.73622
74.334,0.736707
74.361,0.736829
74.4539,0.736585
74.534,0.736951
74.5739,0.736585
74.6739,0.736585
74.734,0.737195
74.7739,0.737439
74.8539,0.737195
74.934,0.740366
74.9739,0.740976
75.054,0.744268
75.134,0.744878
75.1739,0.74378
75.254,0.743415
75.334,0.744024
75.3739,0.742195
75.4539,0.744756
75.534,0.743171
75.6209,0.744512
75.6539,0.745366
75.734,0.745488
75.7739,0.746951
75.8539,0.745854
75.934,0.744878
75.9739,0.743171
76.054,0.746585
76.134,0.746829
76.1739,0.748049
76.254,0.747805
76.334,0.749024
76.359,0.748537
76.4539,0.747317
76.534,0.747805
76.5739,0.747561
76.6539,0.746341
76.734,0.744024
76.7739,0.744512
76.8539,0.741341
76.934,0.741829
76.9739,0.742439
77.054,0.743049
77.134,0.745854
77.1739,0.745732
77.301,0.746341
77.356,0.746341
77.3739,0.750244
77.4539,0.75
77.534,0.750488
77.5739,0.748902
77.6539,0.746951
77.734,0.746341
77.794,0.744634
77.8539,0.743293
77.934,0.744878
77.9739,0.745854
78.054,0.744268
78.134,0.745732
78.1739,0.744512
78.254,0.745
78.334,0.744878
78.364,0.743537
78.444,0.743049
78.5239,0.742195
78.564,0.742317
78.644,0.742683
78.7239,0.741951
78.764,0.741585
78.844,0.740854
78.97,0.735122
78.987,0.735732
79.044,0.736341
79.1239,0.735488
79.164,0.735732
79.244,0.735732
79.3239,0.735854
79.3679,0.735854
79.444,0.736707
79.5239,0.738049
79.564,0.737073
79.645,0.737805
79.7239,0.737561
79.764,0.737561
79.844,0.738537
79.9239,0.738171
79.964,0.738415
80.044,0.738537
80.1239,0.738659
80.164,0.739024
80.244,0.738537
80.3239,0.73878
80.364,0.738293
80.444,0.737805
80.5239,0.737439
80.609,0.734512
80.644,0.735
80.7239,0.735366
80.764,0.735854
80.844,0.736951
80.9239,0.736341
80.964,0.736098
81.044,0.736707
81.1239,0.735976
81.164,0.73622
81.244,0.73622
81.3239,0.737683
81.364,0.738659
81.444,0.739634
81.5239,0.739756
81.564,0.740366
81.644,0.741098
81.7239,0.740366
81.764,0.73939
81.844,0.741098
81.9239,0.74
81.964,0.739756
82.044,0.741951
82.1239,0.74061
82.164,0.740122
82.25,0.742561
82.3239,0.742561
82.3679,0.741585
82.444,0.741707
82.5239,0.741829
82.564,0.743537
82.644,0.745244
82.7239,0.74561
82.764,0.746341
82.844,0.746341
82.9239,0.745366
82.964,0.745122
83.044,0.742317
83.1239,0.739024
83.164,0.73878
83.244,0.737317
83.3239,0.738902
83.364,0.739512
83.444,0.738171
83.5239,0.737683
83.564,0.737561
83.644,0.73878
83.7239,0.736585
83.764,0.736707
83.844,0.73622
83.97,0.73439
83.987,0.735366
84.044,0.735366
84.1239,0.737195
84.164,0.735366
84.244,0.735854
84.3239,0.735732
84.364,0.735122
84.444,0.736829
84.5239,0.737317
84.564,0.736829
84.644,0.738171
84.7239,0.737927
84.764,0.738293
84.844,0.736707
84.9239,0.735854
84.964,0.735854
85.044,0.735976
85.1239,0.736585
85.164,0.735976
85.244,0.736341
85.3239,0.736098
85.364,0.735122
85.444,0.734878
85.5239,0.735244
85.609,0.734756
85.644,0.734512
85.7239,0.736463
85.764,0.735732
85.844,0.735854
85.9239,0.736098
85.964,0.736585
86.044,0.737561
86.1239,0.73878
86.164,0.739024
86.244,0.742073
86.3239,0.743659
86.364,0.745244
86.4539,0.745366
86.534,0.747683
86.5739,0.747317
86.6539,0.747439
86.734,0.747683
86.7739,0.748293
86.8539,0.747439
86.934,0.746585
86.9739,0.746098
87.054,0.746341
87.134,0.749024
87.1739,0.747927
87.301,0.750854
87.334,0.749146
87.3569,0.749146
87.4539,0.746585
87.534,0.745732
87.5739,0.744634
87.6539,0.744512
87.734,0.742927
87.7739,0.742683
87.8539,0.743049
87.934,0.742317
87.9739,0.742317
88.054,0.742927
88.134,0.743659
88.1739,0.743293
88.2539,0.742317
88.334,0.742927
88.358,0.742073
88.4539,0.743171
88.534,0.743171
88.5739,0.744146
88.6539,0.743049
88.734,0.742073
88.7739,0.741951
88.8539,0.741585
88.98,0.740366
88.997,0.740488
89.054,0.740854
89.134,0.741707
89.1739,0.742195
89.2539,0.743049
89.334,0.742805
89.3569,0.740488
89.4539,0.740976
89.534,0.742073
89.5739,0.743659
89.6539,0.741585
89.734,0.742439
89.7739,0.742927
89.8539,0.743537
89.934,0.742561
89.9739,0.742195
90.054,0.743049
90.134,0.743415
90.1739,0.745366
90.2539,0.745122
90.334,0.746463
90.361,0.747683
90.4539,0.746951
90.534,0.748049
90.62,0.747073
90.6539,0.746951
90.734,0.747927
90.7739,0.747561
90.8539,0.746951
90.934,0.745244
90.9739,0.744268
91.054,0.747195
91.134,0.748659
91.1739,0.747927
91.2539,0.74878
91.3349,0.750488
91.358,0.749756
91.444,0.749634
91.5239,0.75061
91.564,0.749878
91.644,0.750366
91.7239,0.749878
91.764,0.750732
91.844,0.747073
91.9239,0.746585
91.964,0.745244
92.044,0.745
92.1239,0.742927
92.164,0.742927
92.289,0.74
92.3239,0.739512
92.364,0.737195
92.444,0.734878
92.5239,0.736341
92.564,0.738049
92.644,0.736585
92.7239,0.734268
92.764,0.73439
92.844,0.732683
92.9239,0.731341
92.964,0.732805
93.044,0.734024
93.1239,0.732073
93.164,0.73122
93.244,0.730122
93.3239,0.73
93.365,0.729268
93.444,0.729024
93.5239,0.72939
93.564,0.729146
93.644,0.730366
93.7239,0.731585
93.764,0.732927
93.844,0.73439
93.95,0.732805
93.967,0.732317
94.044,0.731585
94.1239,0.734146
94.164,0.735488
94.244,0.733781
94.3239,0.733171
94.364,0.734756
94.444,0.735732
94.5239,0.734268
94.564,0.733293
94.644,0.739268
94.7239,0.743537
94.764,0.743659
94.844,0.742927
94.9239,0.74439
94.964,0.744268
95.044,0.742195
95.1239,0.740122
95.164,0.745244
95.244,0.744756
95.3239,0.749512
95.364,0.748659
95.444,0.752683
95.5239,0.753537
95.609,0.751829
95.644,0.751341
95.7239,0.752561
95.764,0.752317
95.844,0.756951
95.9239,0.756829
95.964,0.756829
96.044,0.760732
96.1239,0.772683
96.164,0.768902
96.244,0.765732
96.3239,0.765
96.364,0.767317
96.444,0.762805
96.5239,0.771463
96.564,0.772561
96.644,0.773415
96.7239,0.775488
96.764,0.771219
96.844,0.768415
96.9239,0.770488
96.964,0.775976
97.044,0.771951
97.1239,0.772683
97.164,0.776341
97.289,0.766829
97.3239,0.762317
97.364,0.767317
97.444,0.764878
97.5239,0.757439
97.564,0.758902
97.644,0.762439
97.7239,0.757683
97.764,0.747439
97.844,0.753537
97.9239,0.756585
97.964,0.749756
98.044,0.757317
98.1239,0.742927
98.164,0.751098
98.244,0.740488
98.3239,0.730244
98.364,0.730488
98.444,0.721098
98.5239,0.710488
98.564,0.712073
98.644,0.701219
98.7239,0.70561
98.764,0.700366
98.844,0.687195
98.969,0.679146
98.986,0.678293
99.044,0.67122
99.1239,0.669512
99.164,0.66622
99.244,0.664146
99.3239,0.649268
99.3659,0.645732
99.444,0.641707
99.5239,0.637195
99.564,0.640854
99.644,0.624268
99.7239,0.618049
99.764,0.615244
99.844,0.620122
99.9239,0.615976
99.964,0.611585
100.044,0.609756
100.124,0.610732
100.164,0.608902
100.244,0.615122
100.324,0.605122
100.364,0.607317
100.444,0.603049
100.524,0.59622
100.608,0.588902
100.644,0.587073
100.724,0.581829
100.764,0.581585
100.844,0.583537
100.924,0.58061
100.964,0.583659
101.044,0.576951
101.124,0.576341
101.164,0.575854
101.244,0.582805
101.324,0.581951
101.364,0.592073
101.444,0.586585
101.524,0.586951
101.564,0.581463
101.644,0.581951
101.724,0.57122
101.764,0.577317
101.844,0.577195
101.924,0.578902
101.964,0.568659
102.044,0.561585
102.124,0.560854
102.164,0.545854
102.288,0.550488
102.324,0.543781
102.367,0.545976
102.444,0.536463
102.524,0.52939
102.564,0.53622
102.644,0.522439
102.724,0.516951
102.764,0.515
102.844,0.514878
102.924,0.516707
102.964,0.518537
103.044,0.51561
103.124,0.512073
103.164,0.516219
103.244,0.520488
103.324,0.528659
103.364,0.532561
103.444,0.536585
103.524,0.543049
103.564,0.537805
103.644,0.543537
103.724,0.542439
103.764,0.550976
103.844,0.546951
103.948,0.561585
103.965,0.559024
104.064,0.558049
104.124,0.567927
104.164,0.571829
104.244,0.570976
104.324,0.566829
104.364,0.56061
104.444,0.55561
104.524,0.555366
104.564,0.555488
104.644,0.563293
104.724,0.562683
104.764,0.560732
104.844,0.571098
104.924,0.560732
104.964,0.563537
105.044,0.560244
105.124,0.569268
105.164,0.565732
105.244,0.57439
105.324,0.566585
105.364,0.581951
105.444,0.580366
105.524,0.576098
105.587,0.569634
105.644,0.564756
105.724,0.556707
105.764,0.55878
105.844,0.554634
105.924,0.544756
105.964,0.564024
106.044,0.567683
106.124,0.564146
106.164,0.570122
106.244,0.581341
106.324,0.578659
106.364,0.586341
106.444,0.601829
106.524,0.606463
106.564,0.629634
106.644,0.642805
106.724,0.641219
106.764,0.654878
106.844,0.668171
106.924,0.665
106.964,0.658902
107.044,0.668902
107.124,0.661341
107.164,0.675244
107.268,0.649024
107.344,0.661829
107.364,0.686707
107.444,0.681463
107.524,0.679024
107.564,0.675732
107.644,0.671951
107.724,0.658171
107.764,0.667195
107.844,0.655244
107.924,0.631341
107.964,0.642073
108.044,0.646829
108.124,0.637317
108.164,0.640488
108.244,0.64878
108.324,0.652317
108.364,0.658659
108.455,0.663659
108.535,0.665488
108.554,0.664634
108.635,0.665732
108.714,0.668902
108.754,0.674146
108.835,0.66939
108.939,0.680244
108.956,0.677317
109.034,0.680854
109.114,0.710366
109.154,0.709146
109.235,0.710854
109.314,0.731585
109.357,0.742683
109.434,0.735854
109.515,0.744756
109.554,0.755366
109.635,0.758415
109.714,0.772439
109.754,0.766219
109.834,0.771098
109.915,0.768659
109.955,0.76878
110.034,0.76439
110.114,0.758049
110.154,0.748902
110.235,0.743049
110.314,0.723049
110.357,0.729512
110.434,0.733171
110.515,0.726341
110.579,0.724878
110.635,0.716707
110.714,0.712195
110.754,0.704512
110.834,0.696585
110.914,0.681463
110.955,0.698049
111.034,0.684756
111.114,0.687317
111.154,0.679512
111.235,0.665244
111.314,0.668049
111.357,0.66061
111.434,0.638902
111.515,0.641829
111.554,0.645244
111.635,0.64561
111.714,0.643415
111.754,0.621098
111.834,0.61939
111.914,0.625976
111.955,0.62122
112.034,0.611951
112.114,0.615488
112.154,0.608415
112.278,0.614634
112.314,0.61378
112.357,0.609878
112.434,0.623659
112.515,0.632439
112.554,0.627195
112.635,0.641341
112.714,0.65061
112.754,0.65061
112.834,0.668415
112.914,0.677073
112.955,0.675
113.034,0.686098
113.114,0.687683
113.154,0.686951
113.235,0.691585
113.314,0.680244
113.357,0.68561
113.434,0.686098
113.515,0.685488
113.554,0.670976
113.635,0.662317
113.714,0.645854
113.754,0.637805
113.834,0.623902
113.939,0.614146
113.974,0.609146
114.034,0.595366
114.114,0.57378
114.154,0.57061
114.234,0.563049
114.314,0.557317
114.357,0.548659
114.434,0.537195
114.514,0.530366
114.554,0.526829
114.634,0.516951
114.714,0.525244
114.754,0.517805
114.834,0.518537
114.914,0.501585
114.954,0.509878
115.034,0.49561
115.114,0.483902
115.154,0.487927
115.235,0.46939
115.335,0.474878
115.357,0.474878
115.454,0.482683
115.514,0.468415
115.558,0.493659
115.634,0.488049
115.714,0.482927
115.754,0.481463
115.834,0.473415
115.914,0.474512
115.974,0.469878
116.034,0.468902
116.114,0.476585
116.154,0.473537
116.235,0.466829
116.314,0.445244
116.357,0.458171
116.434,0.441341
116.514,0.448537
116.554,0.449024
116.634,0.448293
116.714,0.445732
116.754,0.444024
116.834,0.451463
116.914,0.445732
116.954,0.455976
117.034,0.443415
117.114,0.443293
117.154,0.438293
117.278,0.428537
117.314,0.414268
117.357,0.415488
117.434,0.412073
117.514,0.419512
117.554,0.412317
117.634,0.421585
117.714,0.421463
117.754,0.42622
117.834,0.430976
117.914,0.440488
117.955,0.437927
118.034,0.436463
118.114,0.423659
118.154,0.429512
118.234,0.413415
118.314,0.404634
118.357,0.404756
118.434,0.390244
118.514,0.391463
118.554,0.386341
118.634,0.38561
118.714,0.389024
118.754,0.383049
118.834,0.377561
118.939,0.364878
118.974,0.370122
119.034,0.380244
119.114,0.374512
119.154,0.379512
119.234,0.386463
119.314,0.380244
119.357,0.393415
119.434,0.391341
119.514,0.392805
119.554,0.389268
119.635,0.394268
119.714,0.404878
119.754,0.416098
119.834,0.416463
119.914,0.414512
119.955,0.415732
120.034,0.414756
120.114,0.424146
120.154,0.406341
120.234,0.418293
120.314,0.405732
120.357,0.422317
120.434,0.40439
120.514,0.393415
120.598,0.390488
120.634,0.388049
120.714,0.385
120.754,0.373659
120.834,0.38561
120.914,0.377073
120.954,0.382561
121.034,0.389268
121.114,0.388293
121.154,0.392439
121.234,0.407927
121.314,0.407683
121.357,0.402927
121.434,0.412439
121.514,0.428293
121.554,0.442073
121.634,0.44061
121.714,0.46061
121.754,0.455
121.834,0.464268
121.914,0.470732
121.954,0.476829
122.034,0.487439
122.114,0.485366
122.154,0.479878
122.238,0.469634
122.314,0.468902
122.357,0.466463
122.434,0.465
122.514,0.46
122.554,0.446951
122.634,0.434878
122.714,0.434268
122.754,0.433415
122.834,0.417439
122.914,0.408659
122.954,0.403537
123.034,0.395122
123.114,0.375
123.154,0.368659
123.234,0.347927
123.314,0.324146
123.354,0.311463
123.434,0.308171
123.514,0.308293
123.554,0.304756
123.634,0.314756
123.714,0.304512
123.754,0.299756
123.834,0.295976
123.979,0.279146
123.996,0.275732
124.034,0.283902
124.114,0.279878
124.154,0.290976
124.234,0.29061
124.314,0.317927
124.357,0.339756
124.434,0.363293
124.514,0.386341
124.554,0.388902
124.634,0.394512
124.714,0.397317
124.754,0.397927
124.834,0.395976
124.914,0.389634
124.954,0.382561
125.034,0.383902
125.114,0.379146
125.154,0.382683
125.235,0.382439
125.314,0.371951
125.357,0.383659
125.434,0.385732
125.515,0.388415
125.598,0.405854
125.655,0.41061
125.714,0.418293
125.754,0.417195
125.854,0.430122
125.914,0.433171
125.954,0.434634
126.034,0.439146
126.114,0.449756
126.154,0.442195
126.234,0.425976
126.314,0.429512
126.357,0.438293
126.434,0.45061
126.514,0.45561
126.554,0.469146
126.634,0.471707
126.714,0.486707
126.754,0.488902
126.834,0.486829
126.914,0.482805
126.954,0.47561
127.034,0.484756
127.114,0.483902
127.154,0.467683
127.238,0.444146
127.314,0.416098
127.357,0.417561
127.434,0.391707
127.514,0.372805
127.554,0.365732
127.634,0.34378
127.714,0.323415
127.754,0.322561
127.834,0.300366
127.914,0.28622
127.954,0.289024
128.034,0.280732
128.114,0.27622
128.154,0.280122
128.234,0.269512
128.314,0.260976
128.357,0.257317
128.434,0.245244
128.514,0.227683
128.554,0.221098
128.634,0.213415
128.714,0.2
128.754,0.203537
128.834,0.195122
128.918,0.182439
128.954,0.176098
129.034,0.177195
129.114,0.186829
129.154,0.191341
129.234,0.183537
129.314,0.184268
129.357,0.182805
129.434,0.175732
129.514,0.172805
129.554,0.169512
129.635,0.163902
129.714,0.154146
129.754,0.155732
129.834,0.142195
129.914,0.134634
129.954,0.13622
130.034,0.117805
130.114,0.117683
130.154,0.104268
130.234,0.10378
130.314,0.0914634
130.357,0.0896341
130.434,0.0829268
130.514,0.0695122
130.598,0.0653659
130.635,0.0582927
130.714,0.047561
130.754,0.0354878
130.834,0.0257317
130.914,0.0112195
130.954,0.0181707
131.034,0.0095122
131.114,0.00280488
131.154,0.00097561
131.234,0.00097561
131.314,0.00097561
131.357,0.00109756
131.434,0.00109756
131.514,0.00097561
131.554,0.00097561
131.634,0.000243902
131.714,0
131.754,0.000243902
131.834,0.00158537
131.914,0.00341463
131.954,0.00426829
132.034,0.00670732
132.114,0.00780488
132.154,0.00914634
132.278,0.0184146
132.314,0.017561
132.357,0.0192683
132.434,0.0171951
132.514,0.0178049
132.554,0.0187805
132.634,0.0182927
132.714,0.0191463
132.754,0.0190244
132.834,0.0184146
132.914,0.0169512
132.955,0.0184146
133.034,0.019878
133.114,0.0212195
133.154,0.0231707
133.234,0.0403659
133.314,0.0631707
133.357,0.0742683
133.434,0.100366
133.514,0.126829
133.554,0.14061
133.634,0.168293
133.714,0.198415
133.754,0.213902
133.835,0.238415
133.958,0.282195
133.975,0.297317
134.035,0.311707
134.134,0.338293
134.154,0.344756
134.234,0.371098
134.314,0.39939
134.357,0.41122
134.434,0.428537
134.514,0.440366
134.554,0.447561
134.634,0.45878
134.714,0.472683
134.754,0.473171
134.834,0.475488
134.914,0.482561
134.954,0.485854
135.034,0.496098
135.114,0.497805
135.154,0.503659
135.234,0.487317
135.314,0.456463
135.359,0.441707
135.434,0.411951
135.514,0.381463
135.558,0.373293
135.634,0.32439
135.714,0.301951
135.754,0.290488
135.834,0.268659
135.914,0.265976
135.954,0.257927
136.034,0.224146
136.114,0.199512
136.154,0.186463
136.234,0.165732
136.314,0.137927
136.357,0.124268
136.434,0.0918293
136.514,0.0780488
136.554,0.0615854
136.634,0.0578049
136.714,0.0432927
136.754,0.0509756
136.834,0.0456098
136.914,0.0414634
136.954,0.0469512
137.034,0.0434146
137.114,0.0480488
137.154,0.0541463
137.238,0.0554878
137.314,0.0639024
137.357,0.0536585
137.434,0.0453659
137.514,0.0247561
137.554,0.020122
137.634,0.0508537
137.714,0.0597561
137.754,0.0651219
137.834,0.0310976
137.914,0.0286585
137.955,0.0370732
138.034,0.0173171
138.114,0.00463415
138.154,0.0052439
138.234,0.00329268
138.314,0.00365854
138.354,0.00365854
138.434,0.00378049
138.514,0.00402439
138.554,0.0045122
138.634,0.00463415
138.714,0.00670732
138.754,0.00670732
138.834,0.00743902
138.959,0.0108537
138.976,0.0112195
139.034,0.0143902
139.114,0.0160976
139.154,0.0163415
139.234,0.0179268
139.314,0.0185366
139.357,0.0184146
139.434,0.0182927
139.514,0.017439
139.554,0.0192683
139.634,0.019878
139.714,0.0213415
139.754,0.0212195
139.834,0.0241463
139.914,0.0279268
139.954,0.0310976
140.034,0.0385366
140.114,0.0445122
140.154,0.0464634
140.234,0.0529268
140.314,0.0619512
140.357,0.0665854
140.434,0.0742683
140.514,0.0813415
140.598,0.0915854
140.634,0.0980488
140.714,0.106463
140.754,0.108902
140.834,0.109146
140.934,0.114756
140.954,0.115976
141.034,0.121098
141.114,0.126707
141.154,0.132195
141.234,0.143659
141.314,0.159512
141.354,0.167317
141.434,0.187195
141.514,0.204268
141.554,0.209024
141.634,0.219634
141.714,0.231463
141.754,0.238171
141.834,0.250244
141.914,0.264146
141.954,0.271585
142.034,0.289756
142.114,0.302683
142.154,0.310854
142.277,0.325
142.314,0.336585
142.357,0.33878
142.434,0.345976
142.514,0.352561
142.554,0.352561
142.634,0.363049
142.714,0.371098
142.754,0.375122
142.834,0.381951
142.914,0.386098
142.954,0.389634
143.034,0.395366
143.114,0.397805
143.154,0.394756
143.234,0.39878
143.314,0.396707
143.357,0.404024
143.434,0.421951
143.514,0.440976
143.554,0.44939
143.634,0.457073
143.715,0.463293
143.754,0.462073
143.834,0.470366
143.917,0.475366
143.954,0.47878
144.034,0.481098
144.114,0.479634
144.154,0.482195
144.234,0.479146
144.314,0.468171
144.357,0.470488
144.434,0.470488
144.514,0.457561
144.554,0.452439
144.634,0.439634
144.714,0.423415
144.754,0.418902
144.835,0.392805
144.914,0.377439
144.954,0.356098
145.034,0.340854
145.114,0.319878
145.154,0.31439
145.234,0.291341
145.314,0.275366
145.357,0.259878
145.434,0.233902
145.514,0.218415
145.598,0.20878
145.634,0.189634
145.714,0.170854
145.754,0.157927
145.834,0.13561
145.914,0.115
145.954,0.102317
146.034,0.0876829
146.114,0.0768293
146.154,0.0665854
146.234,0.0581707
146.314,0.0507317
146.357,0.047439
146.434,0.0395122
146.514,0.0323171
146.554,0.0289024
146.634,0.0213415
146.714,0.0262195
146.754,0.0228049
146.834,0.0243902
146.914,0.025
146.954,0.0202439
147.034,0.0180488
147.114,0.015122
147.154,0.0162195
147.278,0.0296341
147.314,0.0313415
147.357,0.0309756
147.434,0.0312195
147.514,0.0331707
147.554,0.0330488
147.634,0.0331707
147.714,0.0335366
147.754,0.0335366
147.834,0.0334146
147.914,0.0330488
147.954,0.0337805
148.035,0.0328049
148.114,0.0331707
148.154,0.0334146
148.234,0.0342683
148.314,0.0346341
148.357,0.035
148.434,0.0334146
148.514,0.0337805
148.554,0.0339024
148.634,0.0326829
148.714,0.0328049
148.754,0.0318293
148.834,0.0307317
148.959,0.0290244
148.976,0.03
149.034,0.0308537
149.114,0.0278049
149.154,0.0295122
149.234,0.0268293
149.314,0.027561
149.357,0.0293902
149.434,0.0328049
149.514,0.0334146
149.554,0.0328049
149.634,0.0335366
149.714,0.0336585
149.754,0.0371951
149.834,0.0360976
149.914,0.040122
149.954,0.040122
150.034,0.04
150.114,0.0373171
150.154,0.0370732
150.234,0.0379268
150.314,0.0363415
150.357,0.0379268
150.434,0.0378049
150.514,0.0368293
150.599,0.040122
150.634,0.0392683
150.714,0.0382927
150.754,0.0396341
150.834,0.042561
150.914,0.0521951
150.954,0.0541463
151.034,0.069878
151.114,0.0767073
151.154,0.0762195
151.234,0.0817073
151.314,0.082439
151.357,0.085122
151.434,0.0857317
151.514,0.0865854
151.554,0.0882927
151.634,0.0865854
151.714,0.0862195
151.754,0.0880488
151.834,0.0869512
151.914,0.0879268
151.954,0.0904878
152.034,0.0903659
152.114,0.0908537
152.154,0.0903659
152.278,0.106585
152.314,0.102439
152.357,0.0995122
152.434,0.102317
152.514,0.101341
152.554,0.100976
152.634,0.104878
152.714,0.107073
152.754,0.101585
152.834,0.102195
152.914,0.107073
152.954,0.104634
153.034,0.104878
153.114,0.11378
153.154,0.112317
153.234,0.113049
153.314,0.11378
153.357,0.118659
153.434,0.120244
153.514,0.12
153.554,0.122561
153.634,0.11439
153.714,0.106585
153.754,0.103537
153.834,0.0884146
153.958,0.072561
153.975,0.0730488
154.034,0.0742683
154.114,0.0742683
154.154,0.0730488
154.234,0.0743902
154.314,0.0754878
154.357,0.07
154.434,0.0695122
154.514,0.0689024
154.554,0.0645122
154.634,0.0719512
154.715,0.0708537
154.754,0.072561
154.834,0.0610976
154.914,0.0518293
154.954,0.0541463
155.034,0.0539024
155.114,0.0523171
155.154,0.054878
155.234,0.0542683
155.314,0.0540244
155.357,0.0543902
155.434,0.0578049
155.514,0.0591463
155.598,0.0623171
155.634,0.0615854
155.714,0.0570732
155.754,0.0634146
155.834,0.062561
155.914,0.0542683
155.954,0.0573171
156.034,0.0558537
156.114,0.0485366
156.154,0.0490244
156.234,0.0462195
156.315,0.0440244
156.358,0.0370732
156.434,0.0385366
156.514,0.0367073
156.554,0.0420732
156.634,0.0429268
156.714,0.04
156.754,0.0368293
156.834,0.0339024
156.914,0.0293902
156.954,0.0284146
157.034,0.0239024
157.114,0.024878
157.154,0.0257317
157.278,0.0335366
157.335,0.0367073
157.357,0.0378049
157.434,0.0359756
157.514,0.0373171
157.554,0.039878
157.634,0.0393902
157.714,0.0410976
157.754,0.0409756
157.834,0.0423171
157.914,0.0403659
157.954,0.042561
158.034,0.0426829
158.114,0.0413415
158.154,0.0410976
158.234,0.0404878
158.314,0.0413415
158.357,0.04
158.434,0.0437805
158.514,0.0437805
158.554,0.0382927
158.634,0.0376829
158.714,0.0508537
158.754,0.0669512
158.834,0.0953659
158.959,0.13122
158.976,0.144024
159.034,0.162927
159.114,0.165366
159.154,0.160854
159.234,0.162561
159.314,0.149634
159.357,0.151341
159.454,0.151829
159.534,0.143537
159.554,0.145122
159.634,0.143293
159.714,0.142317
159.754,0.13622
159.834,0.142927
159.914,0.146341
159.954,0.146951
160.034,0.142561
160.114,0.147317
160.154,0.147317
160.234,0.143537
160.314,0.148171
160.357,0.148659
160.434,0.151707
160.514,0.166951
160.579,0.16622
160.634,0.170244
160.714,0.157927
160.754,0.165976
160.834,0.149024
160.914,0.145122
160.954,0.137927
161.034,0.121951
161.114,0.11378
161.154,0.105976
161.234,0.0871951
161.314,0.0690244
161.357,0.0626829
161.434,0.0417073
161.514,0.0252439
161.554,0.0192683
161.634,0.0167073
161.714,0.0165854
161.754,0.0162195
161.834,0.0190244
161.914,0.02
161.954,0.0231707
162.034,0.0507317
162.114,0.0760976
162.154,0.0862195
162.279,0.111341
162.314,0.119268
162.357,0.119878
162.434,0.124146
162.514,0.127805
162.554,0.131707
162.634,0.134878
162.714,0.137195
162.754,0.138415
162.834,0.141707
162.914,0.142805
162.954,0.14439
163.034,0.145122
163.114,0.146829
163.154,0.146585
163.234,0.151951
163.314,0.151341
163.357,0.151951
163.434,0.148537
163.514,0.150976
163.554,0.152927
163.634,0.154878
163.714,0.150976
163.754,0.153171
163.834,0.150366
163.959,0.145854
163.994,0.142927
164.034,0.134512
164.114,0.11561
164.154,0.112561
164.234,0.0929268
164.314,0.085
164.357,0.0792683
164.434,0.07
164.514,0.0632927
164.554,0.062561
164.635,0.0471951
164.714,0.0409756
164.754,0.0404878
164.834,0.0362195
164.914,0.0356098
164.954,0.0308537
165.034,0.032439
165.114,0.0334146
165.154,0.0335366
165.234,0.0363415
165.314,0.0385366
165.357,0.0408537
165.434,0.0429268
165.514,0.0454878
165.599,0.0506098
165.634,0.0508537
165.714,0.05
165.754,0.0509756
165.834,0.05
165.914,0.0509756
165.954,0.0513415
166.034,0.0521951
166.114,0.052561
166.154,0.0519512
166.234,0.0518293
166.314,0.0519512
166.358,0.0537805
166.434,0.0535366
166.514,0.0535366
166.554,0.0528049
166.634,0.0523171
166.714,0.0532927
166.754,0.0531707
166.834,0.0530488
166.914,0.0530488
166.954,0.0556098
167.034,0.0671951
167.114,0.0867073
167.154,0.0954878
167.279,0.116098
167.314,0.138659
167.357,0.147561
167.434,0.156098
167.534,0.16061
167.554,0.16
167.634,0.162195
167.714,0.160366
167.754,0.161463
167.834,0.159878
167.914,0.160488
167.954,0.157561
168.034,0.15122
168.114,0.149024
168.154,0.148171
168.234,0.142927
168.314,0.14122
168.358,0.148659
168.434,0.148659
168.514,0.151829
168.554,0.149512
168.634,0.147927
168.714,0.15122
168.754,0.153293
168.834,0.15561
168.94,0.152073
168.957,0.158171
169.034,0.152561
169.114,0.148171
169.154,0.153049
169.234,0.157805
169.314,0.165
169.357,0.167073
169.434,0.17439
169.514,0.176585
169.554,0.181341
169.655,0.192683
169.714,0.189634
169.754,0.19122
169.834,0.180854
169.914,0.180854
169.954,0.176098
170.034,0.165244
170.114,0.155976
170.154,0.149512
170.234,0.132683
170.314,0.121585
170.357,0.118659
170.434,0.103415
170.514,0.0893902
170.599,0.0880488
170.634,0.0743902
170.714,0.0557317
170.754,0.0484146
170.834,0.0385366
170.914,0.0346341
170.954,0.0328049
171.034,0.0295122
171.114,0.0270732
171.154,0.0269512
171.234,0.0282927
171.314,0.0347561
171.357,0.0363415
171.434,0.0412195
171.514,0.0418293
171.554,0.0418293
171.634,0.0442683
171.714,0.0446341
171.754,0.0456098
171.834,0.0460976
171.914,0.047561
171.954,0.0481707
172.034,0.0489024
172.114,0.0491463
172.154,0.0485366
172.279,0.0460976
172.334,0.0458537
172.357,0.0464634
172.434,0.0468293
172.514,0.0468293
172.554,0.0478049
172.634,0.0471951
172.714,0.047561
172.754,0.047439
172.834,0.047439
172.914,0.0490244
172.954,0.0489024
173.034,0.0487805
173.114,0.0489024
173.154,0.0490244
173.234,0.0491463
173.314,0.0491463
173.357,0.0495122
173.434,0.0492683
173.514,0.0493902
173.554,0.0495122
173.634,0.0491463
173.714,0.0492683
173.754,0.0487805
173.834,0.0485366
173.96,0.0609756
173.977,0.0621951
174.034,0.0614634
174.114,0.0620732
174.154,0.0623171
174.234,0.0621951
174.314,0.0618293
174.357,0.0603659
174.434,0.059878
174.514,0.06
174.554,0.0607317
174.634,0.0591463
174.714,0.0589024
174.754,0.0637805
174.834,0.0802439
174.914,0.0982927
174.954,0.10622
175.034,0.117683
175.114,0.122317
175.154,0.125122
175.234,0.12878
175.314,0.132805
175.357,0.132195
175.434,0.135366
175.514,0.137073
175.599,0.133537
175.634,0.14561
175.714,0.168171
175.754,0.182317
175.834,0.200244
175.914,0.217195
175.954,0.227439
176.034,0.24378
176.114,0.268902
176.154,0.28061
176.234,0.294878
176.314,0.316585
176.357,0.324512
176.434,0.325976
176.514,0.333171
176.554,0.329268
176.634,0.317317
176.714,0.316951
176.754,0.314512
176.834,0.323049
176.914,0.323049
176.954,0.320976
177.034,0.325488
177.114,0.33122
177.154,0.331707
177.278,0.330976
177.314,0.327805
177.357,0.315732
177.434,0.309756
177.514,0.306098
177.554,0.297317
177.634,0.288659
177.714,0.288415
177.754,0.279024
177.834,0.272073
177.914,0.257805
177.955,0.258049
178.034,0.25878
178.114,0.260854
178.154,0.25439
178.234,0.261098
178.314,0.264878
178.357,0.260244
178.434,0.264878
178.514,0.262683
178.554,0.26622
178.634,0.254024
178.714,0.253049
178.754,0.258171
178.834,0.258293
178.919,0.284512
178.954,0.280244
179.034,0.269756
179.114,0.261585
179.154,0.245854
179.234,0.23
179.314,0.204634
179.357,0.200122
179.434,0.187195
179.514,0.163537
179.554,0.151341
179.634,0.135244
179.714,0.110122
179.754,0.10122
179.834,0.0868293
179.914,0.072561
179.954,0.0642683
180.034,0.0568293
180.114,0.05
180.154,0.0508537
180.234,0.0567073
180.314,0.0640244
180.357,0.0689024
180.434,0.0726829
180.514,0.077439
180.599,0.0773171
180.634,0.0778049
180.714,0.0739024
180.754,0.0753659
180.834,0.0695122
180.914,0.0697561
180.954,0.0692683
181.034,0.0651219
181.114,0.0607317
181.154,0.0642683
181.234,0.0637805
181.314,0.062561
181.357,0.0684146
181.434,0.0613415
181.514,0.0595122
181.554,0.0601219
181.634,0.0667073
181.714,0.0807317
181.754,0.0845122
181.834,0.097561
181.914,0.111341
181.954,0.117561
182.034,0.123293
182.114,0.128171
182.154,0.132927
182.279,0.154024
182.314,0.160488
182.36,0.16061
182.434,0.157683
182.514,0.162805
182.554,0.164268
182.634,0.161707
182.714,0.168293
182.754,0.169512
182.834,0.171951
182.914,0.172317
182.955,0.178171
183.034,0.183293
183.114,0.185366
183.154,0.185122
183.234,0.186829
183.314,0.188415
183.354,0.191098
183.434,0.188415
183.514,0.185366
183.554,0.185244
183.634,0.18939
183.714,0.188171
183.754,0.19122
183.834,0.193659
183.959,0.208415
183.976,0.21439
184.034,0.211341
184.114,0.210488
184.154,0.211829
184.234,0.210122
184.314,0.215244
184.357,0.216707
184.434,0.213293
184.514,0.212683
184.554,0.219512
184.635,0.209146
184.714,0.212195
184.754,0.215854
184.834,0.213049
184.914,0.211341
184.954,0.210366
185.034,0.212805
185.114,0.212927
185.154,0.212561
185.234,0.210244
185.314,0.215244
185.358,0.213902
185.434,0.217927
185.514,0.214756
185.599,0.217195
185.634,0.216951
185.714,0.220854
185.754,0.218415
185.834,0.215
185.914,0.225488
185.954,0.219024
186.034,0.217439
186.114,0.219756
186.154,0.221341
186.234,0.212805
186.315,0.209268
186.357,0.209756
186.434,0.214024
186.514,0.215366
186.554,0.217195
186.634,0.218293
186.714,0.214512
186.754,0.215122
186.834,0.212561
186.914,0.213293
186.954,0.215732
187.034,0.219878
187.114,0.219512
187.154,0.219756
187.279,0.215244
187.314,0.217073
187.357,0.214756
187.434,0.21439
187.514,0.216829
187.574,0.217805
187.634,0.217561
187.714,0.21878
187.754,0.218659
187.834,0.216585
187.914,0.218171
187.954,0.219146
188.034,0.219512
188.114,0.220122
188.154,0.221098
188.234,0.221951
188.314,0.225488
188.357,0.224756
188.434,0.225
188.514,0.225
188.554,0.224878
188.634,0.228171
188.714,0.228293
188.754,0.230122
188.834,0.230488
188.959,0.232439
188.976,0.230732
189.034,0.227561
189.114,0.228049
189.154,0.227073
189.234,0.230732
189.314,0.231341
189.357,0.231585
189.434,0.231951
189.514,0.23122
189.554,0.231951
189.634,0.229512
189.714,0.230488
189.754,0.231707
189.834,0.229634
189.914,0.229146
189.954,0.229878
190.034,0.227683
190.114,0.230976
190.154,0.227927
190.234,0.230122
190.314,0.230488
190.357,0.230732
190.434,0.23378
190.514,0.233415
190.599,0.232195
190.634,0.238049
190.714,0.235732
190.754,0.237805
190.834,0.235976
190.914,0.235122
190.954,0.239268
191.034,0.239024
191.114,0.235976
191.154,0.241585
191.234,0.240854
191.314,0.242317
191.358,0.243902
191.434,0.241463
191.514,0.238293
191.554,0.239268
191.634,0.239146
191.714,0.241585
191.754,0.245854
191.834,0.241829
191.914,0.244878
191.954,0.244024
192.034,0.244512
192.114,0.243537
192.154,0.247317
192.258,0.248415
192.314,0.250732
192.358,0.248659
192.434,0.248171
192.514,0.25439
192.554,0.257195
192.634,0.255732
192.714,0.255
192.754,0.24939
192.834,0.245732
192.914,0.242439
192.955,0.242805
193.034,0.244268
193.114,0.246463
193.155,0.247317
193.234,0.24439
193.314,0.241098
193.357,0.241951
193.434,0.23939
193.514,0.239024
193.554,0.236707
193.634,0.24
193.714,0.242927
193.754,0.241585
193.834,0.242561
193.939,0.235854
193.956,0.238293
194.034,0.239268
194.115,0.237927
194.154,0.237195
194.234,0.236341
194.314,0.236098
194.357,0.23878
194.434,0.237195
194.514,0.235122
194.554,0.235366
194.635,0.23878
194.714,0.241341
194.754,0.242195
194.834,0.24061
194.914,0.24
194.954,0.240976
195.034,0.238902
195.114,0.240488
195.154,0.240488
195.234,0.24878
195.314,0.252805
195.357,0.253293
195.434,0.257317
195.514,0.254146
195.598,0.254634
195.654,0.252561
195.714,0.252073
195.774,0.25061
195.834,0.250854
195.914,0.251341
195.954,0.256585
196.034,0.255488
196.114,0.258659
196.154,0.25878
196.234,0.266707
196.314,0.276585
196.357,0.276951
196.434,0.281707
196.515,0.287195
196.554,0.289268
196.634,0.294024
196.714,0.296463
196.754,0.300854
196.834,0.297683
196.914,0.299024
196.954,0.298902
197.055,0.296829
197.114,0.29061
197.154,0.285976
197.278,0.254878
197.314,0.260366
197.357,0.262561
197.434,0.259268
197.514,0.261951
197.554,0.264756
197.634,0.267195
197.714,0.269634
197.754,0.268049
197.834,0.27
197.914,0.272195
197.954,0.272317
198.034,0.274634
198.114,0.277805
198.154,0.277317
198.234,0.281829
198.314,0.284146
198.358,0.284268
198.434,0.28878
198.514,0.291585
198.554,0.294024
198.634,0.299146
198.714,0.302317
198.754,0.303415
198.834,0.305732
198.938,0.290366
198.955,0.292927
199.034,0.305244
199.114,0.320488
199.154,0.324878
199.234,0.337927
199.314,0.347439
199.358,0.352927
199.434,0.361829
199.514,0.371585
199.554,0.372927
199.634,0.380488
199.714,0.38061
199.754,0.381341
199.834,0.382927
199.914,0.383171
199.954,0.384512
200.034,0.386098
200.114,0.387805
200.154,0.390366
200.234,0.390488
200.314,0.399268
200.357,0.403537
200.434,0.413171
200.514,0.42561
200.558,0.425976
200.634,0.436341
200.714,0.438659
200.754,0.44561
200.834,0.447317
200.914,0.445488
200.954,0.442439
201.034,0.443902
201.114,0.450732
201.154,0.449634
201.234,0.449878
201.314,0.453171
201.357,0.451219
201.434,0.45439
201.514,0.452073
201.554,0.449024
201.634,0.451219
201.714,0.447927
201.754,0.445732
201.834,0.44622
201.914,0.446707
201.954,0.444024
202.034,0.445488
202.114,0.442073
202.154,0.439268
202.258,0.433537
202.314,0.433537
202.357,0.433171
202.434,0.437073
202.514,0.440366
202.554,0.444024
202.634,0.441707
202.714,0.444024
202.754,0.44378
202.834,0.43622
202.914,0.436707
202.954,0.438293
203.034,0.431829
203.114,0.433049
203.154,0.432317
203.234,0.431951
203.314,0.431098
203.357,0.435
203.434,0.429634
203.514,0.431341
203.554,0.434512
203.634,0.445976
203.714,0.456707
203.754,0.454634
203.834,0.465
203.939,0.459146
203.956,0.462073
204.034,0.472561
204.114,0.47561
204.154,0.48
204.234,0.485
204.314,0.483293
204.358,0.485732
204.434,0.486707
204.514,0.486829
204.554,0.487439
204.634,0.487439
204.714,0.491098
204.754,0.486707
204.834,0.487317
204.914,0.487927
204.954,0.484756
205.034,0.481951
205.114,0.484512
205.154,0.484756
205.234,0.479268
205.314,0.48061
205.358,0.480488
205.434,0.480854
205.514,0.48378
205.598,0.479878
205.634,0.482195
205.714,0.480244
205.754,0.480854
205.834,0.482073
205.914,0.474024
205.954,0.473293
206.034,0.474268
206.114,0.472561
206.154,0.471707
206.234,0.473049
206.314,0.46939
206.357,0.468659
206.434,0.470976
206.514,0.47061
206.554,0.472073
206.634,0.471341
206.714,0.472073
206.754,0.474268
206.834,0.473902
206.914,0.471829
206.954,0.473293
207.034,0.473659
207.114,0.476951
207.154,0.47878
207.277,0.47622
207.314,0.478293
207.357,0.48
207.434,0.477561
207.514,0.480122
207.554,0.479512
207.634,0.477439
207.714,0.477683
207.754,0.478049
207.834,0.480122
207.914,0.485854
207.954,0.484024
208.034,0.482805
208.114,0.483049
208.154,0.484634
208.234,0.482927
208.314,0.478902
208.357,0.477683
208.434,0.480244
208.514,0.477561
208.554,0.477927
208.634,0.480244
208.714,0.478902
208.754,0.479024
208.834,0.479878
208.958,0.475
208.975,0.473902
209.034,0.47561
209.114,0.475854
209.154,0.47939
209.234,0.481829
209.314,0.483415
209.357,0.482805
209.434,0.484024
209.514,0.484146
209.554,0.481951
209.634,0.485244
209.714,0.483659
209.754,0.483415
209.834,0.48439
209.914,0.483537
209.954,0.483415
210.034,0.48378
210.114,0.484024
210.154,0.483415
210.234,0.48439
210.314,0.484634
210.357,0.484024
210.434,0.483537
210.514,0.48378
210.598,0.484268
210.654,0.484268
210.714,0.482927
210.754,0.483659
210.834,0.484878
210.914,0.485488
210.954,0.486707
211.034,0.486707
211.114,0.485976
211.154,0.484634
211.234,0.485366
211.314,0.48622
211.357,0.486585
211.434,0.486829
211.514,0.487317
211.554,0.487683
211.634,0.491463
211.714,0.491829
211.754,0.492683
211.834,0.497927
211.914,0.499268
211.954,0.500732
212.034,0.502683
212.114,0.506707
212.154,0.507561
212.278,0.510732
212.314,0.51561
212.357,0.518293
212.434,0.520244
212.514,0.525
212.554,0.527683
212.634,0.532927
212.714,0.535854
212.754,0.539634
212.834,0.542805
212.914,0.541707
212.954,0.543415
213.034,0.543537
213.114,0.545976
213.154,0.546463
213.234,0.551098
213.314,0.553293
213.357,0.553293
213.424,0.554512
213.505,0.556463
213.544,0.557317
213.625,0.559024
213.705,0.559146
213.744,0.560732
213.824,0.561951
213.969,0.560854
214.005,0.561463
214.024,0.560976
214.104,0.561829
214.144,0.562317
214.225,0.56061
214.304,0.560122
214.345,0.560854
214.424,0.56378
214.505,0.564512
214.544,0.566707
214.625,0.569756
214.704,0.571829
214.744,0.572073
214.824,0.573293
214.904,0.575
214.945,0.577073
215.024,0.580244
215.104,0.582317
215.144,0.582805
215.225,0.585
215.304,0.586829
215.345,0.587561
215.424,0.588902
215.505,0.590244
215.609,0.588415
215.664,0.588415
215.704,0.588415
215.744,0.587927
215.824,0.589024
215.904,0.58878
215.945,0.590366
216.024,0.590366
216.104,0.591098
216.144,0.591585
216.225,0.591951
216.304,0.592073
216.345,0.591341
216.424,0.591707
216.505,0.591341
216.544,0.590732
216.625,0.591585
216.705,0.592805
216.744,0.593049
216.825,0.591829
216.904,0.592317
216.945,0.591341
217.024,0.591585
217.104,0.593049
217.144,0.594146
217.289,0.593415
217.306,0.59
217.345,0.590488
217.424,0.592073
217.505,0.591341
217.544,0.591463
217.625,0.590122
217.704,0.591098
217.744,0.590732
217.824,0.592439
217.904,0.593537
217.945,0.594024
218.024,0.595122
218.104,0.595
218.144,0.594756
218.225,0.593171
218.304,0.593293
218.345,0.590854
218.424,0.58939
218.505,0.58878
218.544,0.588902
218.625,0.588171
218.704,0.58878
218.744,0.58878
218.824,0.588537
218.969,0.573049
218.986,0.573537
219.024,0.571341
219.104,0.570366
219.144,0.570244
219.225,0.569756
219.304,0.570488
219.345,0.57122
219.424,0.572927
219.504,0.573293
219.544,0.573171
219.625,0.572683
219.704,0.572927
219.744,0.57378
219.824,0.571585
219.904,0.572317
219.945,0.572317
220.024,0.573293
220.104,0.573049
220.144,0.573415
220.225,0.573659
220.304,0.573659
220.345,0.573293
220.424,0.573049
220.505,0.572317
220.589,0.572195
220.625,0.572439
220.704,0.572683
220.744,0.573537
220.824,0.574146
220.904,0.573537
220.944,0.572805
221.024,0.572561
221.104,0.572561
221.144,0.572561
221.224,0.573171
221.305,0.572195
221.345,0.571829
221.424,0.572927
221.505,0.573659
221.544,0.573537
221.625,0.574634
221.704,0.574756
221.744,0.574512
221.824,0.57561
221.904,0.576219
221.945,0.576098
222.024,0.576098
222.104,0.575366
222.144,0.576098
222.29,0.572439
222.307,0.572927
222.345,0.573659
222.444,0.573049
222.505,0.57378
222.544,0.574268
222.625,0.574512
222.704,0.576098
222.744,0.575854
222.824,0.575122
222.904,0.575732
222.945,0.57439
223.024,0.574268
223.104,0.574512
223.144,0.574268
223.225,0.574756
223.304,0.572683
223.344,0.573415
223.424,0.573537
223.504,0.574268
223.544,0.57561
223.625,0.574878
223.704,0.57561
223.744,0.57439
223.824,0.573902
223.97,0.571341
223.987,0.571707
224.024,0.571463
224.104,0.572439
224.144,0.572439
224.225,0.571707
224.304,0.571707
224.345,0.570488
224.424,0.571098
224.505,0.569756
224.544,0.571707
224.625,0.571341
224.704,0.570244
224.744,0.571829
224.824,0.571951
224.904,0.572073
224.944,0.572195
225.024,0.571707
225.104,0.571341
225.144,0.570976
225.224,0.570976
225.304,0.571585
225.345,0.571341
225.424,0.57122
225.505,0.571341
225.589,0.56878
225.645,0.569512
225.704,0.569024
225.744,0.57
225.824,0.57
225.904,0.569634
225.945,0.57061
226.024,0.570976
226.104,0.570732
226.144,0.570976
226.224,0.570488
226.305,0.571098
226.344,0.570732
226.425,0.570976
226.505,0.57
226.544,0.571463
226.624,0.572195
226.704,0.572805
226.744,0.57378
226.824,0.573415
226.904,0.573415
226.945,0.573902
227.024,0.572561
227.104,0.573293
227.144,0.572927
227.29,0.572561
227.325,0.572927
227.364,0.571829
227.434,0.571707
227.514,0.571829
227.554,0.571463
227.634,0.571951
227.714,0.572195
227.754,0.572683
227.834,0.572195
227.914,0.572927
227.955,0.573415
228.034,0.57378
228.114,0.57378
228.154,0.573902
228.234,0.573171
228.314,0.572561
228.354,0.572805
228.434,0.572683
228.514,0.573049
228.554,0.573415
228.634,0.573415
228.714,0.571951
228.754,0.570854
228.834,0.57
228.959,0.555
228.976,0.554756
229.034,0.556098
229.114,0.555244
229.154,0.555732
229.254,0.555732
229.314,0.555854
229.354,0.556951
229.434,0.556707
229.514,0.556585
229.554,0.556341
229.634,0.556951
229.714,0.557561
229.754,0.557927
229.834,0.557317
229.914,0.557439
229.954,0.557561
230.034,0.557439
230.114,0.557439
230.154,0.558171
230.234,0.557561
230.314,0.556951
230.357,0.557317
230.434,0.557439
230.514,0.557439
230.599,0.55122
230.634,0.551098
230.714,0.55
230.754,0.552073
230.834,0.551707
230.914,0.551951
230.954,0.551829
231.034,0.551463
231.114,0.551585
231.154,0.55122
231.234,0.550976
231.314,0.552317
231.357,0.552561
231.434,0.552805
231.514,0.552317
231.554,0.552195
231.634,0.552561
231.714,0.553293
231.754,0.552927
231.834,0.553415
231.914,0.553537
231.954,0.554634
232.034,0.554878
232.114,0.554512
232.154,0.554512
232.279,0.551341
232.314,0.552195
232.354,0.551341
232.434,0.550854
232.514,0.551098
232.554,0.552195
232.634,0.551707
232.714,0.552927
232.754,0.553049
232.834,0.55378
232.914,0.554268
232.955,0.554146
233.034,0.555244
233.114,0.555122
233.154,0.554756
233.234,0.554634
233.314,0.554634
233.356,0.555366
233.434,0.555488
233.514,0.555244
233.554,0.555244
233.634,0.55561
233.714,0.555244
233.754,0.55561
233.834,0.555366
233.959,0.553659
233.976,0.554146
234.034,0.554634
234.114,0.555122
234.154,0.554756
234.234,0.554024
234.314,0.553902
234.357,0.55378
234.434,0.553902
234.514,0.552683
234.554,0.553415
234.634,0.553415
234.714,0.553902
234.754,0.555
234.834,0.555122
234.914,0.554878
234.954,0.554146
235.034,0.553902
235.114,0.553415
235.154,0.554024
235.234,0.554512
235.314,0.554268
235.354,0.55439
235.434,0.554878
235.514,0.555122
235.599,0.554146
235.634,0.554512
235.714,0.554268
235.754,0.555
235.834,0.555854
235.914,0.556707
235.954,0.556951
236.034,0.556341
236.114,0.555854
236.154,0.55561
236.234,0.555732
236.315,0.55561
236.357,0.556341
236.434,0.555732
236.514,0.555488
236.554,0.556463
236.634,0.55622
236.714,0.555976
236.754,0.55561
236.834,0.555854
236.914,0.556707
236.954,0.556463
237.034,0.556707
237.114,0.557073
237.154,0.557317
237.28,0.555244
237.314,0.555366
237.356,0.554878
237.434,0.554146
237.514,0.554634
237.554,0.554268
237.634,0.553659
237.714,0.552683
237.754,0.552927
238.96,0.552561
237.86,0.554146
239.034,0.553415
237.98,0.553049
238.02,0.552561
238.1,0.552195
238.18,0.552317
238.222,0.552683
238.3,0.552683
238.38,0.552805
238.42,0.55439
238.5,0.554146
238.58,0.555488
238.62,0.55561
238.7,0.55561
238.78,0.55622
238.82,0.555122
238.9,0.554634
238.98,0.554756
239.02,0.555244
239.1,0.555
239.18,0.55561
239.222,0.555488
239.3,0.554878
239.38,0.555122
239.465,0.552805
239.5,0.553537
239.58,0.553171
239.62,0.553171
239.7,0.553537
239.78,0.55378
239.82,0.55378
239.9,0.554756
239.98,0.555366
240.02,0.555488
240.1,0.555488
240.18,0.555488
240.22,0.555976
240.291,0.556098
240.37,0.556829
240.41,0.556341
240.49,0.555854
240.57,0.556951
240.61,0.557317
240.69,0.557439
240.77,0.557927
240.81,0.558049
240.89,0.558659
240.97,0.558293
241.01,0.559756
241.136,0.558537
241.171,0.559756
241.21,0.559756
241.29,0.559146
241.37,0.55939
241.41,0.55878
241.49,0.559268
241.57,0.560122
241.61,0.560244
241.69,0.559878
241.77,0.561098
241.811,0.560366
241.89,0.560122
241.97,0.562073
242.01,0.562805
242.091,0.561829
242.17,0.561951
242.21,0.562805
242.29,0.561341
242.37,0.561951
242.41,0.562073
242.49,0.560366
242.57,0.560976
242.61,0.561463
242.69,0.561585
242.817,0.557927
242.85,0.557927
242.89,0.557683
242.97,0.556098
243.01,0.557683
243.09,0.557561
243.17,0.556585
243.21,0.557073
243.29,0.557561
243.37,0.55878
243.41,0.558415
243.491,0.559878
243.57,0.559146
243.61,0.559756
243.69,0.558902
243.771,0.558171
243.811,0.558902
243.89,0.560488
243.97,0.561098
244.01,0.561341
244.09,0.560976
244.17,0.560732
244.211,0.561463
244.29,0.561098
244.37,0.560366
244.456,0.557317
244.49,0.556463
244.57,0.556707
244.61,0.556951
244.69,0.557317
244.77,0.558415
244.81,0.557927
244.89,0.557561
244.97,0.558171
245.01,0.557317
245.09,0.557317
245.171,0.557317
245.211,0.557073
245.29,0.558049
245.37,0.558293
245.41,0.559634
245.49,0.559878
245.57,0.560732
245.61,0.560366
245.69,0.560366
245.77,0.560732
245.81,0.560366
245.89,0.560488
245.97,0.560244
246.01,0.560122
246.137,0.557927
246.17,0.558415
246.21,0.55878
246.29,0.559146
246.37,0.559756
246.41,0.559146
246.49,0.559878
246.59,0.559756
246.61,0.560244
246.69,0.560732
246.77,0.559512
246.811,0.55939
246.89,0.560976
246.97,0.559756
247.01,0.561707
247.09,0.560244
247.17,0.561341
247.21,0.561585
247.29,0.561098
247.37,0.562561
247.41,0.561463
247.49,0.561951
247.57,0.562439
247.61,0.562439
247.69,0.563293
247.797,0.559024
247.814,0.56122
247.89,0.560976
247.97,0.561341
248.01,0.563293
248.09,0.562927
248.17,0.562317
248.211,0.562073
248.29,0.562439
248.37,0.561951
248.41,0.561098
248.49,0.561341
248.57,0.562195
248.61,0.56122
248.69,0.562317
248.77,0.561341
248.81,0.562195
248.89,0.560976
248.97,0.562439
249.01,0.560976
249.09,0.561829
249.17,0.561951
249.21,0.561829
249.29,0.561829
249.37,0.561707
249.457,0.561585
249.49,0.561951
249.57,0.561341
249.61,0.561585
249.69,0.562195
249.77,0.560854
249.81,0.560854
249.89,0.562073
249.97,0.560854
250.01,0.560488
250.09,0.562073
250.171,0.563415
250.21,0.562195
250.29,0.562683
250.37,0.560488
250.41,0.560854
250.49,0.560732
250.57,0.561463
250.61,0.562317
250.69,0.562683
250.77,0.561951
250.81,0.562073
250.89,0.562195
250.97,0.562927
251.01,0.563049
251.136,0.55878
251.17,0.559756
251.21,0.559756
251.29,0.560122
251.37,0.561098
251.41,0.56061
251.49,0.56
251.57,0.559878
251.61,0.559756
251.69,0.562561
251.77,0.564024
251.811,0.564512
251.89,0.566341
251.97,0.568415
252.01,0.56878
252.09,0.571951
252.171,0.573659
252.21,0.57378
252.29,0.57561
252.37,0.577561
252.41,0.580488
252.49,0.581585
252.57,0.582683
252.61,0.584878
252.69,0.589268
252.816,0.588537
252.833,0.587073
252.89,0.588171
252.97,0.591829
253.01,0.591707
253.09,0.594146
253.17,0.595976
253.21,0.59561
253.29,0.596463
253.37,0.599146
253.41,0.600122
253.491,0.60122
253.571,0.602927
253.61,0.60439
253.69,0.603781
253.77,0.60122
253.81,0.602195
253.89,0.600122
253.97,0.60122
254.01,0.599024
254.091,0.599024
254.17,0.597805
254.211,0.597927
254.29,0.597073
254.37,0.595244
254.455,0.573902
254.51,0.574634
254.57,0.575366
254.61,0.576585
254.69,0.576829
254.77,0.577195
254.81,0.576951
254.89,0.578293
254.97,0.578171
255.01,0.578171
255.09,0.578902
255.17,0.579146
255.211,0.579146
255.29,0.58
255.37,0.579756
255.41,0.579756
255.49,0.579756
255.57,0.579146
255.61,0.579634
255.69,0.579878
255.77,0.578659
255.811,0.58
255.89,0.579634
255.97,0.579512
256.011,0.58
256.135,0.576829
256.17,0.576341
256.21,0.576585
256.29,0.576341
256.37,0.575
256.41,0.575
256.49,0.575
256.57,0.574878
256.61,0.575366
256.69,0.575488
256.77,0.575122
256.811,0.57561
256.89,0.575976
256.971,0.576951
257.01,0.575732
257.09,0.576341
257.171,0.577439
257.211,0.576585
257.291,0.576951
257.371,0.576829
257.41,0.576951
257.491,0.577439
257.571,0.577073
257.61,0.576829
257.691,0.576707
257.816,0.57122
257.833,0.571585
257.89,0.572561
257.97,0.572927
258.01,0.571951
258.09,0.572561
258.17,0.572805
258.21,0.571707
258.29,0.571829
258.37,0.569756
258.41,0.570244
258.491,0.56939
258.57,0.570244
258.61,0.572561
258.69,0.571707
258.77,0.572927
258.81,0.572317
258.89,0.571951
258.971,0.571829
259.01,0.570488
259.09,0.568537
259.17,0.56939
259.21,0.569634
259.29,0.571463
259.37,0.571951
259.436,0.569512
259.49,0.57061
259.57,0.57
259.61,0.571585
259.69,0.570244
259.77,0.57061
259.81,0.570244
259.89,0.570732
259.97,0.57378
260.01,0.572805
260.09,0.571951
260.17,0.571341
260.211,0.571951
260.29,0.574024
260.37,0.573537
260.41,0.574268
260.49,0.574268
260.57,0.575366
260.61,0.57378
260.691,0.57439
260.77,0.574024
260.811,0.574512
260.891,0.575244
260.97,0.575122
261.01,0.575122
261.136,0.572073
261.171,0.571585
261.21,0.571585
261.29,0.571951
261.37,0.571951
261.41,0.570854
261.49,0.571341
261.57,0.571098
261.61,0.570122
261.69,0.570488
261.77,0.569268
261.811,0.570488
261.891,0.570976
261.97,0.571707
262.01,0.571951
262.09,0.571463
262.17,0.569634
262.21,0.569512
262.29,0.569756
262.37,0.570122
262.41,0.570488
262.491,0.570854
262.57,0.570976
262.611,0.57061
262.69,0.57
262.797,0.567195
262.814,0.566951
262.89,0.566585
262.97,0.56622
263.01,0.56622
263.09,0.567439
263.17,0.566829
263.21,0.567195
263.29,0.568049
263.37,0.567317
263.41,0.567195
263.491,0.567195
263.57,0.566707
263.61,0.565732
263.691,0.56622
263.77,0.566951
263.81,0.567805
263.89,0.567073
263.97,0.567195
264.01,0.567927
264.09,0.567195
264.17,0.567683
264.21,0.568171
264.29,0.568659
264.37,0.568902
264.455,0.567927
264.49,0.567927
264.57,0.567805
264.61,0.56939
264.69,0.568537
264.77,0.568659
264.81,0.56878
264.89,0.568293
264.97,0.567927
265.01,0.568659
265.09,0.569024
265.171,0.570366
265.211,0.570244
265.29,0.570244
265.37,0.570366
265.41,0.57
265.491,0.571098
265.57,0.571098
265.61,0.571829
265.691,0.570976
265.77,0.570244
265.81,0.570244
265.891,0.569268
265.97,0.56878
266.01,0.569512
266.136,0.565976
266.17,0.566098
266.21,0.565244
266.29,0.565244
266.37,0.564878
266.41,0.56439
266.49,0.565366
266.57,0.566098
266.61,0.567317
266.69,0.566951
266.77,0.566463
266.811,0.566951
266.891,0.565976
266.971,0.566463
267.01,0.567073
267.09,0.566463
267.17,0.566585
267.21,0.566707
267.29,0.567317
267.37,0.566707
267.41,0.566829
267.49,0.566585
267.57,0.566463
267.61,0.566585
267.69,0.566829
267.816,0.566951
267.833,0.566341
267.89,0.567317
267.97,0.566829
268.01,0.567927
268.091,0.567317
268.17,0.567195
268.211,0.567195
268.29,0.566951
268.37,0.567195
268.41,0.568049
268.491,0.568049
268.571,0.56878
268.61,0.569512
268.69,0.569268
268.771,0.568171
268.81,0.567805
268.89,0.567439
268.97,0.567561
269.01,0.567439
269.09,0.567073
269.17,0.566585
269.21,0.566707
269.29,0.566829
269.37,0.566463
269.456,0.56122
269.49,0.56122
269.57,0.562073
269.61,0.562317
269.69,0.562439
269.77,0.564024
269.81,0.56378
269.891,0.563537
269.97,0.563415
270.01,0.563537
270.09,0.564146
270.171,0.564146
270.211,0.564634
270.291,0.565122
270.371,0.566829
270.41,0.566098
270.491,0.566463
270.57,0.565854
270.61,0.566098
270.691,0.566463
270.77,0.566341
270.811,0.56622
270.891,0.566463
270.97,0.56622
271.01,0.566341
277.816,0.564268
277.833,0.563659
271.157,0.56378
271.237,0.562927
271.277,0.563293
271.358,0.564024
271.437,0.563659
271.477,0.565488
271.557,0.564634
271.637,0.565244
271.677,0.564512
271.778,0.56378
271.837,0.564024
271.877,0.564024
271.957,0.564146
272.037,0.563902
272.077,0.564024
272.157,0.56378
272.237,0.564268
272.278,0.564146
272.357,0.564878
272.438,0.564634
272.477,0.564512
272.558,0.564146
272.638,0.564268
272.722,0.563049
272.778,0.562317
272.837,0.562683
272.877,0.563537
272.977,0.564634
273.037,0.565732
273.077,0.565366
273.157,0.56561
273.237,0.564512
273.277,0.565122
273.357,0.56561
273.438,0.565732
273.477,0.565488
273.557,0.566585
273.637,0.565854
273.677,0.565366
273.758,0.56561
273.838,0.565122
273.877,0.565122
273.958,0.564024
274.038,0.565244
274.077,0.564878
274.158,0.56561
274.238,0.565244
274.277,0.565488
274.383,0.563659
274.437,0.565366
274.477,0.564634
274.557,0.564024
274.637,0.564024
274.677,0.564146
274.757,0.56561
274.837,0.566098
274.878,0.565854
274.957,0.56561
275.038,0.565244
275.078,0.566098
275.157,0.56561
275.237,0.565976
275.278,0.565976
275.357,0.566341
275.438,0.567317
275.477,0.566707
275.558,0.568415
275.638,0.570122
275.677,0.569878
275.758,0.570366
275.838,0.571098
275.877,0.570732
275.958,0.572073
276.082,0.567927
276.099,0.568537
276.158,0.569024
276.237,0.571585
276.277,0.570732
276.357,0.572317
276.437,0.573537
276.477,0.57378
276.557,0.575488
276.637,0.574634
276.677,0.574512
276.758,0.57561
276.837,0.577927
276.877,0.578537
276.958,0.572561
277.037,0.578902
277.077,0.575732
277.158,0.575976
277.237,0.574024
277.277,0.576707
277.358,0.580366
277.437,0.573902
277.477,0.573049
277.558,0.580488
277.637,0.576951
277.722,0.571829
277.757,0.573293
277.837,0.578537
277.877,0.58061
277.957,0.58439
278.037,0.583293
278.077,0.578171
278.157,0.589756
278.237,0.58061
278.277,0.58439
278.357,0.584024
278.438,0.586219
278.478,0.580732
278.558,0.58939
278.637,0.586219
278.677,0.588659
278.757,0.585488
278.837,0.584024
278.877,0.583415
278.957,0.58561
279.038,0.577805
279.078,0.579268
279.157,0.573902
279.237,0.578049
279.278,0.571951
279.362,0.571341
279.437,0.561585
279.477,0.564756
279.557,0.559634
279.637,0.557805
279.677,0.562927
279.758,0.566951
279.837,0.559756
279.877,0.567927
279.957,0.558415
280.037,0.55561
280.078,0.556951
280.158,0.560732
280.238,0.553659
280.277,0.556707
280.358,0.557317
280.438,0.550122
280.478,0.55439
280.557,0.546829
280.637,0.540366
280.677,0.538049
280.757,0.533293
280.838,0.538293
280.877,0.533537
280.957,0.530854
281.083,0.521707
281.1,0.522561
281.157,0.515366
281.237,0.507561
281.277,0.510488
281.357,0.497561
281.437,0.50878
281.478,0.495488
281.557,0.50378
281.637,0.49378
281.678,0.495732
281.758,0.492195
281.838,0.504756
281.877,0.489512
281.958,0.491098
282.038,0.485732
282.078,0.490488
282.158,0.488659
282.238,0.495732
282.277,0.498293
282.358,0.504512
282.438,0.505488
282.478,0.513293
282.568,0.518049
282.647,0.526341
282.711,0.530122
282.767,0.539146
282.847,0.539268
282.887,0.546585
282.987,0.55622
283.047,0.556098
283.087,0.56439
283.167,0.567805
283.247,0.573902
283.287,0.577195
283.367,0.597439
283.448,0.593171
283.487,0.602195
283.567,0.598293
283.647,0.606951
283.687,0.603902
283.767,0.606951
283.847,0.614146
283.887,0.623049
283.967,0.619146
284.047,0.621951
284.087,0.624878
284.167,0.623171
284.247,0.614024
284.287,0.620488
284.391,0.62
284.447,0.626463
284.491,0.625
284.567,0.618049
284.647,0.623171
284.687,0.609756
284.767,0.611707
284.847,0.602195
284.887,0.613415
284.967,0.589634
285.047,0.576951
285.088,0.563171
285.168,0.556098
285.248,0.533537
285.288,0.527805
285.367,0.50878
285.448,0.510122
285.491,0.510976
285.568,0.492439
285.647,0.500244
285.687,0.495122
285.767,0.482317
285.848,0.491829
285.887,0.491098
285.968,0.5
286.072,0.508659
286.089,0.502073
286.167,0.51
286.247,0.504024
286.287,0.512439
286.367,0.50622
286.447,0.501951
286.491,0.503293
286.567,0.499756
286.647,0.494512
286.687,0.499756
286.768,0.492927
286.849,0.486829
286.887,0.497195
286.967,0.496341
287.047,0.506341
287.088,0.492195
287.167,0.514024
287.249,0.521951
287.287,0.525732
287.37,0.532805
287.449,0.537561
287.491,0.534878
287.569,0.532073
287.647,0.533781
287.734,0.537317
287.768,0.526707
287.847,0.537073
287.887,0.534512
287.968,0.539878
288.047,0.538293
288.089,0.517927
288.167,0.529268
288.247,0.513293
288.288,0.517683
288.367,0.510244
288.449,0.505976
288.491,0.516463
288.568,0.499878
288.649,0.505366
288.688,0.491951
288.768,0.502439
288.849,0.491463
288.889,0.487927
288.967,0.496098
289.049,0.490854
289.089,0.502805
289.169,0.49939
289.249,0.508415
289.288,0.514024
289.391,0.528293
289.449,0.536951
289.488,0.536951
289.568,0.548049
289.649,0.540366
289.688,0.543659
289.768,0.544756
289.849,0.551463
289.889,0.542073
289.968,0.542195
290.049,0.543049
290.088,0.540244
290.169,0.531707
290.249,0.540122
290.288,0.533902
290.368,0.536951
290.449,0.542073
290.491,0.543902
290.568,0.54
290.649,0.548293
290.688,0.546585
290.768,0.552805
290.849,0.560732
290.889,0.556341
290.968,0.555122
291.092,0.545366
291.109,0.547561
291.169,0.543902
291.249,0.551951
291.288,0.545
291.368,0.544268
291.449,0.531585
291.491,0.538902
291.568,0.531463
291.649,0.529878
291.689,0.52378
291.768,0.514756
291.849,0.507927
291.889,0.504268
291.968,0.490366
292.049,0.474878
292.088,0.479634
292.169,0.460488
292.249,0.454512
292.289,0.454634
292.368,0.438659
292.449,0.431829
292.491,0.438049
292.568,0.436098
292.649,0.41622
292.732,0.43378
292.787,0.423659
292.849,0.408049
292.888,0.404268
292.968,0.39378
293.048,0.380732
293.088,0.389634
293.169,0.393171
293.249,0.377927
293.288,0.385366
293.368,0.390244
293.449,0.38
293.491,0.384634
293.568,0.387927
293.649,0.393171
293.688,0.401829
293.77,0.414024
293.849,0.425976
293.889,0.430488
293.968,0.442195
294.049,0.452927
294.088,0.462561
294.169,0.470976
294.25,0.471585
294.288,0.482195
294.372,0.478293
294.449,0.476951
294.492,0.481341
294.568,0.482683
294.649,0.480732
294.688,0.494512
294.768,0.506585
294.849,0.518902
294.889,0.526585
294.968,0.527439
295.049,0.532927
295.088,0.525854
295.169,0.536829
295.249,0.555244
295.288,0.545488
295.368,0.564634
295.449,0.564634
295.491,0.566951
295.568,0.580854
295.649,0.587805
295.688,0.585732
295.769,0.584268
295.849,0.606951
295.889,0.597683
295.969,0.598049
296.092,0.614146
296.109,0.633415
296.169,0.63061
296.249,0.646951
296.288,0.654756
296.368,0.652195
296.449,0.651585
296.491,0.650488
296.568,0.651341
296.649,0.665
296.689,0.668171
296.769,0.676829
296.849,0.687195
296.889,0.674146
296.969,0.668293
297.049,0.658902
297.088,0.668293
297.169,0.661585
297.249,0.650854
297.288,0.627561
297.368,0.612195
297.449,0.613049
297.491,0.616098
297.568,0.603537
297.649,0.593171
297.711,0.597805
297.768,0.595
297.849,0.592439
297.889,0.589512
297.968,0.602195
298.049,0.596463
298.088,0.608415
298.169,0.618415
298.249,0.619146
298.288,0.642561
298.369,0.636463
298.449,0.63439
298.491,0.632073
298.568,0.639878
298.649,0.618659
298.689,0.625976
298.768,0.623537
298.849,0.604878
298.889,0.602561
298.968,0.598902
299.049,0.598049
299.089,0.593049
299.169,0.59622
299.249,0.595
299.288,0.601951
299.412,0.616951
299.449,0.621707
299.491,0.620122
299.568,0.611098
299.649,0.600366
299.688,0.601341
299.768,0.602073
299.849,0.601829
299.889,0.597317
299.969,0.588537
300.049,0.572927
300.089,0.572317
300.17,0.553171
300.249,0.534024
300.288,0.526829
300.368,0.513293
300.449,0.495488
300.491,0.488902
300.568,0.470122
300.649,0.443537
300.689,0.440488
300.768,0.424268
300.849,0.43378
300.889,0.437439
300.969,0.445854
301.071,0.449756
301.088,0.458171
301.17,0.478537
301.249,0.494146
301.288,0.49439
301.368,0.50439
301.449,0.526707
301.492,0.526829
301.568,0.54561
301.649,0.55
301.688,0.553902
301.768,0.553902
301.849,0.555488
301.889,0.556463
301.968,0.544024
302.049,0.545488
302.088,0.552195
302.169,0.543293
302.249,0.542805
302.288,0.548293
302.368,0.539512
302.428,0.542073
302.491,0.543781
302.568,0.537561
302.649,0.535366
302.692,0.524146
302.768,0.524146
302.849,0.517561
302.889,0.519024
302.968,0.516951
303.049,0.525854
303.088,0.519268
303.169,0.517073
303.228,0.520488
303.288,0.524512
303.368,0.52939
303.449,0.546341
303.491,0.553415
303.568,0.57061
303.629,0.577317
303.688,0.582927
303.768,0.592927
303.828,0.602561
303.889,0.60939
303.948,0.619512
304.028,0.638902
304.088,0.65
304.148,0.663659
304.228,0.682195
304.288,0.686341
304.372,0.702439
304.428,0.716341
304.468,0.729756
304.548,0.740854
304.628,0.741341
304.668,0.733537
304.748,0.740976
304.828,0.741585
304.868,0.742927
304.948,0.737195
305.028,0.726707
305.068,0.735244
305.148,0.73622
305.228,0.744268
305.268,0.750976
305.348,0.75878
305.428,0.770854
305.468,0.761098
305.548,0.770366
305.628,0.765732
305.668,0.75939
305.748,0.75439
305.828,0.744634
305.868,0.742073
305.948,0.734512
306.092,0.707073
306.109,0.709512
306.148,0.695732
306.228,0.687439
306.267,0.692561
306.348,0.679512
306.428,0.689512
306.468,0.676707
306.548,0.671951
306.628,0.653415
306.668,0.652561
306.748,0.638537
306.828,0.64
306.868,0.635244
306.948,0.626463
307.028,0.608659
307.068,0.608537
307.148,0.596585
307.228,0.578171
307.267,0.557805
307.348,0.550366
307.428,0.535976
307.468,0.523171
307.548,0.512561
307.628,0.517073
307.692,0.509756
307.748,0.489024
307.828,0.488293
307.867,0.472317
307.948,0.465122
308.028,0.473659
308.068,0.468415
308.148,0.463415
308.228,0.48378
308.268,0.481951
308.348,0.497561
308.428,0.515244
308.468,0.51122
308.548,0.514878
308.628,0.517805
308.668,0.518049
308.748,0.512439
308.848,0.506341
308.868,0.511707
308.948,0.497561
309.028,0.499512
309.068,0.497927
309.148,0.499634
309.228,0.515732
309.268,0.522439
309.412,0.540732
309.429,0.531463
309.468,0.525244
309.548,0.528171
309.628,0.525854
309.667,0.523659
309.748,0.535732
309.828,0.520854
309.867,0.514512
309.947,0.516585
310.028,0.498659
310.068,0.484512
310.148,0.476341
310.228,0.454634
310.267,0.448902
310.348,0.437561
310.427,0.426341
310.468,0.419756
310.557,0.408415
310.637,0.401829
310.677,0.410488
310.757,0.406829
310.837,0.400244
310.877,0.400244
310.957,0.392683
311.061,0.37561
311.078,0.373415
311.157,0.361585
311.237,0.349634
311.277,0.334878
311.357,0.329634
311.437,0.320488
311.477,0.303659
311.557,0.297683
311.637,0.271951
311.738,0.284268
311.818,0.266951
311.898,0.265854
311.938,0.265854
312.018,0.277683
312.098,0.285
312.138,0.287317
312.218,0.300488
312.298,0.303415
312.337,0.311463
312.418,0.312439
312.498,0.314146
312.538,0.325488
312.617,0.315366
312.698,0.310366
312.78,0.308902
312.817,0.293902
312.897,0.293415
312.937,0.298049
313.017,0.292561
313.097,0.301707
313.137,0.298415
313.217,0.296951
313.297,0.304634
313.337,0.304024
313.417,0.314268
313.498,0.313049
313.537,0.31622
313.617,0.317317
313.697,0.324024
313.737,0.330122
313.817,0.336098
313.898,0.344512
313.937,0.344024
314.017,0.347561
314.098,0.37439
314.138,0.374756
314.217,0.391585
314.298,0.395976
314.337,0.396098
314.421,0.403171
314.497,0.408902
314.537,0.412317
314.618,0.415122
314.697,0.425366
314.737,0.433902
314.817,0.440488
314.897,0.44
314.937,0.44561
315.017,0.43378
315.097,0.430122
315.138,0.43122
315.217,0.421585
315.297,0.414634
315.337,0.414268
315.417,0.419634
315.497,0.410732
315.538,0.403537
315.617,0.40378
315.698,0.406341
315.737,0.404756
315.818,0.407683
315.897,0.404268
315.937,0.39939
316.017,0.397561
316.122,0.402073
316.139,0.39939
316.217,0.41122
316.297,0.404146
316.337,0.393293
316.418,0.39939
316.498,0.388415
316.538,0.391829
316.617,0.380366
316.698,0.361951
316.737,0.369634
316.818,0.355366
316.897,0.342195
316.937,0.334268
317.017,0.326341
317.118,0.304268
317.138,0.302805
317.218,0.292805
317.297,0.274634
317.337,0.271463
317.417,0.265244
317.498,0.255
317.538,0.256098
317.617,0.239268
317.697,0.24378
317.781,0.249268
317.817,0.248537
317.897,0.245488
317.937,0.235732
318.017,0.220366
318.097,0.204268
318.137,0.195976
318.217,0.185366
318.297,0.167683
318.337,0.173049
318.417,0.152927
318.518,0.14561
318.538,0.134634
318.617,0.12561
318.698,0.110854
318.737,0.0971951
318.818,0.0786585
318.897,0.0517073
318.938,0.0529268
319.018,0.0304878
319.098,0.0173171
319.138,0.0260976
319.217,0.0221951
319.297,0.0154878
319.337,0.0135366
319.461,0.0178049
319.517,0.0187805
319.537,0.0212195
319.617,0.0242683
319.697,0.0269512
319.737,0.032439
319.817,0.0408537
319.897,0.0436585
319.937,0.0410976
320.017,0.0380488
320.097,0.0395122
320.138,0.0389024
320.217,0.0381707
320.298,0.0378049
320.338,0.0370732
320.418,0.0357317
320.498,0.0368293
320.538,0.0369512
320.617,0.0390244
320.698,0.0412195
320.737,0.0421951
320.817,0.0419512
320.897,0.0415854
320.937,0.042439
321.017,0.0419512
321.142,0.0541463
321.159,0.0564634
321.217,0.0554878
321.297,0.0554878
321.338,0.055122
321.417,0.0543902
321.497,0.0556098
321.537,0.0546341
321.617,0.0557317
321.697,0.0552439
321.737,0.0547561
321.818,0.055
321.898,0.0535366
321.937,0.0535366
326.135,0.0535366
322.041,0.0526829
326.207,0.052439
322.162,0.0536585
322.201,0.0535366
322.281,0.0541463
322.361,0.0529268
322.402,0.052439
322.481,0.0532927
322.562,0.054878
322.601,0.0541463
322.682,0.0554878
322.762,0.0564634
322.802,0.0565854
322.882,0.0559756
322.962,0.0547561
323.002,0.0547561
323.082,0.0554878
323.162,0.0554878
323.202,0.0557317
323.281,0.0567073
323.362,0.057439
323.401,0.0573171
323.481,0.0581707
323.562,0.057561
323.648,0.0543902
323.682,0.0541463
323.761,0.0541463
323.801,0.0545122
323.881,0.0543902
323.961,0.0545122
324.001,0.0542683
324.081,0.0539024
324.162,0.0534146
324.202,0.0539024
324.282,0.0537805
324.362,0.0546341
324.402,0.0541463
324.482,0.054878
324.562,0.0546341
324.602,0.0554878
324.682,0.0540244
324.762,0.0536585
324.801,0.0556098
324.881,0.0563415
324.962,0.0557317
325.001,0.0558537
325.082,0.0559756
325.162,0.0559756
325.201,0.0568293
325.328,0.0540244
325.362,0.055122
325.401,0.0554878
325.481,0.0556098
325.561,0.055122
325.601,0.0552439
325.681,0.0554878
325.761,0.0552439
325.801,0.0552439
325.881,0.0554878
325.962,0.055
326.002,0.054878
326.082,0.0553659
326.162,0.0560976
326.202,0.0563415
326.282,0.0560976
326.362,0.0568293
326.402,0.0569512
326.482,0.0563415
326.562,0.0564634
326.602,0.0564634
326.682,0.0565854
326.762,0.0563415
326.801,0.0564634
326.882,0.0568293
327.008,0.0576829
327.025,0.0564634
327.081,0.0558537
327.162,0.0560976
327.201,0.0557317
327.281,0.0556098
327.361,0.0564634
327.401,0.0631707
327.481,0.0862195
327.562,0.110244
327.601,0.11878
327.682,0.12439
327.762,0.131098
327.802,0.131098
327.882,0.136829
327.962,0.140488
328.002,0.140976
328.082,0.157317
328.162,0.184634
328.202,0.200488
328.282,0.224512
328.362,0.255854
328.402,0.260366
328.482,0.265854
328.562,0.270244
328.647,0.262317
328.682,0.26
328.762,0.254756
328.802,0.252561
328.882,0.250366
328.962,0.234756
329.002,0.238415
329.082,0.244268
329.162,0.24122
329.201,0.239878
329.281,0.239634
329.362,0.24622
329.402,0.244756
329.481,0.238537
329.562,0.244512
329.601,0.244756
329.681,0.229878
329.761,0.215976
329.801,0.216463
329.881,0.204512
329.961,0.196585
330.001,0.19378
330.081,0.189634
330.162,0.188902
330.201,0.187073
330.308,0.182561
330.362,0.193537
330.402,0.188659
330.482,0.187805
330.562,0.179024
330.602,0.170366
330.682,0.159024
330.762,0.165
330.802,0.168293
330.882,0.178902
330.961,0.183049
331.002,0.185488
331.082,0.187317
331.162,0.190122
331.202,0.198415
331.282,0.199146
331.362,0.196707
331.402,0.191951
331.482,0.190732
331.562,0.182683
331.601,0.182317
331.682,0.195854
331.762,0.209756
331.802,0.217195
331.882,0.240854
332.007,0.249146
332.024,0.240122
332.081,0.245976
332.161,0.238293
332.201,0.242195
332.281,0.226951
332.361,0.238049
332.401,0.22378
332.481,0.231098
332.561,0.237927
332.601,0.222073
332.682,0.231951
332.762,0.237317
332.801,0.23561
332.882,0.230122
332.962,0.235366
333.002,0.238659
333.082,0.23439
333.162,0.226341
333.202,0.225244
333.282,0.216341
333.362,0.21878
333.402,0.225
333.482,0.210488
333.562,0.206463
333.647,0.197195
333.682,0.183415
333.761,0.158537
333.801,0.147561
333.882,0.13
333.962,0.103902
334.001,0.0995122
334.081,0.0815854
334.162,0.0662195
334.201,0.0632927
334.281,0.0580488
334.362,0.0503659
334.402,0.0462195
334.482,0.039878
334.562,0.0354878
334.602,0.0285366
334.682,0.0279268
334.762,0.0278049
334.802,0.0267073
334.882,0.0282927
334.962,0.0291463
335.002,0.0303659
335.082,0.0385366
335.162,0.0414634
335.202,0.0439024
335.327,0.0471951
335.362,0.0467073
335.401,0.0464634
335.482,0.0480488
335.562,0.0495122
335.602,0.0479268
335.682,0.0486585
335.762,0.0491463
335.801,0.0520732
335.882,0.049878
335.962,0.0485366
336.002,0.0486585
336.082,0.0485366
336.162,0.0497561
336.202,0.0489024
336.282,0.0556098
336.362,0.06
336.402,0.0646341
336.482,0.0680488
336.562,0.0703659
336.602,0.0720732
336.682,0.0797561
336.762,0.082439
336.801,0.0845122
336.882,0.0882927
337.006,0.0806098
337.042,0.0835366
337.082,0.0864634
337.162,0.0923171
337.202,0.0862195
337.282,0.0812195
337.362,0.0860976
337.402,0.0895122
337.482,0.103049
337.562,0.119024
337.601,0.125244
337.682,0.130854
337.762,0.141463
337.801,0.148293
337.882,0.154756
337.962,0.159512
338.002,0.160854
338.081,0.173537
338.162,0.178659
338.201,0.177317
338.281,0.177683
338.361,0.175122
338.402,0.175488
338.482,0.168049
338.561,0.164024
338.605,0.161098
338.681,0.155
338.761,0.153537
338.801,0.151707
338.882,0.149756
338.962,0.153049
339.002,0.164146
339.082,0.162683
339.162,0.160976
339.202,0.154756
339.282,0.147073
339.362,0.144756
339.402,0.139024
339.482,0.125732
339.562,0.126463
339.602,0.135366
339.682,0.138537
339.762,0.137561
339.801,0.145122
339.881,0.156098
339.961,0.158171
340.002,0.161707
340.082,0.171707
340.162,0.171951
340.202,0.173659
340.326,0.167805
340.362,0.158171
340.401,0.153902
340.482,0.141341
340.561,0.118049
340.601,0.108171
340.682,0.0845122
340.762,0.0765854
340.801,0.0717073
340.881,0.0510976
340.961,0.0378049
341.002,0.0286585
341.082,0.0208537
341.162,0.0207317
341.202,0.0210976
341.282,0.0210976
341.362,0.0220732
341.401,0.0234146
341.482,0.0242683
341.562,0.0254878
341.602,0.0254878
341.682,0.0269512
341.762,0.0337805
341.802,0.0385366
341.882,0.0462195
342.006,0.070122
342.023,0.0719512
342.082,0.0713415
342.162,0.0717073
342.202,0.0726829
342.282,0.0728049
342.382,0.0742683
342.401,0.0743902
342.482,0.0729268
342.561,0.0740244
342.601,0.0739024
342.682,0.0737805
342.762,0.0734146
342.801,0.0731707
342.881,0.0730488
342.961,0.0740244
343.001,0.0735366
343.081,0.0745122
343.162,0.0745122
343.202,0.0741463
343.282,0.0729268
343.362,0.0743902
343.402,0.0746341
343.482,0.0746341
343.562,0.0747561
343.646,0.0767073
343.682,0.0736585
343.762,0.0712195
343.801,0.0726829
343.901,0.0730488
343.961,0.0720732
344.001,0.0721951
344.082,0.0723171
344.162,0.0730488
344.201,0.0731707
344.281,0.0734146
344.362,0.0730488
344.402,0.0732927
344.482,0.0739024
344.562,0.0742683
344.602,0.0739024
344.682,0.0746341
344.761,0.0745122
344.802,0.0747561
344.882,0.0743902
344.961,0.0740244
345.001,0.0740244
345.082,0.0735366
345.162,0.0737805
345.202,0.0741463
345.327,0.0743902
345.361,0.075
345.402,0.0754878
345.481,0.0747561
345.562,0.0754878
345.601,0.075
345.682,0.075122
345.762,0.075122
345.802,0.0760976
345.882,0.0756098
345.962,0.0754878
352.008,0.0678049
346.052,0.0667073
352.082,0.0667073
346.189,0.067561
346.229,0.0654878
346.308,0.0659756
346.389,0.0669512
346.429,0.0682927
346.509,0.0680488
346.589,0.0679268
346.628,0.0678049
346.709,0.067561
346.789,0.0678049
346.829,0.0670732
346.908,0.0682927
346.989,0.0685366
347.029,0.070122
347.109,0.0686585
347.189,0.0687805
347.229,0.0686585
347.309,0.0686585
347.388,0.0687805
347.429,0.0686585
347.508,0.0692683
347.589,0.0692683
347.674,0.0730488
347.709,0.0732927
347.789,0.0721951
347.829,0.0709756
347.908,0.0693902
347.988,0.0691463
348.028,0.0685366
348.108,0.0685366
348.189,0.0687805
348.228,0.0693902
348.308,0.0689024
348.389,0.0680488
348.429,0.067561
348.509,0.0671951
348.589,0.0665854
348.628,0.0664634
348.709,0.0671951
348.789,0.0673171
348.828,0.0673171
348.909,0.0676829
348.989,0.067561
349.028,0.0678049
349.108,0.0682927
349.189,0.0693902
349.228,0.0693902
349.355,0.0690244
349.389,0.069878
349.429,0.0689024
349.508,0.0707317
349.589,0.0710976
349.628,0.0717073
349.709,0.0693902
349.788,0.0707317
349.829,0.0706098
349.909,0.0695122
349.989,0.0703659
350.029,0.0713415
350.109,0.0852439
350.189,0.10622
350.229,0.116463
350.309,0.138902
350.389,0.159512
350.429,0.168902
350.509,0.177927
350.589,0.181707
350.629,0.185122
350.709,0.187561
350.789,0.192317
350.829,0.188293
350.909,0.184268
351.034,0.155366
351.051,0.155
351.109,0.156707
351.189,0.154634
351.229,0.15622
351.309,0.153659
351.389,0.151463
351.429,0.154268
351.509,0.154878
351.589,0.154146
351.628,0.159268
351.709,0.158659
351.789,0.158902
351.829,0.160244
351.909,0.161341
351.989,0.161829
352.029,0.160976
352.109,0.162317
352.189,0.17122
352.229,0.17939
352.309,0.195854
352.389,0.211463
352.429,0.216707
352.509,0.229512
352.589,0.236829
352.672,0.233293
352.709,0.237439
352.789,0.238049
352.829,0.239634
352.909,0.242683
352.989,0.236951
353.029,0.239878
353.109,0.241707
353.189,0.240488
353.229,0.236951
353.309,0.234634
353.389,0.237073
353.429,0.238537
353.509,0.23622
353.589,0.240976
353.629,0.241585
353.709,0.243049
353.789,0.247317
353.828,0.245854
353.909,0.241829
353.989,0.243902
354.029,0.245122
354.109,0.24122
354.189,0.248659
354.228,0.247683
354.332,0.254634
354.389,0.255854
354.428,0.255244
354.509,0.251951
354.589,0.253902
354.628,0.253659
354.709,0.25061
354.789,0.25439
354.828,0.257561
354.909,0.269146
354.989,0.281951
355.029,0.290366
355.109,0.303293
355.189,0.313415
355.229,0.314146
355.309,0.314878
355.389,0.313049
355.429,0.316463
355.509,0.313902
355.589,0.313415
355.629,0.316707
355.709,0.315488
355.789,0.319146
355.829,0.31561
355.909,0.319634
355.993,0.323171
356.028,0.320366
356.109,0.320244
356.189,0.319634
356.228,0.318902
356.309,0.33
356.389,0.334268
356.429,0.337317
356.509,0.354268
356.589,0.364756
356.629,0.373902
356.709,0.377439
356.789,0.394268
356.829,0.390122
356.909,0.400732
356.989,0.402073
357.029,0.399268
357.109,0.409146
357.189,0.415
357.229,0.415366
357.309,0.417195
357.389,0.412439
357.429,0.414512
357.509,0.417317
357.589,0.41939
357.652,0.433049
357.709,0.437195
357.788,0.43378
357.829,0.437805
357.909,0.435854
357.989,0.435732
358.029,0.437683
358.109,0.438415
358.189,0.440122
358.229,0.438659
358.309,0.438902
358.389,0.434634
358.428,0.439268
358.509,0.43378
358.589,0.438049
358.629,0.441463
358.709,0.450976
358.789,0.461098
358.829,0.47378
358.909,0.47939
358.989,0.495976
359.029,0.50061
359.109,0.507805
359.189,0.522073
359.229,0.524634
359.332,0.534634
359.389,0.533049
359.429,0.536707
359.509,0.537073
359.589,0.536707
359.629,0.537927
359.709,0.53622
359.789,0.534268
359.828,0.539268
359.909,0.536829
359.988,0.542317
360.029,0.54061
360.109,0.546707
360.189,0.541951
360.228,0.539146
360.309,0.542683
360.389,0.543781
360.429,0.54561
360.509,0.550366
360.589,0.553537
360.629,0.550244
360.709,0.564024
360.789,0.577561
360.829,0.583659
360.909,0.595366
361.013,0.613659
361.03,0.61561
361.109,0.620488
361.189,0.622683
361.229,0.625488
361.309,0.627805
361.389,0.631463
361.429,0.632683
361.509,0.632927
361.589,0.637927
361.629,0.640122
361.709,0.641829
361.789,0.654634
361.829,0.659146
361.909,0.661707
361.989,0.674756
362.029,0.675366
362.109,0.68439
362.189,0.690732
362.229,0.690976
362.309,0.696341
362.389,0.702073
362.429,0.702195
362.509,0.713415
362.589,0.713415
362.672,0.719024
362.709,0.721341
362.789,0.716707
362.829,0.72
362.909,0.710488
362.989,0.714878
363.029,0.706341
363.109,0.702805
363.189,0.700732
363.228,0.700122
363.309,0.694756
363.389,0.694024
363.429,0.695122
363.509,0.692683
363.589,0.688537
363.629,0.68622
363.709,0.683902
363.789,0.681341
363.829,0.671463
363.909,0.667805
363.989,0.663537
364.029,0.65939
364.109,0.653293
364.189,0.650976
364.229,0.648293
364.312,0.626707
364.389,0.622683
364.429,0.621341
364.504,0.618049
364.584,0.611707
364.623,0.608049
364.704,0.607195
364.784,0.608659
364.824,0.611098
364.904,0.619512
364.984,0.61878
365.024,0.621707
365.104,0.626585
365.184,0.635
365.224,0.634512
365.304,0.640244
365.384,0.649268
365.424,0.65
365.504,0.65378
365.584,0.659634
365.624,0.661098
365.704,0.662317
365.784,0.666585
365.824,0.667927
365.904,0.669878
366.027,0.671098
366.064,0.673415
366.104,0.681341
366.184,0.68378
366.224,0.684634
366.304,0.68439
366.384,0.681951
366.424,0.68061
366.524,0.682561
366.584,0.681951
366.624,0.68122
366.704,0.681951
366.784,0.683537
366.824,0.68061
366.904,0.680976
366.984,0.67939
367.024,0.679024
367.104,0.67622
367.184,0.673902
367.224,0.672073
367.304,0.673415
367.384,0.675122
367.424,0.676829
367.504,0.680854
367.584,0.690244
367.667,0.677683
367.704,0.686463
367.784,0.693902
367.824,0.699756
367.904,0.706829
367.984,0.714634
368.024,0.719878
368.104,0.723902
368.184,0.722683
368.224,0.724756
368.304,0.728049
368.384,0.728781
368.424,0.731463
368.504,0.728781
368.584,0.728902
368.624,0.725244
368.704,0.728293
368.784,0.727195
368.823,0.730122
368.904,0.732683
368.984,0.732805
369.024,0.731463
369.104,0.732561
369.184,0.732683
369.223,0.73122
369.327,0.717805
369.384,0.719268
369.423,0.719878
369.504,0.72122
369.584,0.720488
369.624,0.723049
369.704,0.724756
369.784,0.730854
369.824,0.732927
369.904,0.736341
369.984,0.745488
370.024,0.747073
370.104,0.750488
370.184,0.757195
370.224,0.76
370.304,0.764268
370.384,0.772561
370.424,0.778537
370.504,0.790122
370.584,0.802195
370.624,0.805
370.704,0.81439
370.784,0.824634
370.824,0.831341
370.904,0.84061
371.027,0.844634
371.044,0.849024
371.104,0.852073
371.184,0.856951
371.224,0.862073
371.304,0.862683
371.384,0.86378
371.424,0.864634
371.504,0.864024
371.584,0.866341
371.624,0.862561
371.704,0.865366
371.784,0.861341
371.824,0.862439
371.904,0.860854
371.984,0.859024
372.024,0.86061
372.104,0.851829
372.184,0.849268
372.224,0.84622
372.304,0.843415
372.384,0.842439
372.424,0.839024
372.504,0.840366
372.584,0.83878
372.627,0.82
372.704,0.817317
372.784,0.816098
372.824,0.817439
372.904,0.815
372.984,0.815244
373.024,0.813049
373.104,0.809146
373.184,0.81061
373.224,0.803659
373.304,0.808293
373.384,0.812561
373.424,0.81561
373.504,0.819878
373.584,0.823902
373.624,0.827195
373.704,0.831585
373.784,0.837561
373.824,0.841707
373.904,0.844756
373.984,0.846707
374.024,0.848902
374.104,0.847805
374.184,0.847439
374.224,0.846707
374.347,0.840732
374.384,0.841707
374.424,0.842439
374.504,0.842561
374.584,0.839512
374.624,0.838902
374.704,0.839024
374.784,0.838902
374.824,0.840122
374.904,0.840854
374.984,0.840854
375.024,0.841707
375.104,0.840976
375.184,0.844268
375.224,0.845488
375.304,0.846829
375.384,0.845366
375.424,0.845976
375.504,0.848659
375.584,0.84939
375.624,0.848902
375.704,0.851098
375.784,0.851463
375.824,0.849146
375.904,0.848171
375.988,0.816463
376.024,0.817073
376.104,0.818415
376.184,0.818659
376.224,0.820976
376.304,0.819756
376.384,0.819634
376.424,0.819268
376.504,0.819146
376.584,0.82
376.624,0.819512
376.704,0.822073
376.784,0.82378
376.824,0.823415
376.904,0.825366
376.984,0.824512
377.024,0.825366
377.104,0.826219
377.184,0.828171
377.224,0.830244
377.304,0.83
377.384,0.82878
377.424,0.83
377.504,0.830488
377.584,0.833293
377.668,0.825976
377.704,0.826341
377.784,0.827073
377.824,0.827439
377.904,0.828902
377.984,0.831951
378.024,0.833049
378.104,0.835244
378.184,0.836707
378.224,0.836829
378.304,0.837927
378.384,0.837317
378.424,0.837805
378.504,0.841463
378.584,0.842927
378.624,0.847317
378.704,0.844878
378.784,0.849146
378.824,0.851951
378.904,0.852805
378.984,0.857195
379.024,0.858171
379.104,0.858902
379.184,0.85622
379.224,0.858781
379.347,0.849878
379.384,0.851829
379.424,0.849634
379.504,0.849756
379.584,0.85061
379.624,0.848171
379.704,0.846463
379.784,0.846341
379.824,0.845732
379.904,0.844268
379.984,0.843781
380.024,0.843415
380.104,0.843171
380.184,0.841951
380.224,0.842317
380.304,0.838415
380.384,0.83378
380.424,0.830366
380.504,0.831951
380.584,0.830488
380.624,0.827561
380.704,0.826829
380.784,0.826098
380.824,0.825244
380.904,0.82378
381.008,0.795366
381.025,0.795
381.104,0.795366
381.184,0.794878
381.223,0.794756
381.304,0.793537
381.384,0.793049
381.423,0.792683
381.497,0.794268
381.577,0.793902
381.616,0.793415
381.697,0.793171
381.777,0.793171
381.817,0.792683
381.897,0.792927
381.977,0.792805
382.017,0.793537
382.097,0.79439
