0.119987,0.121881
0.1,0.126904
0.119987,0.134633
0.2,0.152844
0.280013,0.169885
0.319987,0.177683
0.4,0.186009
0.480013,0.191032
0.519987,0.192408
0.6,0.196078
0.680013,0.199794
0.719987,0.201353
0.8,0.204794
0.880013,0.20711
0.919987,0.207775
1,0.210161
1.08001,0.213119
1.11999,0.213761
1.2,0.216445
1.30404,0.219564
1.32103,0.220573
1.4,0.22156
1.48001,0.225046
1.54004,0.224472
1.6,0.225688
1.68001,0.227638
1.71999,0.228005
1.8,0.229289
1.88001,0.230573
1.91999,0.229266
2,0.227982
2.08001,0.227041
2.11999,0.228096
2.2,0.228922
2.28001,0.230229
2.31999,0.230596
2.4,0.229817
2.48001,0.230436
2.51999,0.230665
2.6,0.231697
2.68001,0.232018
2.71999,0.232317
2.8,0.232156
2.88001,0.233463
2.964,0.237546
3,0.238349
3.08001,0.23828
3.11999,0.237271
3.2,0.236674
3.28001,0.236651
3.31999,0.237798
3.4,0.237454
3.48001,0.238761
3.51999,0.239243
3.6,0.238968
3.68001,0.23961
3.71999,0.239427
3.8,0.239794
3.88001,0.239977
3.91999,0.239037
4,0.23578
4.08001,0.238693
4.11999,0.238165
4.2,0.237752
4.28001,0.237087
4.31999,0.23695
4.4,0.237408
4.48001,0.237706
4.51999,0.238647
4.64401,0.239633
4.68001,0.239702
4.71999,0.239427
4.8,0.240206
4.88001,0.242133
4.91999,0.242317
5,0.243165
5.08001,0.244541
5.11999,0.245206
5.2,0.250206
5.28001,0.253578
5.31999,0.252546
5.4,0.251628
5.48001,0.259197
5.51999,0.265023
5.6,0.277638
5.68001,0.288693
5.71999,0.295069
5.8,0.304564
5.88001,0.308211
5.91999,0.309564
6,0.30828
6.08001,0.308945
6.11999,0.309083
6.21999,0.310459
6.32298,0.309748
6.34004,0.309794
6.4,0.309037
6.48001,0.309725
6.51999,0.309564
6.6,0.309794
6.68001,0.309931
6.71999,0.310573
6.8,0.310872
6.88001,0.310115
6.91999,0.310367
7,0.312638
7.08001,0.321651
7.11999,0.327569
7.2,0.336491
7.28001,0.34805
7.31999,0.353073
7.4,0.362362
7.48001,0.367752
7.51999,0.369541
7.6,0.370803
7.68001,0.373647
7.71999,0.374266
7.8,0.376078
7.88001,0.376537
7.92298,0.383693
8,0.386468
8.08001,0.384748
8.11999,0.385734
8.2,0.386789
8.28001,0.385573
8.31999,0.385642
8.4,0.388028
8.48001,0.390573
8.51999,0.392317
8.6,0.395229
8.68001,0.396995
8.71999,0.398509
8.8,0.399495
8.88001,0.401972
8.91999,0.40211
9,0.4025
9.08001,0.404954
9.11999,0.404702
9.2,0.407729
9.28001,0.409106
9.31999,0.408739
9.4,0.408234
9.48001,0.409518
9.51999,0.409748
9.64303,0.400115
9.68001,0.399954
9.71999,0.400275
9.8,0.400963
9.88001,0.400069
9.91999,0.398555
10,0.399037
10.08,0.399839
10.12,0.401284
10.2,0.399725
10.28,0.401743
10.32,0.401583
10.4,0.400298
10.48,0.401193
10.52,0.39961
10.6,0.399266
10.68,0.39805
10.72,0.397523
10.8,0.396032
10.88,0.394771
10.92,0.393784
11,0.394404
11.08,0.393739
11.12,0.392477
11.2,0.392133
11.323,0.397936
11.34,0.399037
11.4,0.397454
11.48,0.397477
11.52,0.397729
11.6,0.39578
11.68,0.394128
11.72,0.393463
11.8,0.392408
11.88,0.393647
11.92,0.392294
12,0.390069
12.08,0.389243
12.12,0.388463
12.2,0.385986
12.28,0.384702
12.32,0.382064
12.4,0.378968
12.48,0.377248
12.52,0.375505
12.6,0.374151
12.68,0.373005
12.72,0.37117
12.8,0.370642
12.88,0.370986
12.963,0.361583
13,0.361835
13.08,0.36133
13.12,0.360734
13.2,0.360413
13.28,0.361239
13.32,0.36133
13.4,0.361605
13.48,0.361445
13.52,0.361628
13.6,0.361468
13.68,0.360734
13.72,0.359931
13.8,0.360321
13.88,0.36055
13.92,0.360688
14,0.360344
14.08,0.360596
14.12,0.360665
14.2,0.359977
14.28,0.358991
14.32,0.35922
14.4,0.359243
14.48,0.359243
14.52,0.358876
14.643,0.356789
14.68,0.359243
14.72,0.359014
14.8,0.35867
14.88,0.358417
14.92,0.358761
15,0.358257
15.08,0.358096
15.12,0.358211
15.2,0.358326
15.28,0.359083
15.32,0.359817
15.4,0.359404
15.48,0.359472
15.52,0.36
15.6,0.360849
15.68,0.362087
15.72,0.362362
15.8,0.362477
15.88,0.360298
15.92,0.359885
16,0.363349
16.08,0.368303
16.12,0.368555
16.2,0.37094
16.323,0.37211
16.34,0.373555
16.4,0.371606
16.48,0.371491
16.52,0.368899
16.6,0.367225
16.68,0.366858
16.72,0.367225
16.8,0.366605
16.88,0.367179
16.92,0.368073
17,0.368486
17.08,0.369014
17.12,0.368647
17.2,0.370092
17.28,0.370963
17.32,0.371239
17.4,0.370367
17.48,0.371078
17.52,0.372248
17.6,0.372133
17.68,0.372317
17.72,0.372706
17.8,0.372041
17.88,0.372408
17.964,0.37344
18.02,0.373096
18.08,0.372959
18.12,0.37367
18.2,0.373784
18.28,0.374633
18.32,0.375115
18.4,0.374587
18.48,0.373601
18.52,0.374427
18.6,0.375734
18.68,0.375528
18.72,0.375849
18.8,0.377225
18.88,0.37883
18.92,0.375688
19,0.37445
19.08,0.373349
19.12,0.372661
19.2,0.371422
19.28,0.368945
19.32,0.36844
19.4,0.36695
19.48,0.366422
19.52,0.366491
19.643,0.371124
19.68,0.371766
19.72,0.370757
19.8,0.370459
19.88,0.37156
19.92,0.371353
20,0.371995
20.08,0.373096
20.12,0.372087
20.2,0.373005
20.28,0.372477
20.32,0.372683
20.4,0.372179
20.48,0.372821
20.52,0.372982
20.6,0.372936
20.68,0.373624
20.721,0.372798
20.8,0.373739
20.88,0.374885
20.92,0.374656
21,0.374794
21.08,0.374954
21.12,0.375298
21.2,0.375482
21.323,0.374197
21.34,0.374771
21.4,0.373922
21.48,0.374794
21.52,0.375
21.62,0.373991
21.68,0.374289
21.72,0.375872
21.8,0.375963
21.88,0.376261
21.92,0.376032
22,0.376101
22.08,0.375711
22.12,0.375642
22.2,0.377133
22.28,0.37805
22.32,0.377844
22.4,0.377844
22.48,0.378486
22.52,0.378463
22.6,0.377775
22.68,0.378096
22.72,0.378624
22.8,0.377775
22.88,0.380367
22.963,0.372317
23,0.371514
23.08,0.370757
23.12,0.37117
23.2,0.370573
23.28,0.370367
23.32,0.370023
23.4,0.370757
23.48,0.371606
23.52,0.372408
23.6,0.371468
23.68,0.371399
23.72,0.371261
23.8,0.371468
23.88,0.372225
23.92,0.372202
24,0.372018
24.08,0.3725
24.12,0.372936
24.2,0.372867
24.28,0.373486
24.32,0.373372
24.4,0.374541
24.48,0.374289
24.52,0.375229
24.643,0.376055
24.68,0.37695
24.71,0.375596
24.79,0.375528
24.87,0.375115
24.91,0.376101
24.99,0.376835
25.07,0.376628
25.11,0.375872
25.19,0.376101
25.27,0.376009
25.33,0.376284
25.39,0.377202
25.47,0.379518
25.51,0.380183
25.59,0.384289
25.67,0.382454
25.71,0.383349
25.8,0.384174
25.88,0.385344
25.92,0.385849
26,0.386124
26.08,0.38656
26.12,0.38656
26.2,0.386032
26.304,0.388463
26.321,0.389794
26.4,0.391422
26.48,0.391812
26.52,0.392362
26.6,0.392821
26.68,0.393188
26.72,0.393211
26.8,0.39383
26.88,0.394381
26.92,0.393876
27,0.394794
27.08,0.395688
27.12,0.395298
27.2,0.396193
27.28,0.397385
27.32,0.399083
27.4,0.399748
27.48,0.400642
27.52,0.401239
27.6,0.403257
27.68,0.404679
27.72,0.404289
27.8,0.405459
27.88,0.407271
27.963,0.414839
28.02,0.415963
28.08,0.415528
28.12,0.415413
28.2,0.416239
28.28,0.418807
28.32,0.419014
28.4,0.419335
28.48,0.420023
28.52,0.420321
28.6,0.42078
28.68,0.422271
28.71,0.423234
28.79,0.422294
28.87,0.422477
28.91,0.423601
28.99,0.422959
29.07,0.423463
29.11,0.423188
29.19,0.422683
29.27,0.423601
29.31,0.424862
29.39,0.425986
29.47,0.427156
29.51,0.428142
29.613,0.429197
29.67,0.429289
29.71,0.42844
29.79,0.430367
29.87,0.43
29.91,0.428096
29.99,0.427569
30.07,0.428509
30.11,0.427615
30.19,0.427546
30.27,0.428028
30.31,0.426835
30.39,0.427546
30.47,0.426468
30.51,0.425872
30.59,0.427661
30.67,0.428463
30.71,0.428303
30.8,0.428555
30.88,0.42844
30.92,0.428211
31,0.429083
31.08,0.427683
31.12,0.427317
31.2,0.428761
31.283,0.423486
31.32,0.42367
31.4,0.424128
31.48,0.425275
31.52,0.424885
31.6,0.425046
31.68,0.424404
31.72,0.424748
31.8,0.425344
31.88,0.424587
31.92,0.426399
32,0.425688
32.08,0.425505
32.12,0.426032
32.2,0.427683
32.28,0.428532
32.32,0.428784
32.4,0.429083
32.48,0.430229
32.52,0.429817
32.6,0.430321
32.68,0.429817
32.709,0.430459
32.79,0.430115
32.87,0.43078
32.934,0.42656
32.99,0.429702
33.07,0.430184
33.11,0.429839
33.19,0.44
33.27,0.451468
33.31,0.4575
33.41,0.470596
33.47,0.482225
33.51,0.48945
33.59,0.497706
33.67,0.507179
33.71,0.512523
33.79,0.519472
33.87,0.523326
33.91,0.525138
33.99,0.527202
34.07,0.531697
34.11,0.533463
34.19,0.534794
34.27,0.535298
34.31,0.536101
34.39,0.530688
34.47,0.527271
34.51,0.526537
34.634,0.508784
34.67,0.508647
34.71,0.508922
34.8,0.510482
34.88,0.508119
34.92,0.507867
35,0.50883
35.08,0.510826
35.12,0.510986
35.2,0.51211
35.28,0.513119
35.32,0.514771
35.4,0.517317
35.48,0.51922
35.52,0.520367
35.6,0.522775
35.68,0.525092
35.71,0.524977
35.79,0.525917
35.87,0.52594
35.91,0.52672
35.99,0.528463
36.07,0.529977
36.11,0.531147
36.19,0.533234
36.295,0.528372
36.312,0.529564
36.39,0.531468
36.47,0.533417
36.51,0.535161
36.59,0.536583
36.67,0.536972
36.71,0.536468
36.79,0.537661
36.87,0.536147
36.91,0.53555
36.99,0.536147
37.07,0.53883
37.11,0.539014
37.19,0.540459
37.27,0.539862
37.31,0.540321
37.39,0.539083
37.47,0.539266
37.51,0.537706
37.59,0.536101
37.67,0.536468
37.714,0.535757
37.79,0.541101
37.87,0.546353
37.954,0.547018
38.01,0.552064
38.07,0.556697
38.11,0.560023
38.19,0.565252
38.27,0.571881
38.31,0.575298
38.39,0.582225
38.47,0.588716
38.51,0.59195
38.59,0.598555
38.67,0.603372
38.71,0.605092
38.8,0.606743
38.88,0.613234
38.92,0.616009
39,0.619243
39.08,0.62078
39.12,0.62094
39.2,0.622913
39.28,0.62367
39.32,0.624748
39.4,0.62555
39.48,0.626055
39.52,0.626422
39.644,0.618624
39.68,0.617087
39.72,0.616881
39.8,0.616353
39.88,0.61711
39.92,0.620023
40,0.62406
40.08,0.627248
40.12,0.628807
40.2,0.632706
40.28,0.636583
40.32,0.639151
40.4,0.642523
40.48,0.644839
40.52,0.646491
40.6,0.648142
40.68,0.649335
40.709,0.650413
40.79,0.653578
40.87,0.656881
40.91,0.658693
40.99,0.663165
41.07,0.664862
41.11,0.665803
41.19,0.669771
41.315,0.659817
41.332,0.662179
41.39,0.666491
41.47,0.671674
41.51,0.673028
41.59,0.676628
41.67,0.679404
41.71,0.679633
41.79,0.679587
41.87,0.679702
41.91,0.678532
41.99,0.678945
42.07,0.678968
42.11,0.678486
42.19,0.678349
42.27,0.677729
42.31,0.678417
42.39,0.678509
42.47,0.67883
42.51,0.678486
42.59,0.678509
42.67,0.677362
42.71,0.676537
42.8,0.680229
42.88,0.684037
42.964,0.679151
43.02,0.68305
43.08,0.686812
43.12,0.688876
43.2,0.691376
43.28,0.693326
43.32,0.694243
43.4,0.697317
43.48,0.69805
43.52,0.698142
43.6,0.698349
43.68,0.698716
43.72,0.699495
43.8,0.700482
43.88,0.70078
43.92,0.700665
44,0.702087
44.08,0.703394
44.12,0.704128
44.2,0.707431
44.28,0.70883
44.32,0.709404
44.4,0.712179
44.48,0.714702
44.52,0.715642
44.644,0.715757
44.68,0.718395
44.708,0.718417
44.79,0.72
44.87,0.723073
44.91,0.724587
44.99,0.726009
45.07,0.726514
45.11,0.727408
45.19,0.728693
45.27,0.729472
45.31,0.730596
45.39,0.732385
45.47,0.732821
45.51,0.733555
45.59,0.734128
45.67,0.734885
45.71,0.736376
45.79,0.736835
45.87,0.737798
45.91,0.738303
45.99,0.73922
46.07,0.739816
46.11,0.740826
46.19,0.741651
46.315,0.740023
46.332,0.740459
46.39,0.741124
46.47,0.742339
46.51,0.742936
46.59,0.743968
46.67,0.74367
46.71,0.743188
46.8,0.743601
46.88,0.743211
46.92,0.742316
47,0.742064
47.08,0.742362
47.12,0.742729
47.2,0.743211
47.28,0.743303
47.32,0.742867
47.4,0.743876
47.48,0.742316
47.52,0.742523
47.6,0.742821
47.68,0.742385
47.72,0.741881
47.8,0.741537
47.88,0.74156
47.964,0.728784
48,0.729885
48.08,0.730046
48.12,0.729174
48.2,0.730046
48.28,0.730252
48.32,0.730252
48.4,0.730734
48.48,0.730986
48.52,0.731055
48.6,0.730688
48.68,0.729679
48.708,0.728165
48.8,0.727018
48.88,0.726835
48.92,0.726422
49,0.725963
49.08,0.724472
49.12,0.723395
49.2,0.722317
49.28,0.72156
49.32,0.72094
49.4,0.720321
49.48,0.720161
49.52,0.720069
49.646,0.711101
49.68,0.710413
49.72,0.709564
49.8,0.708119
49.88,0.706972
49.92,0.706239
50,0.706605
50.08,0.706766
50.12,0.70617
50.2,0.705986
50.28,0.705803
50.32,0.70555
50.4,0.705321
50.48,0.705321
50.52,0.705069
50.6,0.705023
50.68,0.704197
50.72,0.703326
50.8,0.702202
50.88,0.700596
50.92,0.699266
51,0.697798
51.08,0.696606
51.12,0.695
51.2,0.694335
51.326,0.681307
51.343,0.68156
51.4,0.682294
51.48,0.683211
51.52,0.683005
51.6,0.68289
51.68,0.683028
51.72,0.683417
51.8,0.683165
51.88,0.683899
51.92,0.683922
52,0.684518
52.08,0.685069
52.12,0.68555
52.2,0.68555
52.28,0.688693
52.32,0.691216
52.4,0.695872
52.48,0.698463
52.52,0.7
52.6,0.704862
52.68,0.709243
52.708,0.712477
52.8,0.718739
52.88,0.724151
52.966,0.732982
53.02,0.738303
53.08,0.742477
53.12,0.745344
53.2,0.749037
53.28,0.751101
53.32,0.753349
53.4,0.756972
53.48,0.760436
53.52,0.762615
53.6,0.766147
53.68,0.768716
53.72,0.770046
53.8,0.770894
53.88,0.770894
53.92,0.771009
54,0.772477
54.08,0.773463
54.12,0.771697
54.2,0.772248
54.28,0.771858
54.32,0.770757
54.4,0.770298
54.48,0.770092
54.52,0.770894
54.646,0.753188
54.68,0.756216
54.72,0.755344
54.79,0.752385
54.87,0.749817
54.91,0.748372
54.99,0.747752
55.07,0.747523
55.11,0.748394
55.19,0.748761
55.27,0.75
55.31,0.749702
55.39,0.749151
55.47,0.747706
55.51,0.746743
55.59,0.745115
55.67,0.743716
55.71,0.74367
55.79,0.743647
55.87,0.743211
55.91,0.743555
55.99,0.743761
56.07,0.744197
56.11,0.744197
56.19,0.744495
56.316,0.737339
56.333,0.737959
56.39,0.737316
56.47,0.737615
56.51,0.738005
56.59,0.738394
56.67,0.738784
56.71,0.739312
56.79,0.739816
56.87,0.739702
56.91,0.739679
56.99,0.739037
57.07,0.739197
57.11,0.738784
57.19,0.738945
57.27,0.739495
57.31,0.739335
57.39,0.739839
57.47,0.739679
57.51,0.740046
57.59,0.739816
57.67,0.739472
57.712,0.73945
57.79,0.739908
57.87,0.739954
57.955,0.739014
58.01,0.739885
58.07,0.739794
58.11,0.74078
58.19,0.740894
58.27,0.741078
58.31,0.740413
58.39,0.740917
58.47,0.741009
58.51,0.741055
59.636,0.742133
58.6165,0.741147
59.71,0.740665
58.7365,0.740275
58.8165,0.740413
58.8565,0.74055
58.9365,0.739725
59.0165,0.739977
59.0565,0.74039
59.1365,0.740528
59.2165,0.740596
59.2565,0.740757
59.3365,0.74055
59.4165,0.739885
59.4565,0.74039
59.5365,0.739839
59.6165,0.740046
59.6565,0.739564
59.7365,0.739702
59.8165,0.740069
59.8565,0.740161
59.9365,0.739839
60.0165,0.740298
60.0565,0.740183
60.1365,0.740138
60.2625,0.739725
60.2965,0.739725
60.3365,0.739083
60.4165,0.73922
60.4565,0.739587
60.5365,0.739725
60.6165,0.739518
60.6565,0.739312
60.7365,0.738968
60.8165,0.739495
60.8565,0.739679
60.9365,0.739839
61.0165,0.73945
61.0565,0.739106
61.1365,0.739106
61.2165,0.739174
61.2565,0.739243
61.3365,0.739243
61.4165,0.739197
61.4565,0.739358
61.5365,0.739541
61.6165,0.739656
61.6565,0.739518
61.7365,0.739862
61.8165,0.739862
61.9025,0.737408
61.9365,0.737729
62.0165,0.737431
62.0565,0.737982
62.1365,0.738028
62.2165,0.737959
62.2565,0.737752
62.3365,0.738624
62.4165,0.739404
62.4565,0.740528
62.5365,0.741422
62.6165,0.741101
62.6565,0.741353
62.7365,0.74195
62.8165,0.741583
62.8565,0.741514
62.9365,0.74172
63.0165,0.74195
63.0565,0.742041
63.1365,0.742271
63.2165,0.74211
63.2565,0.741858
63.3365,0.742477
63.4165,0.741995
63.4565,0.741697
63.5825,0.741743
63.6365,0.74211
63.6585,0.742133
63.7365,0.742431
63.8165,0.74422
63.8765,0.744289
63.9365,0.744954
64.0165,0.745734
64.0565,0.746537
64.1365,0.746995
64.2165,0.748555
64.2565,0.748509
64.3365,0.748761
64.4165,0.749083
64.4565,0.749495
64.5365,0.74945
64.6165,0.751835
64.6565,0.752454
64.7365,0.752683
64.8165,0.75406
64.8565,0.75383
64.9365,0.753647
65.0165,0.754037
65.0565,0.75461
65.1365,0.755367
65.2625,0.752638
65.2795,0.753096
65.3365,0.752225
65.4165,0.751995
65.4565,0.752454
65.5365,0.751009
65.6165,0.750803
65.6565,0.750321
65.7365,0.749633
65.8165,0.749404
65.8565,0.749404
65.9375,0.749197
66.0165,0.749174
66.0565,0.748922
66.1365,0.748922
66.2165,0.748601
66.2565,0.748509
66.3365,0.748028
66.4165,0.7475
66.4565,0.747385
66.5365,0.746927
66.6165,0.746468
66.6565,0.746261
66.7365,0.746193
66.8165,0.746147
66.9025,0.744174
66.9365,0.744748
67.0165,0.743876
67.0565,0.743968
67.1365,0.744151
67.2165,0.744289
68.5815,0.749633
67.3239,0.750023
68.6565,0.750321
67.444,0.751376
67.5239,0.751307
67.564,0.751583
67.644,0.750688
67.7239,0.750367
67.764,0.751239
67.844,0.751491
67.9239,0.751468
67.984,0.751583
68.044,0.751674
68.1239,0.752752
68.164,0.752569
68.244,0.752477
68.3239,0.752018
68.364,0.751995
68.444,0.751514
68.5239,0.752064
68.564,0.752729
68.644,0.752431
68.7239,0.751995
68.764,0.751995
68.844,0.751399
68.97,0.748922
68.987,0.74922
69.044,0.74922
69.1239,0.748807
69.164,0.748716
69.244,0.748303
69.3239,0.74844
69.364,0.748028
69.444,0.74805
69.5239,0.748028
69.564,0.747982
69.644,0.749197
69.7239,0.74883
69.764,0.749128
69.844,0.74922
69.9239,0.74922
69.964,0.74906
70.044,0.74906
70.1239,0.74906
70.164,0.749197
70.244,0.749312
70.3239,0.749656
70.364,0.749404
70.4539,0.749656
70.534,0.749564
70.6209,0.74945
70.6539,0.749748
70.734,0.749908
70.7739,0.750229
70.8539,0.749908
70.934,0.749266
70.9739,0.749954
71.054,0.749954
71.134,0.75039
71.1739,0.749954
71.254,0.750115
71.334,0.748968
71.3739,0.749197
71.4539,0.749679
71.534,0.750092
71.5739,0.750321
71.6539,0.749702
71.734,0.750069
71.7739,0.750046
71.8539,0.750459
71.934,0.750917
71.9739,0.750963
72.054,0.751284
72.134,0.751812
72.1739,0.75172
72.301,0.753096
72.334,0.754771
72.3739,0.755413
72.4539,0.756376
72.534,0.755115
72.5739,0.755665
72.6539,0.755688
72.734,0.755092
72.7739,0.754885
72.8539,0.755183
72.934,0.754702
72.9739,0.754771
73.054,0.753968
73.134,0.754862
73.1739,0.754794
73.254,0.755298
73.334,0.755436
73.3739,0.755115
73.4539,0.755321
73.534,0.754725
73.5739,0.754794
73.6539,0.754908
73.734,0.755527
73.7739,0.75578
73.8539,0.755986
73.981,0.753578
73.998,0.753647
74.054,0.752706
74.134,0.752913
74.1739,0.753257
74.254,0.753991
74.334,0.754083
74.361,0.754014
74.4539,0.754404
74.534,0.754289
74.5739,0.75367
74.6739,0.754106
74.734,0.753509
74.7739,0.753257
74.8539,0.754702
74.934,0.756468
74.9739,0.75711
75.054,0.760298
75.134,0.760734
75.1739,0.761353
75.254,0.761628
75.334,0.761812
75.3739,0.761514
75.4539,0.761491
75.534,0.760665
75.6209,0.758142
75.6539,0.757936
75.734,0.758486
75.7739,0.759174
75.8539,0.758739
75.934,0.758784
75.9739,0.759128
76.054,0.75961
76.134,0.760803
76.1739,0.760138
76.254,0.76117
76.334,0.762477
76.359,0.761353
76.4539,0.761078
76.534,0.761995
76.5739,0.762133
76.6539,0.759197
76.734,0.758211
76.7739,0.757661
76.8539,0.755872
76.934,0.755642
76.9739,0.756216
77.054,0.757248
77.134,0.759197
77.1739,0.761216
77.301,0.760711
77.356,0.763394
77.3739,0.765184
77.4539,0.766032
77.534,0.765229
77.5739,0.763922
77.6539,0.761628
77.734,0.761881
77.794,0.760849
77.8539,0.759954
77.934,0.759977
77.9739,0.760986
78.054,0.760413
78.134,0.759472
78.1739,0.759151
78.254,0.757936
78.334,0.758165
78.364,0.757775
78.444,0.757523
78.5239,0.756995
78.564,0.757156
78.644,0.756468
78.7239,0.756812
78.764,0.756468
78.844,0.756193
78.97,0.752087
78.987,0.752408
79.044,0.75172
79.1239,0.751353
79.164,0.75055
79.244,0.750459
79.3239,0.751216
79.3679,0.751284
79.444,0.751904
79.5239,0.751858
79.564,0.752431
79.645,0.752523
79.7239,0.752385
79.764,0.752867
79.844,0.753257
79.9239,0.753142
79.964,0.752867
80.044,0.752867
80.1239,0.752706
80.164,0.752615
80.244,0.752339
80.3239,0.752729
80.364,0.752959
80.444,0.752569
80.5239,0.752959
80.609,0.750298
80.644,0.750505
80.7239,0.750505
80.764,0.750711
80.844,0.750849
80.9239,0.751239
80.964,0.75133
81.044,0.750963
81.1239,0.75156
81.164,0.751514
81.244,0.751606
81.3239,0.751307
81.364,0.752018
81.444,0.752294
81.5239,0.752798
81.564,0.753005
81.644,0.753326
81.7239,0.753624
81.764,0.753968
81.844,0.754106
81.9239,0.754312
81.964,0.754358
82.044,0.754014
82.1239,0.754174
82.164,0.754106
82.25,0.754771
82.3239,0.755803
82.3679,0.755206
82.444,0.756422
82.5239,0.756904
82.564,0.757913
82.644,0.759014
82.7239,0.759725
82.764,0.760413
82.844,0.760092
82.9239,0.758624
82.964,0.75789
83.044,0.756147
83.1239,0.75422
83.164,0.753968
83.244,0.752706
83.3239,0.752661
83.364,0.752546
83.444,0.752683
83.5239,0.7525
83.564,0.752064
83.644,0.751697
83.7239,0.75133
83.764,0.751193
83.844,0.75078
83.97,0.748922
83.987,0.749427
84.044,0.749014
84.1239,0.748876
84.164,0.749037
84.244,0.748991
84.3239,0.750206
84.364,0.750183
84.444,0.75039
84.5239,0.750183
84.564,0.749839
84.644,0.749931
84.7239,0.749656
84.764,0.749771
84.844,0.74945
84.9239,0.749427
84.964,0.749335
85.044,0.749174
85.1239,0.74961
85.164,0.749885
85.244,0.749151
85.3239,0.748555
85.364,0.748647
85.444,0.748303
85.5239,0.747798
85.609,0.747615
85.644,0.747959
85.7239,0.748417
85.764,0.749197
85.844,0.749702
85.9239,0.750206
85.964,0.750757
86.044,0.751216
86.1239,0.7525
86.164,0.753555
86.244,0.754977
86.3239,0.756628
86.364,0.756995
86.4539,0.757684
86.534,0.758922
86.5739,0.758991
86.6539,0.758463
86.734,0.75828
86.7739,0.75805
86.8539,0.75805
86.934,0.758234
86.9739,0.758119
87.054,0.758647
87.134,0.759977
87.1739,0.76039
87.301,0.760757
87.334,0.760917
87.3569,0.760298
87.4539,0.759037
87.534,0.757133
87.5739,0.75672
87.6539,0.755917
87.734,0.755596
87.7739,0.755367
87.8539,0.755711
87.934,0.755459
87.9739,0.755229
88.054,0.754358
88.134,0.754472
88.1739,0.754358
88.2539,0.754587
88.334,0.754564
88.358,0.754266
88.4539,0.754679
88.534,0.754748
88.5739,0.754794
88.6539,0.754794
88.734,0.75461
88.7739,0.754748
88.8539,0.75445
88.98,0.753073
88.997,0.753784
89.054,0.753257
89.134,0.754312
89.1739,0.754518
89.2539,0.755275
89.334,0.755344
89.3569,0.754725
89.4539,0.754679
89.534,0.754748
89.5739,0.754702
89.6539,0.754656
89.734,0.755252
89.7739,0.754977
89.8539,0.755138
89.934,0.755138
89.9739,0.755275
90.054,0.756239
90.134,0.755826
90.1739,0.756009
90.2539,0.757294
90.334,0.757454
90.361,0.757775
90.4539,0.758326
90.534,0.758761
90.62,0.759151
90.6539,0.759931
90.734,0.760528
90.7739,0.759495
90.8539,0.759702
90.934,0.75961
90.9739,0.759908
91.054,0.760459
91.134,0.761399
91.1739,0.761972
91.2539,0.762844
91.3349,0.763463
91.358,0.763372
91.444,0.763188
91.5239,0.762913
91.564,0.762225
91.644,0.76344
91.7239,0.76305
91.764,0.762592
91.844,0.762179
91.9239,0.761376
91.964,0.760734
92.044,0.75945
92.1239,0.758005
92.164,0.757844
92.289,0.754083
92.3239,0.753257
92.364,0.752592
92.444,0.752339
92.5239,0.752408
92.564,0.752661
92.644,0.752775
92.7239,0.751927
92.764,0.750826
92.844,0.749862
92.9239,0.750367
92.964,0.75
93.044,0.750069
93.1239,0.749656
93.164,0.74945
93.244,0.748899
93.3239,0.749335
93.365,0.748761
93.444,0.747867
93.5239,0.748509
93.564,0.748647
93.644,0.749037
93.7239,0.748922
93.764,0.749083
93.844,0.748509
93.95,0.746491
93.967,0.747087
94.044,0.747729
94.1239,0.747913
94.164,0.74828
94.244,0.748119
94.3239,0.749404
94.364,0.749679
94.444,0.750734
94.5239,0.751789
94.564,0.752706
94.644,0.75367
94.7239,0.75406
94.764,0.754014
94.844,0.753119
94.9239,0.753991
94.964,0.754495
95.044,0.758211
95.1239,0.758922
95.164,0.760344
95.244,0.762294
95.3239,0.764885
95.364,0.765459
95.444,0.766445
95.5239,0.767752
95.609,0.766239
95.644,0.768257
95.7239,0.770115
95.764,0.769495
95.844,0.773257
95.9239,0.774656
95.964,0.775528
96.044,0.779105
96.1239,0.780092
96.164,0.781124
96.244,0.785275
96.3239,0.781927
96.364,0.784197
96.444,0.786284
96.5239,0.783509
96.564,0.785367
96.644,0.78711
96.7239,0.784885
96.764,0.785734
96.844,0.786927
96.9239,0.786881
96.964,0.78672
97.044,0.786995
97.1239,0.78656
97.164,0.786995
97.289,0.782592
97.3239,0.783739
97.364,0.782867
97.444,0.783326
97.5239,0.785023
97.564,0.785298
97.644,0.780917
97.7239,0.778784
97.764,0.777248
97.844,0.773784
97.9239,0.774679
97.964,0.771261
98.044,0.767385
98.1239,0.76211
98.164,0.758761
98.244,0.752339
98.3239,0.749358
98.364,0.74695
98.444,0.741284
98.5239,0.731583
98.564,0.729174
98.644,0.721881
98.7239,0.71805
98.764,0.711514
98.844,0.70555
98.969,0.692523
98.986,0.691078
99.044,0.685619
99.1239,0.680229
99.164,0.679037
99.244,0.674083
99.3239,0.668693
99.3659,0.663165
99.444,0.662454
99.5239,0.653234
99.564,0.645986
99.644,0.642959
99.7239,0.636055
99.764,0.633486
99.844,0.626376
99.9239,0.627454
99.964,0.626353
100.044,0.626514
100.124,0.624908
100.164,0.620757
100.244,0.621835
100.324,0.620344
100.364,0.616835
100.444,0.616009
100.524,0.609541
100.608,0.603876
100.644,0.600619
100.724,0.597179
100.764,0.595367
100.844,0.587569
100.924,0.589197
100.964,0.591697
101.044,0.587362
101.124,0.585872
101.164,0.585757
101.244,0.587523
101.324,0.594335
101.364,0.593853
101.444,0.592339
101.524,0.592385
101.564,0.592225
101.644,0.58789
101.724,0.581353
101.764,0.583555
101.844,0.579656
101.924,0.57617
101.964,0.576858
102.044,0.57039
102.124,0.566537
102.164,0.562546
102.288,0.560092
102.324,0.55672
102.367,0.555115
102.444,0.543188
102.524,0.537615
102.564,0.537362
102.644,0.531674
102.724,0.526697
102.764,0.525069
102.844,0.522362
102.924,0.522729
102.964,0.521743
103.044,0.518417
103.124,0.518326
103.164,0.521307
103.244,0.523807
103.324,0.530505
103.364,0.530917
103.444,0.538028
103.524,0.542041
103.564,0.542982
103.644,0.541445
103.724,0.544862
103.764,0.548165
103.844,0.551399
103.948,0.55844
103.965,0.560917
104.064,0.566124
104.124,0.569771
104.164,0.56906
104.244,0.573211
104.324,0.572867
104.364,0.569885
104.444,0.56367
104.524,0.562248
104.564,0.562523
104.644,0.566261
104.724,0.569725
104.764,0.570069
104.844,0.568188
104.924,0.565459
104.964,0.562133
105.044,0.563601
105.124,0.565734
105.164,0.566927
105.244,0.572179
105.324,0.575505
105.364,0.574243
105.444,0.571858
105.524,0.576284
105.587,0.572156
105.644,0.568417
105.724,0.565092
105.764,0.561307
105.844,0.558188
105.924,0.553922
105.964,0.558165
106.044,0.568899
106.124,0.576789
106.164,0.578899
106.244,0.583303
106.324,0.590023
106.364,0.592431
106.444,0.604977
106.524,0.62055
106.564,0.624656
106.644,0.636353
106.724,0.647408
106.764,0.653073
106.844,0.663509
106.924,0.667798
106.964,0.666743
107.044,0.671697
107.124,0.677431
107.164,0.672844
107.268,0.668372
107.344,0.675619
107.364,0.674587
107.444,0.679977
107.524,0.679312
107.564,0.681583
107.644,0.677821
107.724,0.665826
107.764,0.663349
107.844,0.65461
107.924,0.649977
107.964,0.649243
108.044,0.645206
108.124,0.642454
108.164,0.647615
108.244,0.646743
108.324,0.653349
108.364,0.659633
108.455,0.665963
108.535,0.675436
108.554,0.679702
108.635,0.684014
108.714,0.685642
108.754,0.685069
108.835,0.690275
108.939,0.691147
108.956,0.695872
109.034,0.70305
109.114,0.70555
109.154,0.71156
109.235,0.717339
109.314,0.725665
109.357,0.730826
109.434,0.745069
109.515,0.753716
109.554,0.758876
109.635,0.767798
109.714,0.770711
109.754,0.777752
109.834,0.774404
109.915,0.771055
109.955,0.766858
110.034,0.762477
110.114,0.75805
110.154,0.75578
110.235,0.744908
110.314,0.741307
110.357,0.73828
110.434,0.735344
110.515,0.733142
110.579,0.729106
110.635,0.726468
110.714,0.72055
110.754,0.715229
110.834,0.704495
110.914,0.69461
110.955,0.695688
111.034,0.697454
111.114,0.690505
111.154,0.685344
111.235,0.680367
111.314,0.670895
111.357,0.667087
111.434,0.659518
111.515,0.650436
111.554,0.650849
111.635,0.647729
111.714,0.640917
111.754,0.64195
111.834,0.634748
111.914,0.628326
111.955,0.62961
112.034,0.624174
112.114,0.618257
112.154,0.617225
112.278,0.618991
112.314,0.615046
112.357,0.618486
112.434,0.627294
112.515,0.626743
112.554,0.63328
112.635,0.645092
112.714,0.655092
112.754,0.662248
112.834,0.675872
112.914,0.682339
112.955,0.687179
113.034,0.690872
113.114,0.693096
113.154,0.694748
113.235,0.694885
113.314,0.697202
113.357,0.694908
113.434,0.69
113.515,0.686537
113.554,0.683624
113.635,0.674977
113.714,0.661147
113.754,0.653555
113.834,0.640275
113.939,0.63039
113.974,0.620321
114.034,0.60656
114.114,0.591353
114.154,0.583005
114.234,0.572041
114.314,0.563945
114.357,0.560229
114.434,0.546858
114.514,0.533991
114.554,0.535573
114.634,0.536078
114.714,0.536422
114.754,0.534656
114.834,0.529702
114.914,0.523899
114.954,0.520344
115.034,0.510069
115.114,0.501009
115.154,0.492936
115.235,0.486353
115.335,0.478899
115.357,0.483486
115.454,0.487018
115.514,0.482477
115.558,0.508693
115.634,0.500688
115.714,0.491468
115.754,0.49156
115.834,0.487431
115.914,0.48555
115.974,0.48445
116.034,0.480069
116.114,0.477408
116.154,0.480206
116.235,0.46844
116.314,0.455665
116.357,0.456101
116.434,0.456789
116.514,0.45406
116.554,0.455757
116.634,0.451605
116.714,0.455711
116.754,0.454564
116.834,0.457202
116.914,0.454243
116.954,0.451628
117.034,0.446009
117.114,0.440344
117.154,0.43711
117.278,0.425367
117.314,0.423096
117.357,0.417592
117.434,0.413372
117.514,0.41789
117.554,0.419702
117.634,0.421812
117.714,0.424105
117.754,0.42656
117.834,0.437041
117.914,0.444931
117.955,0.441995
118.034,0.437317
118.114,0.433165
118.154,0.428372
118.234,0.416904
118.314,0.407546
118.357,0.403899
118.434,0.401193
118.514,0.392385
118.554,0.390459
118.634,0.388853
118.714,0.38789
118.754,0.387959
118.834,0.386697
118.939,0.369518
118.974,0.37078
119.034,0.37539
119.114,0.377294
119.154,0.379862
119.234,0.389037
119.314,0.387546
119.357,0.393028
119.434,0.391239
119.514,0.391216
119.554,0.395413
119.635,0.399679
119.714,0.409381
119.754,0.411651
119.834,0.41539
119.914,0.414885
119.955,0.41883
120.034,0.413417
120.114,0.417592
120.154,0.420963
120.234,0.414312
120.314,0.419105
120.357,0.416674
120.434,0.407477
120.514,0.398647
120.598,0.394587
120.634,0.386972
120.714,0.386353
120.754,0.390344
120.834,0.385413
120.914,0.383601
120.954,0.379037
121.034,0.387844
121.114,0.390413
121.154,0.391766
121.234,0.400619
121.314,0.408739
121.357,0.413303
121.434,0.419839
121.514,0.43328
121.554,0.436124
121.634,0.449106
121.714,0.458578
121.754,0.463509
121.834,0.468073
121.914,0.470367
121.954,0.472317
122.034,0.473647
122.114,0.471766
122.154,0.472179
122.238,0.469289
122.314,0.467661
122.357,0.464587
122.434,0.458739
122.514,0.449748
122.554,0.44867
122.634,0.437225
122.714,0.428968
122.754,0.42445
122.834,0.416858
122.914,0.403349
122.954,0.398739
123.034,0.390046
123.114,0.375252
123.154,0.364954
123.234,0.34461
123.314,0.321972
123.354,0.311307
123.434,0.30422
123.514,0.30195
123.554,0.301216
123.634,0.305734
123.714,0.303807
123.754,0.301009
123.834,0.290734
123.979,0.27828
123.996,0.274564
124.034,0.270413
124.114,0.274977
124.154,0.276239
124.234,0.289312
124.314,0.314243
124.357,0.328234
124.434,0.358165
124.514,0.376835
124.554,0.382959
124.634,0.389243
124.714,0.389541
124.754,0.388624
124.834,0.384839
124.914,0.381995
124.954,0.383991
125.034,0.381239
125.114,0.381239
125.154,0.380596
125.235,0.377821
125.314,0.374885
125.357,0.381101
125.434,0.386972
125.515,0.392294
125.598,0.400344
125.655,0.404702
125.714,0.414725
125.754,0.419702
125.854,0.422156
125.914,0.426904
125.954,0.430734
126.034,0.437064
126.114,0.447569
126.154,0.446032
126.234,0.437959
126.314,0.437752
126.357,0.443096
126.434,0.453142
126.514,0.465711
126.554,0.462959
126.634,0.473257
126.714,0.489243
126.754,0.489885
126.834,0.488486
126.914,0.482041
126.954,0.482821
127.034,0.491927
127.114,0.487041
127.154,0.47555
127.238,0.453005
127.314,0.428486
127.357,0.416766
127.434,0.406124
127.514,0.382362
127.554,0.375642
127.634,0.351743
127.714,0.33539
127.754,0.326881
127.834,0.310115
127.914,0.296766
127.954,0.290069
128.034,0.279908
128.114,0.279083
128.154,0.28461
128.234,0.275528
128.314,0.263234
128.357,0.257775
128.434,0.244243
128.514,0.230115
128.554,0.224748
128.634,0.210757
128.714,0.201399
128.754,0.202179
128.834,0.196904
128.918,0.191055
128.954,0.187087
129.034,0.181055
129.114,0.185206
129.154,0.184931
129.234,0.181032
129.314,0.177477
129.357,0.172546
129.434,0.174197
129.514,0.17172
129.554,0.168188
129.635,0.161697
129.714,0.156537
129.754,0.152752
129.834,0.141307
129.914,0.13383
129.954,0.132729
130.034,0.121697
130.114,0.105252
130.154,0.101766
130.234,0.0933486
130.314,0.0856881
130.357,0.0817661
130.434,0.0766514
130.514,0.0689908
130.598,0.0630963
130.635,0.0547018
130.714,0.0442661
130.754,0.0399312
130.834,0.0266972
130.914,0.0192661
130.954,0.0137844
131.034,0.0115826
131.114,0.00502294
131.154,0.00229358
131.234,0.00190367
131.314,0.00190367
131.357,0.00197248
131.434,0.00192661
131.514,0.00199541
131.554,0.00206422
131.634,0.00135321
131.714,0
131.754,0.000458716
131.834,0.00174312
131.914,0.00321101
131.954,0.00550459
132.034,0.00908257
132.114,0.0102294
132.154,0.0120413
132.278,0.0188073
132.314,0.0179128
132.357,0.0191743
132.434,0.0182798
132.514,0.0191972
132.554,0.0197477
132.634,0.0207798
132.714,0.0209862
132.754,0.0211468
132.834,0.0211468
132.914,0.0208945
132.955,0.0215138
133.034,0.0225459
133.114,0.0242202
133.154,0.0249541
133.234,0.043211
133.314,0.0650917
133.357,0.0765367
133.434,0.102202
133.514,0.130665
133.554,0.144633
133.634,0.172615
133.714,0.200046
133.754,0.216972
133.835,0.241307
133.958,0.284083
133.975,0.294014
134.035,0.311261
134.134,0.337248
134.154,0.339564
134.234,0.36305
134.314,0.392844
134.357,0.40328
134.434,0.425963
134.514,0.438142
134.554,0.443463
134.634,0.45656
134.714,0.464702
134.754,0.469174
134.834,0.477271
134.914,0.480069
134.954,0.483257
135.034,0.490986
135.114,0.499656
135.154,0.502959
135.234,0.490872
135.314,0.463945
135.359,0.453073
135.434,0.422546
135.514,0.39172
135.558,0.379541
135.634,0.343417
135.714,0.313532
135.754,0.301491
135.834,0.282408
135.914,0.26578
135.954,0.260298
136.034,0.237615
136.114,0.210229
136.154,0.199748
136.234,0.174083
136.314,0.147615
136.357,0.132431
136.434,0.109702
136.514,0.0850459
136.554,0.0700229
136.634,0.0612615
136.714,0.0571789
136.754,0.0526835
136.834,0.0501835
136.914,0.0488761
136.954,0.0512615
137.034,0.054633
137.114,0.0566972
137.154,0.0583028
137.238,0.0581651
137.314,0.0554128
137.357,0.0458486
137.434,0.0381651
137.514,0.0385092
137.554,0.0385092
137.634,0.037156
137.714,0.0405963
137.754,0.0417202
137.834,0.0436697
137.914,0.0285321
137.955,0.0192202
138.034,0.0199083
138.114,0.0102523
138.154,0.00616972
138.234,0.00366972
138.314,0.0037156
138.354,0.0037156
138.434,0.00428899
138.514,0.00438073
138.554,0.00461009
138.634,0.00575688
138.714,0.00798165
138.754,0.00848624
138.834,0.00908257
138.959,0.0123853
138.976,0.0132569
139.034,0.0158486
139.114,0.0175688
139.154,0.0181422
139.234,0.0198394
139.314,0.0205963
139.357,0.0215367
139.434,0.0211927
139.514,0.0208257
139.554,0.0220413
139.634,0.0215367
139.714,0.0229358
139.754,0.0230046
139.834,0.0256193
139.914,0.0311009
139.954,0.0345642
140.034,0.0418119
140.114,0.0474312
140.154,0.0498853
140.234,0.0562156
140.314,0.065
140.357,0.0689679
140.434,0.0772936
140.514,0.0850688
140.598,0.0920413
140.634,0.100023
140.714,0.107156
140.754,0.109151
140.834,0.110275
140.934,0.116239
140.954,0.117615
141.034,0.120298
141.114,0.125826
141.154,0.13078
141.234,0.143739
141.314,0.161101
141.354,0.169404
141.434,0.187615
141.514,0.204839
141.554,0.210665
141.634,0.221514
141.714,0.233211
141.754,0.239656
141.834,0.253096
141.914,0.266078
141.954,0.273417
142.034,0.288945
142.114,0.304358
142.154,0.311995
142.277,0.328372
142.314,0.338853
142.357,0.341835
142.434,0.347317
142.514,0.353624
142.554,0.357431
142.634,0.365115
142.714,0.373486
142.754,0.378165
142.834,0.38289
142.914,0.388784
142.954,0.391239
143.034,0.39344
143.114,0.396468
143.154,0.395894
143.234,0.395803
143.314,0.39695
143.357,0.399954
143.434,0.41906
143.514,0.436697
143.554,0.445757
143.634,0.454312
143.715,0.458073
143.754,0.460459
143.834,0.46555
143.917,0.472523
143.954,0.474335
144.034,0.476651
144.114,0.477959
144.154,0.477362
144.234,0.472408
144.314,0.468509
144.357,0.46461
144.434,0.461514
144.514,0.457271
144.554,0.451972
144.634,0.442638
144.714,0.424289
144.754,0.413303
144.835,0.393509
144.914,0.371812
144.954,0.362408
145.034,0.341491
145.114,0.319427
145.154,0.311239
145.234,0.292844
145.314,0.270229
145.357,0.258165
145.434,0.236789
145.514,0.21555
145.598,0.207156
145.634,0.189564
145.714,0.169174
145.754,0.159587
145.834,0.138532
145.914,0.11461
145.954,0.105917
146.034,0.0851147
146.114,0.0679358
146.154,0.0637385
146.234,0.0547477
146.314,0.0480734
146.357,0.0455275
146.434,0.0381651
146.514,0.0318578
146.554,0.0282569
146.634,0.0240596
146.714,0.0258716
146.754,0.0274083
146.834,0.0242202
146.914,0.025
146.954,0.0244037
147.034,0.0198394
147.114,0.018555
147.154,0.0191972
147.278,0.0323165
147.314,0.032844
147.357,0.0332339
147.434,0.0330275
147.514,0.0331881
147.554,0.0340138
147.634,0.0348853
147.714,0.0354817
147.754,0.0355275
147.834,0.0356881
147.914,0.0353899
147.954,0.0353899
148.035,0.0337844
148.114,0.0347477
148.154,0.0344037
148.234,0.0348853
148.314,0.0362844
148.357,0.0364908
148.434,0.037133
148.514,0.0367431
148.554,0.0358028
148.634,0.0350459
148.714,0.035711
148.754,0.0353899
148.834,0.0359174
148.959,0.0347477
148.976,0.036445
149.034,0.0362615
149.114,0.0347706
149.154,0.0343119
149.234,0.0336239
149.314,0.0348395
149.357,0.0370183
149.434,0.0369954
149.514,0.0368578
149.554,0.0369266
149.634,0.0382798
149.714,0.0384862
149.754,0.0399083
149.834,0.0402982
149.914,0.0405275
149.954,0.0437844
150.034,0.0433716
150.114,0.0425459
150.154,0.0424541
150.234,0.0428899
150.314,0.0416284
150.357,0.0421101
150.434,0.0418807
150.514,0.0413761
150.599,0.0416055
150.634,0.0410092
150.714,0.0404358
150.754,0.0405046
150.834,0.0449312
150.914,0.0535092
150.954,0.058945
151.034,0.0701835
151.114,0.0794495
151.154,0.0797706
151.234,0.0835321
151.314,0.0847018
151.357,0.0848624
151.434,0.0858716
151.514,0.0850688
151.554,0.0859174
151.634,0.0863532
151.714,0.0864679
151.754,0.0871789
151.834,0.0864908
151.914,0.0883945
151.954,0.0893349
152.034,0.0911239
152.114,0.0901835
152.154,0.0900229
152.278,0.10883
152.314,0.107867
152.357,0.107844
152.434,0.106628
152.514,0.105161
152.554,0.106239
152.634,0.106216
152.714,0.108326
152.754,0.107936
152.834,0.10555
152.914,0.107844
152.954,0.107706
153.034,0.110321
153.114,0.113555
153.154,0.116927
153.234,0.115757
153.314,0.117202
153.357,0.118142
153.434,0.120665
153.514,0.119977
153.554,0.119748
153.634,0.116353
153.714,0.111216
153.754,0.104862
153.834,0.0941284
153.958,0.0783028
153.975,0.0776147
154.034,0.0796789
154.114,0.0772936
154.154,0.0775688
154.234,0.0800229
154.314,0.0761239
154.357,0.0736927
154.434,0.0698853
154.514,0.068578
154.554,0.0675229
154.634,0.0701147
154.715,0.067133
154.754,0.0667661
154.834,0.0631193
154.914,0.056078
154.954,0.052156
155.034,0.0522018
155.114,0.0536009
155.154,0.0530275
155.234,0.055367
155.314,0.0534633
155.357,0.053555
155.434,0.0558257
155.514,0.0583716
155.598,0.0602982
155.634,0.0669037
155.714,0.0631651
155.754,0.063578
155.834,0.0645183
155.914,0.059656
155.954,0.0590367
156.034,0.055711
156.114,0.0516284
156.154,0.0488991
156.234,0.0461468
156.315,0.0415138
156.358,0.0381651
156.434,0.0396789
156.514,0.0410321
156.554,0.042867
156.634,0.0424083
156.714,0.0403899
156.754,0.0383716
156.834,0.0358716
156.914,0.0304587
156.954,0.0302294
157.034,0.0263991
157.114,0.0262156
157.154,0.0267661
157.278,0.0366284
157.335,0.0390367
157.357,0.0396789
157.434,0.039633
157.514,0.0406422
157.554,0.0419495
157.634,0.043922
157.714,0.0436927
157.754,0.0436009
157.834,0.0440596
157.914,0.0427294
157.954,0.0435092
158.034,0.0416284
158.114,0.0418119
158.154,0.0421789
158.234,0.043211
158.314,0.0444495
158.357,0.0438991
158.434,0.046078
158.514,0.0433716
158.554,0.0418349
158.634,0.0410321
158.714,0.0541972
158.754,0.0669266
158.834,0.0964908
158.959,0.134495
158.976,0.143165
159.034,0.16617
159.114,0.168005
159.154,0.164656
159.234,0.164817
159.314,0.155
159.357,0.155069
159.454,0.153739
159.534,0.146812
159.554,0.145917
159.634,0.144174
159.714,0.143257
159.754,0.141307
159.834,0.141628
159.914,0.14305
159.954,0.143349
160.034,0.141789
160.114,0.143372
160.154,0.144587
160.234,0.143326
160.314,0.146376
160.357,0.149748
160.434,0.149908
160.514,0.161353
160.579,0.165826
160.634,0.167431
160.714,0.162156
160.754,0.158417
160.834,0.150275
160.914,0.143372
160.954,0.137248
161.034,0.123486
161.114,0.115505
161.154,0.106491
161.234,0.088555
161.314,0.071445
161.357,0.0639908
161.434,0.0461239
161.514,0.0302752
161.554,0.0233486
161.634,0.0197018
161.714,0.0203211
161.754,0.0200459
161.834,0.0219495
161.914,0.0236468
161.954,0.0265596
162.034,0.0538532
162.114,0.0792202
162.154,0.0890596
162.279,0.117867
162.314,0.124128
162.357,0.126009
162.434,0.129518
162.514,0.133417
162.554,0.136743
162.634,0.139037
162.714,0.141468
162.754,0.140849
162.834,0.141835
162.914,0.143876
162.954,0.145367
163.034,0.14695
163.114,0.149656
163.154,0.149839
163.234,0.150642
163.314,0.152248
163.357,0.154289
163.434,0.151835
163.514,0.153509
163.554,0.152385
163.634,0.154037
163.714,0.153624
163.754,0.156078
163.834,0.152064
163.959,0.147225
163.994,0.140596
164.034,0.130436
164.114,0.116514
164.154,0.109771
164.234,0.100505
164.314,0.0883486
164.357,0.0844266
164.434,0.0754817
164.514,0.062844
164.554,0.0586009
164.635,0.0474083
164.714,0.0446101
164.754,0.0427752
164.834,0.0380963
164.914,0.0354358
164.954,0.033555
165.034,0.0341284
165.114,0.0343578
165.154,0.0361927
165.234,0.0405505
165.314,0.041078
165.357,0.0436009
165.434,0.0443349
165.514,0.0455734
165.599,0.0529128
165.634,0.0534404
165.714,0.0517202
165.754,0.0519495
165.834,0.0518349
165.914,0.0529817
165.954,0.0533257
166.034,0.0525229
166.114,0.053578
166.154,0.0536468
166.234,0.0533486
166.314,0.0533257
166.358,0.0529587
166.434,0.053211
166.514,0.0542661
166.554,0.0520642
166.634,0.0525688
166.714,0.0531193
166.754,0.0542661
166.834,0.0542661
166.914,0.0548395
166.954,0.0584404
167.034,0.0704128
167.114,0.0891972
167.154,0.0992202
167.279,0.119702
167.314,0.140665
167.357,0.151376
167.434,0.157752
167.534,0.161124
167.554,0.160757
167.634,0.162133
167.714,0.160872
167.754,0.161307
167.834,0.159151
167.914,0.157913
167.954,0.157133
168.034,0.152271
168.114,0.149656
168.154,0.147018
168.234,0.143303
168.314,0.145917
168.358,0.146376
168.434,0.148532
168.514,0.149106
168.554,0.150849
168.634,0.152477
168.714,0.152294
168.754,0.152385
168.834,0.15406
168.94,0.151858
168.957,0.153876
169.034,0.155092
169.114,0.156376
169.154,0.155688
169.234,0.159977
169.314,0.163555
169.357,0.168716
169.434,0.173555
169.514,0.182202
169.554,0.18617
169.655,0.190711
169.714,0.191147
169.754,0.189885
169.834,0.182546
169.914,0.177202
169.954,0.175917
170.034,0.165986
170.114,0.156651
170.154,0.15211
170.234,0.13695
170.314,0.12289
170.357,0.11922
170.434,0.103119
170.514,0.0884633
170.599,0.0950229
170.634,0.0787385
170.714,0.0618349
170.754,0.0544725
170.834,0.0424771
170.914,0.0375229
170.954,0.0345872
171.034,0.0300229
171.114,0.0285092
171.154,0.0278211
171.234,0.0283945
171.314,0.0351147
171.357,0.0369495
171.434,0.0440367
171.514,0.0441972
171.554,0.0448624
171.634,0.046078
171.714,0.0461239
171.754,0.0468119
171.834,0.0479816
171.914,0.0479816
171.954,0.0480046
172.034,0.0483257
172.114,0.0481422
172.154,0.0485092
172.279,0.0488073
172.334,0.0477523
172.357,0.0478211
172.434,0.0481881
172.514,0.0479587
172.554,0.0481422
172.634,0.0480275
172.714,0.0478899
172.754,0.0476376
172.834,0.0474771
172.914,0.0476606
172.954,0.0474083
173.034,0.0472936
173.114,0.0470183
173.154,0.0474312
173.234,0.0476147
173.314,0.0474312
173.357,0.0478211
173.434,0.0481881
173.514,0.0480505
173.554,0.047844
173.634,0.0476376
173.714,0.0480963
173.754,0.0479587
173.834,0.0479358
173.96,0.0612385
173.977,0.0618119
174.034,0.061789
174.114,0.0615367
174.154,0.0618349
174.234,0.0620183
174.314,0.0620413
174.357,0.0631193
174.434,0.0622477
174.514,0.0619954
174.554,0.0619266
174.634,0.0605046
174.714,0.0605734
174.754,0.0655275
174.834,0.0809404
174.914,0.0986468
174.954,0.106881
175.034,0.117959
175.114,0.122844
175.154,0.124472
175.234,0.127638
175.314,0.131216
175.357,0.132477
175.434,0.134862
175.514,0.137064
175.599,0.139725
175.634,0.154839
175.714,0.173257
175.754,0.181835
175.834,0.202202
175.914,0.217661
175.954,0.230298
176.034,0.246216
176.114,0.26906
176.154,0.279977
176.234,0.297752
176.314,0.316468
176.357,0.324702
176.434,0.322133
176.514,0.326605
176.554,0.322546
176.634,0.316651
176.714,0.315803
176.754,0.314518
176.834,0.317156
176.914,0.322798
176.954,0.323601
177.034,0.325115
177.114,0.327661
177.154,0.330206
177.278,0.322936
177.314,0.321697
177.357,0.318578
177.434,0.309656
177.514,0.302706
177.554,0.297615
177.634,0.288922
177.714,0.282385
177.754,0.277982
177.834,0.269656
177.914,0.262546
177.955,0.257202
178.034,0.258624
178.114,0.262041
178.154,0.257477
178.234,0.26094
178.314,0.264862
178.357,0.263257
178.434,0.262156
178.514,0.260206
178.554,0.261445
178.634,0.254794
178.714,0.252867
178.754,0.251927
178.834,0.251972
178.919,0.27445
178.954,0.274748
179.034,0.266376
179.114,0.253234
179.154,0.240023
179.234,0.22422
179.314,0.208555
179.357,0.202087
179.434,0.186835
179.514,0.164335
179.554,0.153693
179.634,0.135
179.714,0.117454
179.754,0.107592
179.834,0.0899083
179.914,0.0755275
179.954,0.0691743
180.034,0.058922
180.114,0.0535092
180.154,0.0545413
180.234,0.0599541
180.314,0.0677982
180.357,0.0722018
180.434,0.0786239
180.514,0.0817202
180.599,0.0822706
180.634,0.0819725
180.714,0.0784404
180.754,0.0801376
180.834,0.0730505
180.914,0.0721789
180.954,0.0712156
181.034,0.0693349
181.114,0.0662844
181.154,0.0669266
181.234,0.0680275
181.314,0.0683945
181.357,0.0675229
181.434,0.0675459
181.514,0.0663532
181.554,0.0670872
181.634,0.073555
181.714,0.0838303
181.754,0.091422
181.834,0.103532
181.914,0.115161
181.954,0.120321
182.034,0.128303
182.114,0.133532
182.154,0.136674
182.279,0.156491
182.314,0.160826
182.36,0.162018
182.434,0.163532
182.514,0.164518
182.554,0.166261
182.634,0.167087
182.714,0.16961
182.754,0.171399
182.834,0.175046
182.914,0.176789
182.955,0.182752
183.034,0.184656
183.114,0.187431
183.154,0.187729
183.234,0.189404
183.314,0.19
183.354,0.190528
183.434,0.190642
183.514,0.190734
183.554,0.191009
183.634,0.192018
183.714,0.192775
183.754,0.193532
183.834,0.195
183.959,0.213991
183.976,0.216009
184.034,0.216468
184.114,0.216881
184.154,0.215642
184.234,0.216124
184.314,0.215321
184.357,0.216193
184.434,0.215619
184.514,0.215367
184.554,0.215826
184.635,0.215619
184.714,0.216766
184.754,0.218142
184.834,0.218486
184.914,0.217271
184.954,0.216009
185.034,0.216261
185.114,0.213693
185.154,0.215436
185.234,0.216307
185.314,0.217775
185.358,0.216812
185.434,0.217913
185.514,0.217156
185.599,0.22961
185.634,0.228234
185.714,0.227844
185.754,0.228372
185.834,0.228509
185.914,0.22695
185.954,0.226468
186.034,0.226812
186.114,0.227385
186.154,0.22539
186.234,0.224335
186.315,0.225734
186.357,0.224725
186.434,0.223165
186.514,0.223188
186.554,0.22344
186.634,0.224633
186.714,0.221124
186.754,0.223417
186.834,0.221514
186.914,0.22344
186.954,0.22445
187.034,0.225115
187.114,0.223234
187.154,0.223693
187.279,0.221651
187.314,0.22211
187.357,0.222248
187.434,0.220046
187.514,0.22078
187.574,0.221606
187.634,0.222385
187.714,0.223394
187.754,0.223257
187.834,0.223349
187.914,0.22344
187.954,0.224885
188.034,0.225161
188.114,0.22656
188.154,0.226239
188.234,0.226697
188.314,0.227087
188.357,0.226032
188.434,0.227798
188.514,0.228784
188.554,0.228555
188.634,0.229518
188.714,0.231307
188.754,0.232959
188.834,0.234381
188.959,0.24039
188.976,0.239656
189.034,0.238417
189.114,0.237133
189.154,0.237431
189.234,0.239794
189.314,0.239404
189.357,0.239725
189.434,0.239243
189.514,0.239794
189.554,0.239817
189.634,0.239518
189.714,0.240367
189.754,0.240023
189.834,0.239931
189.914,0.239495
189.954,0.239564
190.034,0.239977
190.114,0.240321
190.154,0.239862
190.234,0.239174
190.314,0.239106
190.357,0.239794
190.434,0.241261
190.514,0.241628
190.599,0.242982
190.634,0.245528
190.714,0.246674
190.754,0.247706
190.834,0.247683
190.914,0.247959
190.954,0.249656
191.034,0.251972
191.114,0.251307
191.154,0.252408
191.234,0.251881
191.314,0.252936
191.358,0.252018
191.434,0.251537
191.514,0.249679
191.554,0.251147
191.634,0.252018
191.714,0.256606
191.754,0.25828
191.834,0.2575
191.914,0.258693
191.954,0.259541
192.034,0.258601
192.114,0.257661
192.154,0.258142
192.258,0.255665
192.314,0.26055
192.358,0.257798
192.434,0.257592
192.514,0.260046
192.554,0.259266
192.634,0.261514
192.714,0.260986
192.754,0.25906
192.834,0.255298
192.914,0.254885
192.955,0.25406
193.034,0.252959
193.114,0.252775
193.155,0.253716
193.234,0.249105
193.314,0.250206
193.357,0.24789
193.434,0.245505
193.514,0.24406
193.554,0.24445
193.634,0.24695
193.714,0.247225
193.754,0.249174
193.834,0.250069
193.939,0.245826
193.956,0.245849
194.034,0.248807
194.115,0.247867
194.154,0.248165
194.234,0.247546
194.314,0.247271
194.357,0.245757
194.434,0.244106
194.514,0.24367
194.554,0.242477
194.635,0.24367
194.714,0.244702
194.754,0.244702
194.834,0.245688
194.914,0.245413
194.954,0.244128
195.034,0.243532
195.114,0.244725
195.154,0.246606
195.234,0.252431
195.314,0.255092
195.357,0.256284
195.434,0.260206
195.514,0.258303
195.598,0.254954
195.654,0.255321
195.714,0.25578
195.774,0.256651
195.834,0.254404
195.914,0.256468
195.954,0.26078
196.034,0.261445
196.114,0.264037
196.154,0.265963
196.234,0.270321
196.314,0.278807
196.357,0.28133
196.434,0.286789
196.515,0.290573
196.554,0.29328
196.634,0.299518
196.714,0.300528
196.754,0.303647
196.834,0.30289
196.914,0.303417
196.954,0.304381
197.055,0.302798
197.114,0.29539
197.154,0.290688
197.278,0.260436
197.314,0.266445
197.357,0.267729
197.434,0.266674
197.514,0.267661
197.554,0.26789
197.634,0.270321
197.714,0.269679
197.754,0.269954
197.834,0.27172
197.914,0.274656
197.954,0.275367
198.034,0.277431
198.114,0.279243
198.154,0.279587
198.234,0.28328
198.314,0.286697
198.358,0.28789
198.434,0.290986
198.514,0.293945
198.554,0.295757
198.634,0.300459
198.714,0.304335
198.754,0.304954
198.834,0.307294
198.938,0.294128
198.955,0.295803
199.034,0.307431
199.114,0.32211
199.154,0.327936
199.234,0.339862
199.314,0.350665
199.358,0.35578
199.434,0.365046
199.514,0.373853
199.554,0.376491
199.634,0.383188
199.714,0.384885
199.754,0.386858
199.834,0.387546
199.914,0.389839
199.954,0.39117
200.034,0.392546
200.114,0.39406
200.154,0.396972
200.234,0.397729
200.314,0.405711
200.357,0.41055
200.434,0.420252
200.514,0.429656
200.558,0.433647
200.634,0.441514
200.714,0.447317
200.754,0.450069
200.834,0.452225
200.914,0.453234
200.954,0.453188
201.034,0.455344
201.114,0.454817
201.154,0.455505
201.234,0.458624
201.314,0.458509
201.357,0.457706
201.434,0.459427
201.514,0.458349
201.554,0.458028
201.634,0.457431
201.714,0.456583
201.754,0.455734
201.834,0.454518
201.914,0.453739
201.954,0.452202
202.034,0.451628
202.114,0.449679
202.154,0.450344
202.258,0.440115
202.314,0.44094
202.357,0.441445
202.434,0.441789
202.514,0.446583
202.554,0.447477
202.634,0.450895
202.714,0.451376
202.754,0.44906
202.834,0.447959
202.914,0.444197
202.954,0.444518
203.034,0.442454
203.114,0.441606
203.154,0.441147
203.234,0.440665
203.314,0.440046
203.357,0.440619
203.434,0.438922
203.514,0.438073
203.554,0.442798
203.634,0.454679
203.714,0.465711
203.754,0.468624
203.834,0.475023
203.939,0.468372
203.956,0.475596
204.034,0.482477
204.114,0.48594
204.154,0.488647
204.234,0.493555
204.314,0.494931
204.358,0.496353
204.434,0.497156
204.514,0.497317
204.554,0.49695
204.634,0.499151
204.714,0.500321
204.754,0.497959
204.834,0.496514
204.914,0.497064
204.954,0.496766
205.034,0.497202
205.114,0.49844
205.154,0.49672
205.234,0.493578
205.314,0.49289
205.358,0.493119
205.434,0.493372
205.514,0.496995
205.598,0.493601
205.634,0.492982
205.714,0.493188
205.754,0.492408
205.834,0.491147
205.914,0.486766
205.954,0.485826
206.034,0.484472
206.114,0.481284
206.154,0.480573
206.234,0.480138
206.314,0.480917
206.357,0.48078
206.434,0.480069
206.514,0.480229
206.554,0.480711
206.634,0.481422
206.714,0.480963
206.754,0.481537
206.834,0.483119
206.914,0.483395
206.954,0.48195
207.034,0.48461
207.114,0.485298
207.154,0.486307
207.277,0.48367
207.314,0.485757
207.357,0.48656
207.434,0.485917
207.514,0.485573
207.554,0.485963
207.634,0.486032
207.714,0.485986
207.754,0.484977
207.834,0.487683
207.914,0.489289
207.954,0.490459
208.034,0.490275
208.114,0.489839
208.154,0.489518
208.234,0.487615
208.314,0.487477
208.357,0.486514
208.434,0.48555
208.514,0.485734
208.554,0.485986
208.634,0.485023
208.714,0.486904
208.754,0.487569
208.834,0.488211
208.958,0.482798
208.975,0.482408
209.034,0.483601
209.114,0.487179
209.154,0.489289
209.234,0.489977
209.314,0.491216
209.357,0.491697
209.434,0.491835
209.514,0.491307
209.554,0.491284
209.634,0.4925
209.714,0.491307
209.754,0.491514
209.834,0.491605
209.914,0.491789
209.954,0.49156
210.034,0.491881
210.114,0.491789
210.154,0.492385
210.234,0.492706
210.314,0.492867
210.357,0.492339
210.434,0.491972
210.514,0.492339
210.598,0.493922
210.654,0.494014
210.714,0.493876
210.754,0.494128
210.834,0.494151
210.914,0.493693
210.954,0.494243
211.034,0.494128
211.114,0.49406
211.154,0.494908
211.234,0.495367
211.314,0.496009
211.357,0.496101
211.434,0.497294
211.514,0.498417
211.554,0.499679
211.634,0.502133
211.714,0.503991
211.754,0.506216
211.834,0.510252
211.914,0.511124
211.954,0.512867
212.034,0.514174
212.114,0.518028
212.154,0.519702
212.278,0.521032
212.314,0.526284
212.357,0.528119
212.434,0.531124
212.514,0.534404
212.554,0.537385
212.634,0.541995
212.714,0.54578
212.754,0.548211
212.834,0.549954
212.914,0.551009
212.954,0.551147
213.034,0.551583
213.114,0.553257
213.154,0.555206
213.234,0.557087
213.314,0.55867
213.357,0.559587
213.424,0.561307
213.505,0.563417
213.544,0.56344
213.625,0.565046
213.705,0.566972
213.744,0.567133
213.824,0.567867
213.969,0.569404
214.005,0.570436
214.024,0.569931
214.104,0.570115
214.144,0.570505
214.225,0.571284
214.304,0.571674
214.345,0.572133
214.424,0.573624
214.505,0.576261
214.544,0.57828
214.625,0.580367
214.704,0.580757
214.744,0.581101
214.824,0.582431
214.904,0.584862
214.945,0.585711
215.024,0.588395
215.104,0.590986
215.144,0.592385
215.225,0.59422
215.304,0.596353
215.345,0.597087
215.424,0.598463
215.505,0.599564
215.609,0.600023
215.664,0.600298
215.704,0.600895
215.744,0.600688
215.824,0.601101
215.904,0.600849
215.945,0.601881
216.024,0.602064
216.104,0.602339
216.144,0.602638
216.225,0.603395
216.304,0.603395
216.345,0.603647
216.424,0.603945
216.505,0.60406
216.544,0.603922
216.625,0.60367
216.705,0.603716
216.744,0.603716
216.825,0.603417
216.904,0.603234
216.945,0.603303
217.024,0.603188
217.104,0.605459
217.144,0.606216
217.289,0.602615
217.306,0.601032
217.345,0.602294
217.424,0.603739
217.505,0.603257
217.544,0.603028
217.625,0.602202
217.704,0.601881
217.744,0.602294
217.824,0.603142
217.904,0.60383
217.945,0.604243
218.024,0.605206
218.104,0.605642
218.144,0.605986
218.225,0.605642
218.304,0.605229
218.345,0.604014
218.424,0.603005
218.505,0.602018
218.544,0.601812
218.625,0.600734
218.704,0.6
218.744,0.599656
218.824,0.59961
218.969,0.584679
218.986,0.584748
219.024,0.584335
219.104,0.582913
219.144,0.582431
219.225,0.582133
219.304,0.582179
219.345,0.583601
219.424,0.585321
219.504,0.584564
219.544,0.584014
219.625,0.583853
219.704,0.584335
219.744,0.585069
219.824,0.584151
219.904,0.58422
219.945,0.584174
220.024,0.584266
220.104,0.584197
220.144,0.584151
220.225,0.585275
220.304,0.585206
220.345,0.584839
220.424,0.584289
220.505,0.58344
220.589,0.581353
220.625,0.581399
220.704,0.581743
220.744,0.582339
220.824,0.582362
220.904,0.582362
220.944,0.582271
221.024,0.582041
221.104,0.582385
221.144,0.582339
221.224,0.582202
221.305,0.581927
221.345,0.581261
221.424,0.58195
221.505,0.581927
221.544,0.58195
221.625,0.58195
221.704,0.582248
221.744,0.58211
221.824,0.583096
221.904,0.583096
221.945,0.583853
222.024,0.584541
222.104,0.584243
222.144,0.584427
222.29,0.584014
222.307,0.584381
222.345,0.584381
222.444,0.584633
222.505,0.585528
222.544,0.586239
222.625,0.587133
222.704,0.587638
222.744,0.587339
222.824,0.5875
222.904,0.587317
222.945,0.587018
223.024,0.586674
223.104,0.58594
223.144,0.586376
223.225,0.586101
223.304,0.585986
223.344,0.585688
223.424,0.585963
223.504,0.585986
223.544,0.585803
223.625,0.585734
223.704,0.586261
223.744,0.586032
223.824,0.585826
223.97,0.582362
223.987,0.582408
224.024,0.582156
224.104,0.582064
224.144,0.581812
224.225,0.581766
224.304,0.582064
224.345,0.58156
224.424,0.581147
224.505,0.58078
224.544,0.580757
224.625,0.580482
224.704,0.58094
224.744,0.58156
224.824,0.581422
224.904,0.581239
224.944,0.581239
225.024,0.581055
225.104,0.581009
225.144,0.58117
225.224,0.580963
225.304,0.581078
225.345,0.58094
225.424,0.580803
225.505,0.580963
225.589,0.580138
225.645,0.580229
225.704,0.580138
225.744,0.580344
225.824,0.58078
225.904,0.581009
225.945,0.580826
226.024,0.581651
226.104,0.581927
226.144,0.582729
226.224,0.582638
226.305,0.582982
226.344,0.583578
226.425,0.583486
226.505,0.583807
226.544,0.583326
226.624,0.583532
226.704,0.583807
226.744,0.583945
226.824,0.584105
226.904,0.583899
226.945,0.584083
227.024,0.584083
227.104,0.583945
227.144,0.583922
227.29,0.580642
227.325,0.58078
227.364,0.580963
227.434,0.581055
227.514,0.581078
227.554,0.581261
227.634,0.58133
227.714,0.581674
227.754,0.582133
227.834,0.582018
227.914,0.582523
227.955,0.581995
228.034,0.582041
228.114,0.582133
228.154,0.582248
228.234,0.581927
228.314,0.581927
228.354,0.581972
228.434,0.582362
228.514,0.582408
228.554,0.582202
228.634,0.581605
228.714,0.580046
228.754,0.579083
228.834,0.578394
228.959,0.56633
228.976,0.565894
229.034,0.566055
229.114,0.566009
229.154,0.566445
229.254,0.566606
229.314,0.566376
229.354,0.566353
229.434,0.565894
229.514,0.565894
229.554,0.565665
229.634,0.565482
229.714,0.565367
229.754,0.565688
229.834,0.565734
229.914,0.565986
229.954,0.566468
230.034,0.566216
230.114,0.566147
230.154,0.566055
230.234,0.566124
230.314,0.565849
230.357,0.565872
230.434,0.565986
230.514,0.566009
230.599,0.56055
230.634,0.561009
230.714,0.561216
230.754,0.561812
230.834,0.56172
230.914,0.561124
230.954,0.561422
231.034,0.561353
231.114,0.561376
231.154,0.561376
231.234,0.561261
231.314,0.561743
231.357,0.561628
231.434,0.561537
231.514,0.561628
231.554,0.561789
231.634,0.561972
231.714,0.561995
231.754,0.562018
231.834,0.562179
231.914,0.56211
231.954,0.562385
232.034,0.562248
232.114,0.562248
232.154,0.562362
232.279,0.563096
232.314,0.563394
232.354,0.563142
232.434,0.563257
232.514,0.562913
232.554,0.562706
232.634,0.563211
232.714,0.563165
232.754,0.563555
232.834,0.563532
232.914,0.563693
232.955,0.563028
233.034,0.563417
233.114,0.563165
233.154,0.563303
233.234,0.563647
233.314,0.563716
233.356,0.563394
233.434,0.563922
233.514,0.564106
233.554,0.563991
233.634,0.563876
233.714,0.563578
233.754,0.563532
233.834,0.563188
233.959,0.562752
233.976,0.562959
234.034,0.56305
234.114,0.563165
234.154,0.563073
234.234,0.563005
234.314,0.562683
234.357,0.562959
234.434,0.563165
234.514,0.56305
234.554,0.563372
234.634,0.563486
234.714,0.563647
234.754,0.563922
234.834,0.56406
234.914,0.564128
234.954,0.564014
235.034,0.563899
235.114,0.563876
235.154,0.56383
235.234,0.564083
235.314,0.564472
235.354,0.564541
235.434,0.564817
235.514,0.565298
235.599,0.563601
235.634,0.563028
235.714,0.562706
235.754,0.562706
235.834,0.562821
235.914,0.562546
235.954,0.562982
236.034,0.563096
236.114,0.562775
236.154,0.562615
236.234,0.563096
236.315,0.563463
236.357,0.563693
236.434,0.563647
236.514,0.563945
236.554,0.563761
236.634,0.56422
236.714,0.564358
236.754,0.564381
236.834,0.564817
236.914,0.565252
236.954,0.565183
237.034,0.565367
237.114,0.565711
237.154,0.565642
237.28,0.56422
237.314,0.563761
237.356,0.564037
237.434,0.564495
237.514,0.564587
237.554,0.564771
237.634,0.564862
237.714,0.564771
237.754,0.564885
238.96,0.561216
237.86,0.561766
239.034,0.561674
237.98,0.562156
238.02,0.562202
238.1,0.562087
238.18,0.561904
238.222,0.562156
238.3,0.562179
238.38,0.562569
238.42,0.563532
238.5,0.563922
238.58,0.564174
238.62,0.56406
238.7,0.564289
238.78,0.56422
238.82,0.564106
238.9,0.563899
238.98,0.563945
239.02,0.56422
239.1,0.564174
239.18,0.564037
239.222,0.564289
239.3,0.563899
239.38,0.564128
239.465,0.562592
239.5,0.562913
239.58,0.562362
239.62,0.562408
239.7,0.562729
239.78,0.563119
239.82,0.563509
239.9,0.563188
239.98,0.563486
240.02,0.564106
240.1,0.564404
240.18,0.564495
240.22,0.564908
240.291,0.564587
240.37,0.564427
240.41,0.564564
240.49,0.564381
240.57,0.564472
240.61,0.564404
240.69,0.564633
240.77,0.564725
240.81,0.565023
240.89,0.566284
240.97,0.566835
241.01,0.567523
241.136,0.567294
241.171,0.566835
241.21,0.567454
241.29,0.566881
241.37,0.566674
241.41,0.566697
241.49,0.566972
241.57,0.567087
241.61,0.566995
241.69,0.567133
241.77,0.567569
241.811,0.567959
241.89,0.568005
241.97,0.56828
242.01,0.568027
242.091,0.568532
242.17,0.568394
242.21,0.568532
242.29,0.568647
242.37,0.568211
242.41,0.568417
242.49,0.568417
242.57,0.568417
242.61,0.568326
242.69,0.568647
242.817,0.56695
242.85,0.5675
242.89,0.567385
242.97,0.568165
243.01,0.568326
243.09,0.568417
243.17,0.568234
243.21,0.568165
243.29,0.568394
243.37,0.569128
243.41,0.569014
243.491,0.568922
243.57,0.568853
243.61,0.568647
243.69,0.569174
243.771,0.569128
243.811,0.568807
243.89,0.569243
243.97,0.569427
244.01,0.569977
244.09,0.569725
244.17,0.569472
244.211,0.569702
244.29,0.569931
244.37,0.569472
244.456,0.569518
244.49,0.568326
244.57,0.568372
244.61,0.568349
244.69,0.568303
244.77,0.568394
244.81,0.568555
244.89,0.568807
244.97,0.568761
245.01,0.568968
245.09,0.569335
245.171,0.569679
245.211,0.569472
245.29,0.569587
245.37,0.570023
245.41,0.570046
245.49,0.570138
245.57,0.570573
245.61,0.570229
245.69,0.570436
245.77,0.570046
245.81,0.570092
245.89,0.570046
245.97,0.569931
246.01,0.569954
246.137,0.567821
246.17,0.568188
246.21,0.568486
246.29,0.568899
246.37,0.569083
246.41,0.56883
246.49,0.56922
246.59,0.568601
246.61,0.569037
246.69,0.569289
246.77,0.569427
246.811,0.569656
246.89,0.569931
246.97,0.570206
247.01,0.570527
247.09,0.570573
247.17,0.571147
247.21,0.570803
247.29,0.571009
247.37,0.570734
247.41,0.570963
247.49,0.571491
247.57,0.570894
247.61,0.571101
247.69,0.570826
247.797,0.569518
247.814,0.56961
247.89,0.569817
247.97,0.570229
248.01,0.570161
248.09,0.569908
248.17,0.569794
248.211,0.569748
248.29,0.569977
248.37,0.569839
248.41,0.56922
248.49,0.569518
248.57,0.569908
248.61,0.569862
248.69,0.569794
248.77,0.569335
248.81,0.569289
248.89,0.56883
248.97,0.569472
249.01,0.570115
249.09,0.569633
249.17,0.570367
249.21,0.570413
249.29,0.57039
249.37,0.570527
249.457,0.571812
249.49,0.572018
249.57,0.572041
249.61,0.572684
249.69,0.573234
249.77,0.572546
249.81,0.572867
249.89,0.572729
249.97,0.573028
250.01,0.573463
250.09,0.57344
250.171,0.573303
250.21,0.573326
250.29,0.573463
250.37,0.573761
250.41,0.573784
250.49,0.57383
250.57,0.574358
250.61,0.574954
250.69,0.574839
250.77,0.57555
250.81,0.575298
250.89,0.574564
250.97,0.574312
251.01,0.575138
251.136,0.571904
251.17,0.572638
251.21,0.572408
251.29,0.572156
251.37,0.57211
251.41,0.572064
251.49,0.572202
251.57,0.572844
251.61,0.57289
251.69,0.574289
251.77,0.575252
251.811,0.576307
251.89,0.578188
251.97,0.579977
252.01,0.580757
252.09,0.583142
252.171,0.584633
252.21,0.58594
252.29,0.588142
252.37,0.590459
252.41,0.591491
252.49,0.593761
252.57,0.595436
252.61,0.596445
252.69,0.598876
252.816,0.600619
252.833,0.601376
252.89,0.602569
252.97,0.604083
253.01,0.60555
253.09,0.606743
253.17,0.608463
253.21,0.609289
253.29,0.609014
253.37,0.61117
253.41,0.611927
253.491,0.614931
253.571,0.614931
253.61,0.615872
253.69,0.614174
253.77,0.613624
253.81,0.612546
253.89,0.612752
253.97,0.611353
254.01,0.611628
254.091,0.611032
254.17,0.608853
254.211,0.607546
254.29,0.606537
254.37,0.60539
254.455,0.583394
254.51,0.584495
254.57,0.585115
254.61,0.586422
254.69,0.588028
254.77,0.588326
254.81,0.588188
254.89,0.58867
254.97,0.588417
255.01,0.58867
255.09,0.588417
255.17,0.588005
255.211,0.587592
255.29,0.587844
255.37,0.588188
255.41,0.588349
255.49,0.588693
255.57,0.588509
255.61,0.588693
255.69,0.589083
255.77,0.588991
255.811,0.588761
255.89,0.588578
255.97,0.588922
256.011,0.588991
256.135,0.584794
256.17,0.585275
256.21,0.585184
256.29,0.585367
256.37,0.584381
256.41,0.584702
256.49,0.584014
256.57,0.583073
256.61,0.58289
256.69,0.582684
256.77,0.583486
256.811,0.584335
256.89,0.585872
256.971,0.585229
257.01,0.585161
257.09,0.585206
257.171,0.586032
257.211,0.585757
257.291,0.58633
257.371,0.58617
257.41,0.586491
257.491,0.58633
257.571,0.586239
257.61,0.58633
257.691,0.586445
257.816,0.584748
257.833,0.584312
257.89,0.584014
257.97,0.58445
258.01,0.584472
258.09,0.584105
258.17,0.584243
258.21,0.584587
258.29,0.584289
258.37,0.583922
258.41,0.58344
258.491,0.583188
258.57,0.582684
258.61,0.583647
258.69,0.584427
258.77,0.584725
258.81,0.584908
258.89,0.58422
258.971,0.584014
259.01,0.583326
259.09,0.581858
259.17,0.580459
259.21,0.581399
259.29,0.581766
259.37,0.582844
259.436,0.582362
259.49,0.581147
259.57,0.581009
259.61,0.581055
259.69,0.581376
259.77,0.580573
259.81,0.581858
259.89,0.582179
259.97,0.582064
260.01,0.58195
260.09,0.581376
260.17,0.581376
260.211,0.581537
260.29,0.582684
260.37,0.583509
260.41,0.58367
260.49,0.583578
260.57,0.583349
260.61,0.583028
260.691,0.583693
260.77,0.583234
260.811,0.583899
260.891,0.583417
260.97,0.583142
261.01,0.583234
261.136,0.582775
261.171,0.581995
261.21,0.582179
261.29,0.581743
261.37,0.581628
261.41,0.58133
261.49,0.581147
261.57,0.58094
261.61,0.580803
261.69,0.580413
261.77,0.579954
261.811,0.579771
261.891,0.579564
261.97,0.579725
262.01,0.580069
262.09,0.581124
262.17,0.579771
262.21,0.579564
262.29,0.579243
262.37,0.579839
262.41,0.580161
262.491,0.580229
262.57,0.580161
262.611,0.579977
262.69,0.579472
262.797,0.577844
262.814,0.576697
262.89,0.576124
262.97,0.575917
263.01,0.576445
263.09,0.577133
263.17,0.57711
263.21,0.577385
263.29,0.577615
263.37,0.577156
263.41,0.576927
263.491,0.57695
263.57,0.576812
263.61,0.576651
263.691,0.576927
263.77,0.577041
263.81,0.577431
263.89,0.577179
263.97,0.577271
264.01,0.577523
264.09,0.578188
264.17,0.578578
264.21,0.578532
264.29,0.578303
264.37,0.578647
264.455,0.577477
264.49,0.577775
264.57,0.577523
264.61,0.577936
264.69,0.57789
264.77,0.578028
264.81,0.578211
264.89,0.577752
264.97,0.577454
265.01,0.577477
265.09,0.5775
265.171,0.577982
265.211,0.578257
265.29,0.577385
265.37,0.578349
265.41,0.577959
265.491,0.578853
265.57,0.578807
265.61,0.578922
265.691,0.578922
265.77,0.578303
265.81,0.577982
265.891,0.577477
265.97,0.5775
266.01,0.577982
266.136,0.575986
266.17,0.57617
266.21,0.57578
266.29,0.576284
266.37,0.576239
266.41,0.576101
266.49,0.575482
266.57,0.575734
266.61,0.575459
266.69,0.575482
266.77,0.575757
266.811,0.576078
266.891,0.575711
266.971,0.575711
267.01,0.576124
267.09,0.576468
267.17,0.576399
267.21,0.576009
267.29,0.576216
267.37,0.576491
267.41,0.576766
267.49,0.576468
267.57,0.576835
267.61,0.576835
267.69,0.576789
267.816,0.576743
267.833,0.576353
267.89,0.576376
267.97,0.576491
268.01,0.576032
268.091,0.57711
268.17,0.57672
268.211,0.576261
268.29,0.576766
268.37,0.577202
268.41,0.577592
268.491,0.576697
268.571,0.577248
268.61,0.577523
268.69,0.577248
268.771,0.577592
268.81,0.577339
268.89,0.577018
268.97,0.577339
269.01,0.5775
269.09,0.577775
269.17,0.576812
269.21,0.576995
269.29,0.577477
269.37,0.577339
269.456,0.572018
269.49,0.571537
269.57,0.572339
269.61,0.572156
269.69,0.572729
269.77,0.573188
269.81,0.573417
269.891,0.57383
269.97,0.57406
270.01,0.574174
270.09,0.574472
270.171,0.574358
270.211,0.574633
270.291,0.574564
270.371,0.574633
270.41,0.574954
270.491,0.574885
270.57,0.574817
270.61,0.574679
270.691,0.574381
270.77,0.574541
270.811,0.57445
270.891,0.574541
270.97,0.574564
271.01,0.574472
277.816,0.574427
277.833,0.573922
271.157,0.573739
271.237,0.573532
271.277,0.572982
271.358,0.57367
271.437,0.573716
271.477,0.57422
271.557,0.574197
271.637,0.57445
271.677,0.574404
271.778,0.574541
271.837,0.574289
271.877,0.574656
271.957,0.574541
272.037,0.574541
272.077,0.574381
272.157,0.574243
272.237,0.574289
272.278,0.57445
272.357,0.574243
272.438,0.575184
272.477,0.574954
272.558,0.575023
272.638,0.574954
272.722,0.570573
272.778,0.571193
272.837,0.571789
272.877,0.572339
272.977,0.57328
273.037,0.573096
273.077,0.572729
273.157,0.573509
273.237,0.574404
273.277,0.574656
273.357,0.574564
273.438,0.574518
273.477,0.574541
273.557,0.574679
273.637,0.573486
273.677,0.573899
273.758,0.574404
273.838,0.574587
273.877,0.57445
273.958,0.574472
274.038,0.575459
274.077,0.575069
274.158,0.575482
274.238,0.575206
274.277,0.575
274.383,0.575688
274.437,0.575894
274.477,0.575826
274.557,0.575596
274.637,0.575688
274.677,0.575229
274.757,0.57539
274.837,0.574564
274.878,0.574748
274.957,0.574908
275.038,0.575367
275.078,0.575069
275.157,0.575367
275.237,0.575436
275.278,0.575206
275.357,0.575344
275.438,0.575642
275.477,0.575963
275.558,0.576605
275.638,0.576583
275.677,0.57695
275.758,0.578028
275.838,0.579243
275.877,0.579151
275.958,0.580665
276.082,0.577638
276.099,0.579656
276.158,0.580321
276.237,0.580826
276.277,0.581009
276.357,0.58156
276.437,0.581881
276.477,0.581743
276.557,0.583991
276.637,0.584335
276.677,0.583899
276.758,0.586124
276.837,0.585344
276.877,0.585229
276.958,0.58461
277.037,0.584128
277.077,0.584541
277.158,0.585642
277.237,0.586009
277.277,0.587018
277.358,0.586995
277.437,0.588142
277.477,0.586605
277.558,0.588257
277.637,0.590344
277.722,0.587271
277.757,0.588463
277.837,0.59117
277.877,0.59305
277.957,0.593693
278.037,0.5925
278.077,0.595826
278.157,0.594633
278.237,0.594427
278.277,0.593509
278.357,0.595344
278.438,0.592821
278.478,0.593165
278.558,0.597775
278.637,0.59695
278.677,0.597133
278.757,0.598188
278.837,0.598005
278.877,0.5975
278.957,0.594748
279.038,0.595252
279.078,0.592179
279.157,0.588647
279.237,0.585092
279.278,0.583853
279.362,0.580963
279.437,0.57695
279.477,0.574587
279.557,0.569885
279.637,0.569266
279.677,0.56883
279.758,0.568326
279.837,0.568601
279.877,0.56805
279.957,0.572064
280.037,0.574381
280.078,0.574771
280.158,0.573119
280.238,0.573257
280.277,0.573876
280.358,0.572592
280.438,0.57
280.478,0.570161
280.557,0.565161
280.637,0.559128
280.677,0.55844
280.757,0.555665
280.838,0.549816
280.877,0.550206
280.957,0.546239
281.083,0.536124
281.1,0.532156
281.157,0.527018
281.237,0.523417
281.277,0.521101
281.357,0.52094
281.437,0.517087
281.478,0.516835
281.557,0.516009
281.637,0.512592
281.678,0.512339
281.758,0.50828
281.838,0.503624
281.877,0.506239
281.958,0.502569
282.038,0.503601
282.078,0.505069
282.158,0.504128
282.238,0.503945
282.277,0.50617
282.358,0.514404
282.438,0.519679
282.478,0.52094
282.568,0.535895
282.647,0.540344
282.711,0.544633
282.767,0.548601
282.847,0.552339
282.887,0.555642
282.987,0.566651
283.047,0.574174
283.087,0.577271
283.167,0.58344
283.247,0.588922
283.287,0.58844
283.367,0.601904
283.448,0.605229
283.487,0.607775
283.567,0.60867
283.647,0.614931
283.687,0.617683
283.767,0.624518
283.847,0.625367
283.887,0.628394
283.967,0.629243
284.047,0.626858
284.087,0.628142
284.167,0.622844
284.247,0.624197
284.287,0.626904
284.391,0.631376
284.447,0.634312
284.491,0.631812
284.567,0.630367
284.647,0.62406
284.687,0.62656
284.767,0.62289
284.847,0.619014
284.887,0.615344
284.967,0.601835
285.047,0.588005
285.088,0.582179
285.168,0.564748
285.248,0.54922
285.288,0.543257
285.367,0.529037
285.448,0.517248
285.491,0.513349
285.568,0.506514
285.647,0.507271
285.687,0.506697
285.767,0.508142
285.848,0.504037
285.887,0.507729
285.968,0.512385
286.072,0.515642
286.089,0.51961
286.167,0.51633
286.247,0.51633
286.287,0.518349
286.367,0.519128
286.447,0.512248
286.491,0.512729
286.567,0.511124
286.647,0.50656
286.687,0.508005
286.768,0.506514
286.849,0.504151
286.887,0.502661
286.967,0.508509
287.047,0.51211
287.088,0.515872
287.167,0.523578
287.249,0.536124
287.287,0.539289
287.37,0.548876
287.449,0.554862
287.491,0.551216
287.569,0.55211
287.647,0.547615
287.734,0.547408
287.768,0.539289
287.847,0.541651
287.887,0.546239
287.968,0.550734
288.047,0.544174
288.089,0.54555
288.167,0.539679
288.247,0.53805
288.288,0.533395
288.367,0.527271
288.449,0.524243
288.491,0.521307
288.568,0.51844
288.649,0.515436
288.688,0.512729
288.768,0.507408
288.849,0.503739
288.889,0.503968
288.967,0.497202
289.049,0.502064
289.089,0.503326
289.169,0.515184
289.249,0.521353
289.288,0.526147
289.391,0.537454
289.449,0.545505
289.488,0.550528
289.568,0.555367
289.649,0.55406
289.688,0.55555
289.768,0.555986
289.849,0.560849
289.889,0.560092
289.968,0.558394
290.049,0.55195
290.088,0.550115
290.169,0.546147
290.249,0.546904
290.288,0.547821
290.368,0.549977
290.449,0.548005
290.491,0.548945
290.568,0.552454
290.649,0.558922
290.688,0.56133
290.768,0.562523
290.849,0.568027
290.889,0.569404
290.968,0.566514
291.092,0.556606
291.109,0.556239
291.169,0.557775
291.249,0.557294
291.288,0.558509
291.368,0.556399
291.449,0.554633
291.491,0.552087
291.568,0.543784
291.649,0.539725
291.689,0.53805
291.768,0.529128
291.849,0.516743
291.889,0.513028
291.968,0.500115
292.049,0.492202
292.088,0.489587
292.169,0.480252
292.249,0.469564
292.289,0.464151
292.368,0.45406
292.449,0.448073
292.491,0.444564
292.568,0.436124
292.649,0.434083
292.732,0.434771
292.787,0.424105
292.849,0.417018
292.888,0.411812
292.968,0.404885
293.048,0.395298
293.088,0.395413
293.169,0.387683
293.249,0.38539
293.288,0.387339
293.368,0.386376
293.449,0.390298
293.491,0.392087
293.568,0.392959
293.649,0.403349
293.688,0.409266
293.77,0.416124
293.849,0.43
293.889,0.436651
293.968,0.447018
294.049,0.45922
294.088,0.465596
294.169,0.474335
294.25,0.480023
294.288,0.477133
294.372,0.478876
294.449,0.485482
294.492,0.486216
294.568,0.485872
294.649,0.490069
294.688,0.495505
294.768,0.506628
294.849,0.518945
294.889,0.521766
294.968,0.525619
295.049,0.533028
295.088,0.538349
295.169,0.547087
295.249,0.551261
295.288,0.55594
295.368,0.559748
295.449,0.569128
295.491,0.573486
295.568,0.579748
295.649,0.58617
295.688,0.585734
295.769,0.591239
295.849,0.596904
295.889,0.601628
295.969,0.609908
296.092,0.625986
296.109,0.627798
296.169,0.6375
296.249,0.648853
296.288,0.65656
296.368,0.661835
296.449,0.653945
296.491,0.655895
296.568,0.657248
296.649,0.662546
296.689,0.667752
296.769,0.678853
296.849,0.680229
296.889,0.687133
296.969,0.683693
297.049,0.675619
297.088,0.675229
297.169,0.664656
297.249,0.651995
297.288,0.645573
297.368,0.635115
297.449,0.622936
297.491,0.62156
297.568,0.610986
297.649,0.605803
297.711,0.609816
297.768,0.596904
297.849,0.599128
297.889,0.5975
297.968,0.60211
298.049,0.603211
298.088,0.608463
298.169,0.616514
298.249,0.631972
298.288,0.643899
298.369,0.645734
298.449,0.641514
298.491,0.641468
298.568,0.645092
298.649,0.630161
298.689,0.631078
298.768,0.618463
298.849,0.606697
298.889,0.599839
298.968,0.595986
299.049,0.590046
299.089,0.593784
299.169,0.593417
299.249,0.591697
299.288,0.59672
299.412,0.616193
299.449,0.616468
299.491,0.61922
299.568,0.608417
299.649,0.59844
299.688,0.601307
299.768,0.599128
299.849,0.599977
299.889,0.595183
299.969,0.581628
300.049,0.575894
300.089,0.572179
300.17,0.553647
300.249,0.535023
300.288,0.530688
300.368,0.507546
300.449,0.494794
300.491,0.489633
300.568,0.465046
300.649,0.4475
300.689,0.44094
300.768,0.428716
300.849,0.432454
300.889,0.438899
300.969,0.446055
301.071,0.448165
301.088,0.456628
301.17,0.472385
301.249,0.489014
301.288,0.500894
301.368,0.514839
301.449,0.528761
301.492,0.535711
301.568,0.549885
301.649,0.553739
301.688,0.557592
301.768,0.559931
301.849,0.558188
301.889,0.558899
301.968,0.558578
302.049,0.554656
302.088,0.554633
302.169,0.552339
302.249,0.549174
302.288,0.549656
302.368,0.548326
302.428,0.543349
302.491,0.542018
302.568,0.538326
302.649,0.534679
302.692,0.534151
302.768,0.531789
302.849,0.531858
302.889,0.531101
302.968,0.529794
303.049,0.529151
303.088,0.53172
303.169,0.529427
303.228,0.530252
303.288,0.530665
303.368,0.541766
303.449,0.554839
303.491,0.558119
303.568,0.575711
303.629,0.581628
303.688,0.588303
303.768,0.597867
303.828,0.610986
303.889,0.61828
303.948,0.627202
304.028,0.641972
304.088,0.651812
304.148,0.665482
304.228,0.681858
304.288,0.689564
304.372,0.705482
304.428,0.721193
304.468,0.732339
304.548,0.741032
304.628,0.747569
304.668,0.747317
304.748,0.750436
304.828,0.747225
304.868,0.749862
304.948,0.742844
305.028,0.740115
305.068,0.738326
305.148,0.744358
305.228,0.74805
305.268,0.754817
305.348,0.763716
305.428,0.769174
305.468,0.772592
305.548,0.771239
305.628,0.767844
305.668,0.765321
305.748,0.759518
305.828,0.749128
305.868,0.746284
305.948,0.732936
306.092,0.713578
306.109,0.707982
306.148,0.702431
306.228,0.694931
306.267,0.693165
306.348,0.688555
306.428,0.680849
306.468,0.678142
306.548,0.666514
306.628,0.655872
306.668,0.652959
306.748,0.645413
306.828,0.640046
306.868,0.635229
306.948,0.620069
307.028,0.606491
307.068,0.599817
307.148,0.581605
307.228,0.564656
307.267,0.561628
307.348,0.544816
307.428,0.527202
307.468,0.523211
307.548,0.512844
307.628,0.504381
307.692,0.498876
307.748,0.488578
307.828,0.477133
307.867,0.473876
307.948,0.475092
308.028,0.468693
308.068,0.469817
308.148,0.46633
308.228,0.471399
308.268,0.476995
308.348,0.49
308.428,0.507133
308.468,0.509725
308.548,0.513211
308.628,0.519335
308.668,0.516628
308.748,0.512569
308.848,0.508876
308.868,0.502638
308.948,0.489977
309.028,0.496124
309.068,0.499037
309.148,0.506445
309.228,0.517752
309.268,0.52422
309.412,0.537431
309.429,0.536697
309.468,0.532729
309.548,0.533463
309.628,0.531147
309.667,0.532225
309.748,0.527339
309.828,0.52133
309.867,0.523005
309.947,0.517408
310.028,0.499931
310.068,0.494495
310.148,0.480321
310.228,0.467982
310.267,0.462156
310.348,0.445252
310.427,0.427615
310.468,0.423784
310.557,0.41594
310.637,0.41133
310.677,0.408188
310.757,0.4075
310.837,0.408211
310.877,0.409656
310.957,0.400734
311.061,0.386972
311.078,0.382706
311.157,0.368532
311.237,0.358532
311.277,0.351468
311.357,0.336078
311.437,0.326697
311.477,0.316124
311.557,0.300849
311.637,0.290413
311.738,0.287064
311.818,0.282729
311.898,0.278991
311.938,0.27789
312.018,0.278417
312.098,0.285344
312.138,0.287775
312.218,0.297179
312.298,0.311651
312.337,0.314839
312.418,0.322706
312.498,0.328991
312.538,0.328761
312.617,0.328784
312.698,0.320505
312.78,0.311674
312.817,0.306353
312.897,0.300115
312.937,0.299725
313.017,0.303394
313.097,0.302615
313.137,0.304656
313.217,0.305894
313.297,0.306674
313.337,0.307798
313.417,0.310917
313.498,0.315115
313.537,0.314083
313.617,0.315642
313.697,0.322844
313.737,0.32711
313.817,0.335275
313.898,0.344243
313.937,0.344679
314.017,0.349817
314.098,0.367179
314.138,0.375734
314.217,0.387661
314.298,0.395252
314.337,0.397683
314.421,0.403807
314.497,0.412706
314.537,0.416445
314.618,0.423761
314.697,0.428991
314.737,0.434312
314.817,0.441858
314.897,0.447592
314.937,0.448647
315.017,0.443073
315.097,0.43883
315.138,0.437683
315.217,0.429725
315.297,0.420986
315.337,0.418349
315.417,0.419725
315.497,0.417362
315.538,0.416491
315.617,0.41172
315.698,0.412706
315.737,0.413463
315.818,0.408647
315.897,0.407225
315.937,0.406904
316.017,0.405528
316.122,0.399266
316.139,0.403028
316.217,0.405711
316.297,0.397661
316.337,0.396078
316.418,0.396101
316.498,0.391766
316.538,0.390229
316.617,0.382271
316.698,0.368532
316.737,0.365275
316.818,0.351537
316.897,0.342294
316.937,0.336835
317.017,0.323417
317.118,0.308784
317.138,0.302156
317.218,0.287248
317.297,0.27539
317.337,0.270023
317.417,0.263922
317.498,0.257064
317.538,0.249404
317.617,0.242798
317.697,0.242018
317.781,0.243028
317.817,0.241972
317.897,0.235252
317.937,0.231147
318.017,0.215596
318.097,0.198119
318.137,0.193142
318.217,0.176353
318.297,0.170986
318.337,0.164908
318.417,0.154289
318.518,0.141606
318.538,0.134289
318.617,0.119541
318.698,0.103601
318.737,0.0952752
318.818,0.0734633
318.897,0.0529587
318.938,0.0436239
319.018,0.0291743
319.098,0.0202294
319.138,0.0136927
319.217,0.0125
319.297,0.0102064
319.337,0.00818807
319.461,0.0127294
319.517,0.0138761
319.537,0.0133257
319.617,0.0183257
319.697,0.0227294
319.737,0.0268119
319.817,0.0349312
319.897,0.0376147
319.937,0.0367661
320.017,0.0342661
320.097,0.0345872
320.138,0.0343807
320.217,0.0330046
320.298,0.0327752
320.338,0.0323624
320.418,0.0315367
320.498,0.0322018
320.538,0.0324083
320.617,0.0335092
320.698,0.0346101
320.737,0.0352064
320.817,0.0351376
320.897,0.0348853
320.937,0.035344
321.017,0.0351147
321.142,0.0465367
321.159,0.0470642
321.217,0.0472018
321.297,0.0473165
321.338,0.0472477
321.417,0.0471789
321.497,0.0470872
321.537,0.0466055
321.617,0.0466284
321.697,0.0466514
321.737,0.0459633
321.818,0.045711
321.898,0.0449771
321.937,0.0447936
326.135,0.0458257
322.041,0.0461239
326.207,0.0459174
322.162,0.0461009
322.201,0.0458945
322.281,0.046055
322.361,0.0465367
322.402,0.0461927
322.481,0.0468119
322.562,0.0468349
322.601,0.0466055
322.682,0.0473853
322.762,0.0475229
322.802,0.0474312
322.882,0.0471789
322.962,0.0470183
323.002,0.0472248
323.082,0.0473165
323.162,0.0473165
323.202,0.0474541
323.281,0.0479587
323.362,0.0480275
323.401,0.0483028
323.481,0.0486927
323.562,0.0481881
323.648,0.0502294
323.682,0.0499312
323.761,0.0494495
323.801,0.0495872
323.881,0.0500688
323.961,0.0503899
324.001,0.0498165
324.081,0.049633
324.162,0.049633
324.202,0.0489679
324.282,0.0498624
324.362,0.0499771
324.402,0.0500917
324.482,0.0497936
324.562,0.0498165
324.602,0.0491972
324.682,0.0483257
324.762,0.0479128
324.801,0.0492431
324.881,0.0489679
324.962,0.0491514
325.001,0.0485092
325.082,0.0487615
325.162,0.048555
325.201,0.0489679
325.328,0.0460092
325.362,0.0463303
325.401,0.0466972
325.481,0.0471789
325.561,0.0473624
325.601,0.0473395
325.681,0.0473165
325.761,0.0469954
325.801,0.0468807
325.881,0.0474083
325.962,0.0473853
326.002,0.0463991
326.082,0.0460321
326.162,0.0461697
326.202,0.0461468
326.282,0.0462615
326.362,0.047156
326.402,0.0472018
326.482,0.0472248
326.562,0.0473624
326.602,0.0477064
326.682,0.0473624
326.762,0.0476606
326.801,0.0477064
326.882,0.0478211
327.008,0.0460092
327.025,0.0462156
327.081,0.0458716
327.162,0.0458257
327.201,0.0461009
327.281,0.046078
327.361,0.0454128
327.401,0.052133
327.481,0.0752064
327.562,0.0986697
327.601,0.106583
327.682,0.112362
327.762,0.117729
327.802,0.119702
327.882,0.123922
327.962,0.127179
328.002,0.128326
328.082,0.144748
328.162,0.172271
328.202,0.185711
328.282,0.212477
328.362,0.237867
328.402,0.244954
328.482,0.25195
328.562,0.25445
328.647,0.248005
328.682,0.251239
328.762,0.245872
328.802,0.245711
328.882,0.2425
328.962,0.233716
329.002,0.233899
329.082,0.234541
329.162,0.232271
329.201,0.232271
329.281,0.233761
329.362,0.235803
329.402,0.237913
329.481,0.24094
329.562,0.237431
329.601,0.234358
329.681,0.225986
329.761,0.216353
329.801,0.212936
329.881,0.202661
329.961,0.19617
330.001,0.193761
330.081,0.188922
330.162,0.184656
330.201,0.182706
330.308,0.180413
330.362,0.184358
330.402,0.186812
330.482,0.180413
330.562,0.173784
330.602,0.166468
330.682,0.151766
330.762,0.159106
330.802,0.164128
330.882,0.173211
330.961,0.17672
331.002,0.181422
331.082,0.179541
331.162,0.183142
331.202,0.187339
331.282,0.18961
331.362,0.185734
331.402,0.186055
331.482,0.180872
331.562,0.175092
331.601,0.174174
331.682,0.184564
331.762,0.200344
331.802,0.211147
331.882,0.22617
332.007,0.232064
332.024,0.237523
332.081,0.234128
332.161,0.235367
332.201,0.232752
332.281,0.228601
332.361,0.225826
332.401,0.230596
332.481,0.227959
332.561,0.230161
332.601,0.232431
332.682,0.235459
332.762,0.238257
332.801,0.237523
332.882,0.247362
332.962,0.244908
333.002,0.241789
333.082,0.232798
333.162,0.228165
333.202,0.223945
333.282,0.221284
333.362,0.219427
333.402,0.216881
333.482,0.214908
333.562,0.207018
333.647,0.199931
333.682,0.178784
333.761,0.156995
333.801,0.145206
333.882,0.121858
333.962,0.10133
334.001,0.0920413
334.081,0.0733257
334.162,0.0580963
334.201,0.0548165
334.281,0.0475688
334.362,0.0396101
334.402,0.0357798
334.482,0.0293119
334.562,0.0253211
334.602,0.0208716
334.682,0.0194954
334.762,0.0196101
334.802,0.0197018
334.882,0.0201835
334.962,0.0214908
335.002,0.0229587
335.082,0.0301606
335.162,0.0336697
335.202,0.035
335.327,0.043578
335.362,0.044656
335.401,0.0453899
335.482,0.0455963
335.562,0.0467431
335.602,0.046422
335.682,0.0468119
335.762,0.0472018
335.801,0.0466743
335.882,0.0467431
335.962,0.0465596
336.002,0.0480734
336.082,0.0499541
336.162,0.0502523
336.202,0.0508716
336.282,0.0568349
336.362,0.0629128
336.402,0.0657569
336.482,0.0704817
336.562,0.0734633
336.602,0.0763532
336.682,0.0816972
336.762,0.0837844
336.801,0.0848165
336.882,0.0872706
337.006,0.085
337.042,0.0841284
337.082,0.0892661
337.162,0.0914679
337.202,0.0876147
337.282,0.0829817
337.362,0.0891743
337.402,0.0916055
337.482,0.107959
337.562,0.123968
337.601,0.125872
337.682,0.13305
337.762,0.145183
337.801,0.148968
337.882,0.157867
337.962,0.164633
338.002,0.167523
338.081,0.176972
338.162,0.185894
338.201,0.184954
338.281,0.185046
338.361,0.181674
338.402,0.180459
338.482,0.177661
338.561,0.171445
338.605,0.167156
338.681,0.160528
338.761,0.162156
338.801,0.162248
338.882,0.159702
338.962,0.160046
339.002,0.16344
339.082,0.161514
339.162,0.161445
339.202,0.162202
339.282,0.153349
339.362,0.147615
339.402,0.143096
339.482,0.13
339.562,0.124885
339.602,0.131032
339.682,0.137523
339.762,0.139954
339.801,0.14195
339.881,0.155367
339.961,0.167225
340.002,0.162821
340.082,0.169014
340.162,0.176307
340.202,0.178922
340.326,0.169151
340.362,0.155298
340.401,0.148188
340.482,0.135803
340.561,0.121628
340.601,0.113509
340.682,0.0944266
340.762,0.0798395
340.801,0.0688073
340.881,0.0490826
340.961,0.031445
341.002,0.0249541
341.082,0.0134174
341.162,0.0132339
341.202,0.0136927
341.282,0.0141972
341.362,0.0145413
341.401,0.0150917
341.482,0.0156193
341.562,0.0165826
341.602,0.017156
341.682,0.0180505
341.762,0.0261239
341.802,0.029289
341.882,0.0380963
342.006,0.0621789
342.023,0.0633945
342.082,0.0630963
342.162,0.064289
342.202,0.0660092
342.282,0.0672706
342.382,0.0690138
342.401,0.0687156
342.482,0.0684404
342.561,0.0688073
342.601,0.067844
342.682,0.0677294
342.762,0.0675459
342.801,0.0671101
342.881,0.0668349
342.961,0.0676147
343.001,0.0670872
343.081,0.0671101
343.162,0.0668119
343.202,0.0669037
343.282,0.0672936
343.362,0.0674083
343.402,0.0675688
343.482,0.0664679
343.562,0.0665826
343.646,0.0666055
343.682,0.066422
343.762,0.065344
343.801,0.0656193
343.901,0.0661239
343.961,0.0660321
344.001,0.0652982
344.082,0.065367
344.162,0.0661468
344.201,0.0658028
344.281,0.066055
344.362,0.0664908
344.402,0.0665596
344.482,0.0665826
344.562,0.0665596
344.602,0.0659862
344.682,0.066422
344.761,0.0663303
344.802,0.0664908
344.882,0.0662156
344.961,0.0663073
345.001,0.0663073
345.082,0.0668349
345.162,0.0674771
345.202,0.0684174
345.327,0.0705046
345.361,0.0709174
345.402,0.071422
345.481,0.0711927
345.562,0.0711009
345.601,0.0711468
345.682,0.0711468
345.762,0.071445
345.802,0.0712615
345.882,0.0708257
345.962,0.0701606
352.008,0.0653899
346.052,0.0646101
352.082,0.0645642
346.189,0.0647248
346.229,0.0643119
346.308,0.064633
346.389,0.0648395
346.429,0.0649541
346.509,0.0649312
346.589,0.0649541
346.628,0.0634862
346.709,0.0630963
346.789,0.0627982
346.829,0.0625229
346.908,0.0629358
346.989,0.0631193
347.029,0.0638073
347.109,0.0633945
347.189,0.0632569
347.229,0.0633028
347.309,0.0629587
347.388,0.0630275
347.429,0.0630505
347.508,0.0633257
347.589,0.0633945
347.674,0.0652523
347.709,0.0655734
347.789,0.0648165
347.829,0.0643119
347.908,0.0631651
347.988,0.0630963
348.028,0.0623395
348.108,0.0626376
348.189,0.0636009
348.228,0.063578
348.308,0.0638532
348.389,0.0626606
348.429,0.0630734
348.509,0.0629358
348.589,0.0623395
348.628,0.0620183
348.709,0.061789
348.789,0.0616284
348.828,0.0615138
348.909,0.0615826
348.989,0.0616055
349.028,0.0619037
349.108,0.0619266
349.189,0.0629128
349.228,0.0629817
349.355,0.0640596
349.389,0.0652064
349.429,0.0649083
349.508,0.0658945
349.589,0.0652752
349.628,0.0654128
349.709,0.0664908
349.788,0.0664679
349.829,0.0662844
349.909,0.066422
349.989,0.0666514
350.029,0.0666284
350.109,0.0797248
350.189,0.0998394
350.229,0.109977
350.309,0.1325
350.389,0.151858
350.429,0.159817
350.509,0.168532
350.589,0.173417
350.629,0.175183
350.709,0.178234
350.789,0.179702
350.829,0.176881
350.909,0.170459
351.034,0.15055
351.051,0.151514
351.109,0.151445
351.189,0.150115
351.229,0.149862
351.309,0.149725
351.389,0.148601
351.429,0.15
351.509,0.148945
351.589,0.150413
351.628,0.151078
351.709,0.151514
351.789,0.153096
351.829,0.152936
351.909,0.154083
351.989,0.155115
352.029,0.15617
352.109,0.156606
352.189,0.167225
352.229,0.175275
352.309,0.188463
352.389,0.202638
352.429,0.209518
352.509,0.222729
352.589,0.227798
352.672,0.229817
352.709,0.232729
352.789,0.234839
352.829,0.234954
352.909,0.235413
352.989,0.235917
353.029,0.235665
353.109,0.236858
353.189,0.235298
353.229,0.233647
353.309,0.233188
353.389,0.231147
353.429,0.232775
353.509,0.235321
353.589,0.235734
353.629,0.23656
353.709,0.237982
353.789,0.239794
353.828,0.240092
353.909,0.238372
353.989,0.237064
354.029,0.237408
354.109,0.239335
354.189,0.239771
354.228,0.240482
354.332,0.244404
354.389,0.244289
354.428,0.243968
354.509,0.244128
354.589,0.244472
354.628,0.244197
354.709,0.245321
354.789,0.25055
354.828,0.254289
354.909,0.267156
354.989,0.281445
355.029,0.289014
355.109,0.299564
355.189,0.308624
355.229,0.309839
355.309,0.311009
355.389,0.313349
355.429,0.312064
355.509,0.31094
355.589,0.311766
355.629,0.312408
355.709,0.313028
355.789,0.31383
355.829,0.314885
355.909,0.315
355.993,0.316376
356.028,0.317087
356.109,0.317271
356.189,0.315826
356.228,0.316284
356.309,0.322248
356.389,0.331078
356.429,0.335849
356.509,0.347271
356.589,0.361239
356.629,0.365734
356.709,0.375573
356.789,0.386651
356.829,0.386927
356.909,0.391147
356.989,0.395619
357.029,0.396422
357.109,0.400344
357.189,0.40461
357.229,0.405229
357.309,0.407179
357.389,0.40906
357.429,0.409725
357.509,0.412569
357.589,0.413303
357.652,0.427913
357.709,0.425413
357.788,0.426927
357.829,0.428784
357.909,0.42828
357.989,0.429656
358.029,0.431491
358.109,0.431904
358.189,0.434174
358.229,0.433096
358.309,0.433326
358.389,0.431514
358.428,0.428991
358.509,0.43039
358.589,0.430917
358.629,0.435849
358.709,0.443509
358.789,0.457844
358.829,0.464495
358.909,0.476239
358.989,0.487477
359.029,0.492844
359.109,0.505229
359.189,0.514083
359.229,0.517523
359.332,0.523899
359.389,0.524404
359.429,0.526147
359.509,0.527179
359.589,0.529862
359.629,0.529839
359.709,0.528624
359.789,0.53
359.828,0.53195
359.909,0.533761
359.988,0.53555
360.029,0.537041
360.109,0.538005
360.189,0.538716
360.228,0.539518
360.309,0.54094
360.389,0.541078
360.429,0.542661
360.509,0.543486
360.589,0.54578
360.629,0.546789
360.709,0.555963
360.789,0.569128
360.829,0.577225
360.909,0.591995
361.013,0.597775
361.03,0.600023
361.109,0.605596
361.189,0.611078
361.229,0.613578
361.309,0.617706
361.389,0.621055
361.429,0.623647
361.509,0.621766
361.589,0.626858
361.629,0.62906
361.709,0.635803
361.789,0.643257
361.829,0.646376
361.909,0.654427
361.989,0.666972
362.029,0.669381
362.109,0.676674
362.189,0.682683
362.229,0.683532
362.309,0.691078
362.389,0.694931
362.429,0.698028
362.509,0.702087
362.589,0.70945
362.672,0.717133
362.709,0.718532
362.789,0.71211
362.829,0.709656
362.909,0.706514
362.989,0.704197
363.029,0.701605
363.109,0.700482
363.189,0.695367
363.228,0.696216
363.309,0.693349
363.389,0.690849
363.429,0.691422
363.509,0.689633
363.589,0.685734
363.629,0.683853
363.709,0.679289
363.789,0.672339
363.829,0.669312
363.909,0.663761
363.989,0.659794
364.029,0.655619
364.109,0.64906
364.189,0.643303
364.229,0.641697
364.312,0.624083
364.389,0.619014
364.429,0.617087
364.504,0.615573
364.584,0.612064
364.623,0.611445
364.704,0.608486
364.784,0.610436
364.824,0.613349
364.904,0.616812
364.984,0.620413
365.024,0.623165
365.104,0.628784
365.184,0.631995
365.224,0.634954
365.304,0.639174
365.384,0.64445
365.424,0.64672
365.504,0.650688
365.584,0.656399
365.624,0.659885
365.704,0.662362
365.784,0.6675
365.824,0.67133
365.904,0.674816
366.027,0.672385
366.064,0.673991
366.104,0.67633
366.184,0.679679
366.224,0.679702
366.304,0.681606
366.384,0.683028
366.424,0.682339
366.524,0.682821
366.584,0.681674
366.624,0.68133
366.704,0.682156
366.784,0.683188
366.824,0.68156
366.904,0.682385
366.984,0.682087
367.024,0.68094
367.104,0.677706
367.184,0.675275
367.224,0.675413
367.304,0.67656
367.384,0.678761
367.424,0.680252
367.504,0.683509
367.584,0.692821
367.667,0.680275
367.704,0.690092
367.784,0.699358
367.824,0.702546
367.904,0.710459
367.984,0.716605
368.024,0.720872
368.104,0.72633
368.184,0.724931
368.224,0.72656
368.304,0.732179
368.384,0.734541
368.424,0.734106
368.504,0.733509
368.584,0.732936
368.624,0.732982
368.704,0.732592
368.784,0.732638
368.823,0.733761
368.904,0.735161
368.984,0.737775
369.024,0.736904
369.104,0.73695
369.184,0.737202
369.223,0.737271
369.327,0.72078
369.384,0.721422
369.423,0.721743
369.504,0.72289
369.584,0.724404
369.624,0.725895
369.704,0.730803
369.784,0.736216
369.824,0.738165
369.904,0.741766
369.984,0.747798
370.024,0.750367
370.104,0.755826
370.184,0.761537
370.224,0.764404
370.304,0.769702
370.384,0.775436
370.424,0.78078
370.504,0.792638
370.584,0.803922
370.624,0.808326
370.704,0.817569
370.784,0.826583
370.824,0.832844
370.904,0.84344
371.027,0.848257
371.044,0.850734
371.104,0.856583
371.184,0.863257
371.224,0.866055
371.304,0.867683
371.384,0.869174
371.424,0.868968
371.504,0.868624
371.584,0.867798
371.624,0.867729
371.704,0.867385
371.784,0.864633
371.824,0.864587
371.904,0.86383
371.984,0.861995
372.024,0.860963
372.104,0.857316
372.184,0.85367
372.224,0.851239
372.304,0.847294
372.384,0.843555
372.424,0.843395
372.504,0.842683
372.584,0.841858
372.627,0.825092
372.704,0.82383
372.784,0.821147
372.824,0.819587
372.904,0.819243
372.984,0.817683
373.024,0.817431
373.104,0.815665
373.184,0.813739
373.224,0.811307
373.304,0.81422
373.384,0.818394
373.424,0.820872
373.504,0.826261
373.584,0.832018
373.624,0.834954
373.704,0.839243
373.784,0.845459
373.824,0.84805
373.904,0.851835
373.984,0.853005
374.024,0.852844
374.104,0.853761
374.184,0.853555
374.224,0.853693
374.347,0.846284
374.384,0.845711
374.424,0.844472
374.504,0.844105
374.584,0.844771
374.624,0.844518
374.704,0.844931
374.784,0.844404
374.824,0.845115
374.904,0.846835
374.984,0.847798
375.024,0.848624
375.104,0.849656
375.184,0.850963
375.224,0.850803
375.304,0.851468
375.384,0.851216
375.424,0.851927
375.504,0.854358
375.584,0.855895
375.624,0.856537
375.704,0.856995
375.784,0.85828
375.824,0.856055
375.904,0.85367
375.988,0.827064
376.024,0.827041
376.104,0.826537
376.184,0.827317
376.224,0.827477
376.304,0.827615
376.384,0.829702
376.424,0.828257
376.504,0.82828
376.584,0.830229
376.624,0.830826
376.704,0.833509
376.784,0.835
376.824,0.833761
376.904,0.835803
376.984,0.836674
377.024,0.836284
377.104,0.838188
377.184,0.839243
377.224,0.840161
377.304,0.84078
377.384,0.84133
377.424,0.841032
377.504,0.842844
377.584,0.844037
377.668,0.830528
377.704,0.831766
377.784,0.834817
377.824,0.835596
377.904,0.837156
377.984,0.838532
378.024,0.840138
378.104,0.842018
378.184,0.842752
378.224,0.843486
378.304,0.844335
378.384,0.846537
378.424,0.847225
378.504,0.850826
378.584,0.854518
378.624,0.856353
378.704,0.857339
378.784,0.860252
378.824,0.861422
378.904,0.864564
378.984,0.864381
379.024,0.865367
379.104,0.865436
379.184,0.863899
379.224,0.863853
379.347,0.859633
379.384,0.859541
379.424,0.858142
379.504,0.859106
379.584,0.860023
379.624,0.859083
379.704,0.857133
379.784,0.857683
379.824,0.85695
379.904,0.856147
379.984,0.857271
380.024,0.855872
380.104,0.855665
380.184,0.855046
380.224,0.855115
380.304,0.853624
380.384,0.850734
380.424,0.84656
380.504,0.843739
380.584,0.843211
380.624,0.840826
380.704,0.84055
380.784,0.839495
380.824,0.838005
380.904,0.837408
381.008,0.807271
381.025,0.807959
381.104,0.80828
381.184,0.807569
381.223,0.807775
381.304,0.807133
381.384,0.806628
381.423,0.806124
381.497,0.806239
381.577,0.805963
381.616,0.806307
381.697,0.806284
381.777,0.806628
381.817,0.806307
381.897,0.806124
381.977,0.806032
382.017,0.806468
382.097,0.806445
