0.119987,0.117073
0.1,0.122764
0.119987,0.132114
0.2,0.150122
0.280013,0.16626
0.319987,0.174634
0.4,0.18248
0.480013,0.187724
0.519987,0.189512
0.6,0.192805
0.680013,0.196382
0.719987,0.197846
0.8,0.200447
0.880013,0.203293
0.919987,0.205813
1,0.207398
1.08001,0.208699
1.11999,0.209837
1.2,0.210854
1.30404,0.21752
1.32103,0.218374
1.4,0.218862
1.48001,0.221585
1.54004,0.221098
1.6,0.222439
1.68001,0.22378
1.71999,0.224146
1.8,0.225447
1.88001,0.226382
1.91999,0.226545
2,0.224106
2.08001,0.223496
2.11999,0.224797
2.2,0.224675
2.28001,0.226423
2.31999,0.22687
2.4,0.225935
2.48001,0.227724
2.51999,0.22748
2.6,0.227886
2.68001,0.229472
2.71999,0.228984
2.8,0.229675
2.88001,0.229675
2.964,0.235569
3,0.234634
3.08001,0.236016
3.11999,0.234878
3.2,0.234715
3.28001,0.234553
3.31999,0.235488
3.4,0.235528
3.48001,0.235854
3.51999,0.238049
3.6,0.237642
3.68001,0.237805
3.71999,0.23561
3.8,0.236707
3.88001,0.23687
3.91999,0.235528
4,0.233902
4.08001,0.236504
4.11999,0.235732
4.2,0.234146
4.28001,0.234593
4.31999,0.234553
4.4,0.235732
4.48001,0.235041
4.51999,0.235772
4.64401,0.238008
4.68001,0.238821
4.71999,0.237602
4.8,0.238008
4.88001,0.240041
4.91999,0.23939
5,0.239919
5.08001,0.241463
5.11999,0.242927
5.2,0.247154
5.28001,0.250041
5.31999,0.249431
5.4,0.24935
5.48001,0.256463
5.51999,0.262317
5.6,0.273171
5.68001,0.285935
5.71999,0.292154
5.8,0.301179
5.88001,0.305325
5.91999,0.30748
6,0.304594
6.08001,0.306341
6.11999,0.30565
6.21999,0.308496
6.32298,0.305772
6.34004,0.307033
6.4,0.305894
6.48001,0.306057
6.51999,0.307073
6.6,0.305894
6.68001,0.306545
6.71999,0.307033
6.8,0.306748
6.88001,0.30752
6.91999,0.307073
7,0.310569
7.08001,0.318455
7.11999,0.322927
7.2,0.332033
7.28001,0.344024
7.31999,0.349797
7.4,0.358618
7.48001,0.364553
7.51999,0.367276
7.6,0.367398
7.68001,0.372439
7.71999,0.371585
7.8,0.373089
7.88001,0.374472
7.92298,0.381138
8,0.381789
8.08001,0.379268
8.11999,0.381341
8.2,0.381667
8.28001,0.380406
8.31999,0.380772
8.4,0.383618
8.48001,0.38565
8.51999,0.388333
8.6,0.391626
8.68001,0.393171
8.71999,0.394268
8.8,0.395163
8.88001,0.395366
8.91999,0.396301
9,0.397805
9.08001,0.399878
9.11999,0.400285
9.2,0.402236
9.28001,0.40313
9.31999,0.403862
9.4,0.401423
9.48001,0.40435
9.51999,0.402724
9.64303,0.39748
9.68001,0.398902
9.71999,0.398577
9.8,0.399675
9.88001,0.400244
9.91999,0.398455
10,0.39874
10.08,0.39878
10.12,0.398699
10.2,0.398293
10.28,0.399675
10.32,0.399837
10.4,0.397561
10.48,0.398984
10.52,0.396992
10.6,0.397561
10.68,0.395772
10.72,0.395488
10.8,0.393374
10.88,0.392398
10.92,0.39248
11,0.393008
11.08,0.391545
11.12,0.39126
11.2,0.390406
11.323,0.39435
11.34,0.396138
11.4,0.394146
11.48,0.393008
11.52,0.395488
11.6,0.393415
11.68,0.390366
11.72,0.390732
11.8,0.389146
11.88,0.39061
11.92,0.38939
12,0.387114
12.08,0.386423
12.12,0.384309
12.2,0.382683
12.28,0.380203
12.32,0.377724
12.4,0.375569
12.48,0.372683
12.52,0.372033
12.6,0.369878
12.68,0.369065
12.72,0.36813
12.8,0.368008
12.88,0.367439
12.963,0.359594
13,0.359309
13.08,0.359228
13.12,0.357358
13.2,0.357683
13.28,0.359309
13.32,0.359065
13.4,0.358171
13.48,0.358252
13.52,0.358984
13.6,0.358577
13.68,0.358252
13.72,0.356992
13.8,0.357642
13.88,0.357358
13.92,0.357561
14,0.357398
14.08,0.358211
14.12,0.358211
14.2,0.357683
14.28,0.356504
14.32,0.356789
14.4,0.356098
14.48,0.356463
14.52,0.356382
14.643,0.354634
14.68,0.356382
14.72,0.356341
14.8,0.355854
14.88,0.354553
14.92,0.355406
15,0.355285
15.08,0.355244
15.12,0.355325
15.2,0.35626
15.28,0.356382
15.32,0.357358
15.4,0.35622
15.48,0.356829
15.52,0.356951
15.6,0.357439
15.68,0.358415
15.72,0.358821
15.8,0.358862
15.88,0.357561
15.92,0.357398
16,0.359919
16.08,0.365894
16.12,0.366463
16.2,0.368089
16.323,0.369024
16.34,0.369878
16.4,0.369106
16.48,0.369553
16.52,0.366504
16.6,0.364919
16.68,0.363984
16.72,0.365081
16.8,0.364309
16.88,0.365407
16.92,0.366301
17,0.366301
17.08,0.367805
17.12,0.367561
17.2,0.36813
17.28,0.368252
17.32,0.368699
17.4,0.369268
17.48,0.369472
17.52,0.370691
17.6,0.370732
17.68,0.370447
17.72,0.371138
17.8,0.370854
17.88,0.370854
17.964,0.37248
18.02,0.371585
18.08,0.371911
18.12,0.372358
18.2,0.372642
18.28,0.373659
18.32,0.374959
18.4,0.37378
18.48,0.37313
18.52,0.37313
18.6,0.373902
18.68,0.374431
18.72,0.374837
18.8,0.376382
18.88,0.378171
18.92,0.375163
19,0.373537
19.08,0.372398
19.12,0.371951
19.2,0.370407
19.28,0.367317
19.32,0.366789
19.4,0.365854
19.48,0.365569
19.52,0.364837
19.643,0.366829
19.68,0.367073
19.72,0.366951
19.8,0.36687
19.88,0.368252
19.92,0.367805
20,0.368211
20.08,0.369228
20.12,0.368089
20.2,0.367927
20.28,0.368049
20.32,0.368049
20.4,0.368252
20.48,0.368984
20.52,0.369268
20.6,0.36878
20.68,0.369309
20.721,0.368984
20.8,0.369431
20.88,0.370285
20.92,0.370244
21,0.370244
21.08,0.37065
21.12,0.370041
21.2,0.370935
21.323,0.371301
21.34,0.37122
21.4,0.37061
21.48,0.371626
21.52,0.372114
21.62,0.371585
21.68,0.371423
21.72,0.372439
21.8,0.373902
21.88,0.372886
21.92,0.372683
22,0.373333
22.08,0.372398
22.12,0.371992
22.2,0.372724
22.28,0.374187
22.32,0.373943
22.4,0.374431
22.48,0.374512
22.52,0.373902
22.6,0.373577
22.68,0.37374
22.72,0.374553
22.8,0.37439
22.88,0.376545
22.963,0.366829
23,0.365691
23.08,0.366504
23.12,0.366341
23.2,0.366016
23.28,0.365203
23.32,0.366138
23.4,0.365976
23.48,0.366667
23.52,0.366992
23.6,0.367195
23.68,0.367154
23.72,0.367195
23.8,0.366992
23.88,0.36748
23.92,0.367602
24,0.368577
24.08,0.368537
24.12,0.368537
24.2,0.368943
24.28,0.369268
24.32,0.36874
24.4,0.369837
24.48,0.370447
24.52,0.370732
24.643,0.370894
24.68,0.372358
24.71,0.370528
24.79,0.371504
24.87,0.37126
24.91,0.372276
24.99,0.373618
25.07,0.373659
25.11,0.372642
25.19,0.373171
25.27,0.372927
25.33,0.373049
25.39,0.374065
25.47,0.37626
25.51,0.376829
25.59,0.380406
25.67,0.378943
25.71,0.379024
25.8,0.380732
25.88,0.381911
25.92,0.381626
26,0.381585
26.08,0.381138
26.12,0.38248
26.2,0.381463
26.304,0.383333
26.321,0.385244
26.4,0.386667
26.48,0.386789
26.52,0.386829
26.6,0.387317
26.68,0.387642
26.72,0.387683
26.8,0.388293
26.88,0.388252
26.92,0.388821
27,0.388943
27.08,0.389431
27.12,0.390772
27.2,0.392195
27.28,0.392602
27.32,0.393943
27.4,0.395041
27.48,0.397073
27.52,0.396626
27.6,0.397358
27.68,0.397683
27.72,0.397358
27.8,0.399594
27.88,0.401545
27.963,0.409919
28.02,0.41252
28.08,0.411098
28.12,0.411138
28.2,0.412236
28.28,0.414024
28.32,0.413943
28.4,0.414268
28.48,0.41748
28.52,0.416138
28.6,0.415366
28.68,0.416545
28.71,0.417236
28.79,0.417317
28.87,0.418293
28.91,0.41748
28.99,0.417398
29.07,0.418496
29.11,0.419106
29.19,0.418618
29.27,0.418496
29.31,0.420691
29.39,0.42065
29.47,0.421138
29.51,0.421748
29.613,0.424228
29.67,0.424309
29.71,0.423537
29.79,0.425366
29.87,0.424878
29.91,0.422967
29.99,0.422886
30.07,0.423984
30.11,0.423781
30.19,0.422358
30.27,0.42248
30.31,0.421301
30.39,0.422154
30.47,0.421138
30.51,0.421545
30.59,0.422358
30.67,0.423943
30.71,0.423943
30.8,0.42248
30.88,0.423618
30.92,0.423252
31,0.424756
31.08,0.422846
31.12,0.423455
31.2,0.424594
31.283,0.416463
31.32,0.416667
31.4,0.417154
31.48,0.418008
31.52,0.418659
31.6,0.418699
31.68,0.419065
31.72,0.418618
31.8,0.419268
31.88,0.419431
31.92,0.419797
32,0.420325
32.08,0.420325
32.12,0.421179
32.2,0.423008
32.28,0.423984
32.32,0.42374
32.4,0.423618
32.48,0.425407
32.52,0.424715
32.6,0.424919
32.68,0.424553
32.709,0.425569
32.79,0.425081
32.87,0.424675
32.934,0.419553
32.99,0.423171
33.07,0.422398
33.11,0.422886
33.19,0.432154
33.27,0.445528
33.31,0.449878
33.41,0.46374
33.47,0.473537
33.51,0.480447
33.59,0.489594
33.67,0.499634
33.71,0.506585
33.79,0.510772
33.87,0.51561
33.91,0.518252
33.99,0.518984
34.07,0.523049
34.11,0.524959
34.19,0.52687
34.27,0.527886
34.31,0.530244
34.39,0.522764
34.47,0.521667
34.51,0.521179
34.634,0.504431
34.67,0.505488
34.71,0.505976
34.8,0.509634
34.88,0.506098
34.92,0.506951
35,0.508537
35.08,0.511016
35.12,0.510366
35.2,0.510569
35.28,0.511545
35.32,0.512846
35.4,0.516098
35.48,0.517439
35.52,0.518293
35.6,0.519959
35.68,0.522276
35.71,0.522032
35.79,0.522805
35.87,0.523699
35.91,0.52378
35.99,0.526057
36.07,0.526911
36.11,0.528618
36.19,0.53187
36.295,0.527764
36.312,0.528577
36.39,0.531423
36.47,0.53313
36.51,0.534837
36.59,0.535569
36.67,0.53687
36.71,0.536138
36.79,0.537073
36.87,0.53561
36.91,0.535691
36.99,0.537398
37.07,0.537927
37.11,0.538618
37.19,0.539594
37.27,0.540569
37.31,0.539472
37.39,0.540772
37.47,0.538252
37.51,0.537846
37.59,0.536911
37.67,0.537033
37.714,0.536667
37.79,0.542195
37.87,0.547033
37.954,0.548171
38.01,0.551545
38.07,0.558699
38.11,0.562236
38.19,0.564715
38.27,0.571138
38.31,0.574065
38.39,0.581545
38.47,0.58813
38.51,0.59187
38.59,0.599228
38.67,0.602805
38.71,0.604146
38.8,0.606585
38.88,0.613659
38.92,0.616138
39,0.619675
39.08,0.621667
39.12,0.620488
39.2,0.624268
39.28,0.625081
39.32,0.625772
39.4,0.626504
39.48,0.626382
39.52,0.626667
39.644,0.621504
39.68,0.618415
39.72,0.618211
39.8,0.617398
39.88,0.619024
39.92,0.620854
40,0.625203
40.08,0.628699
40.12,0.631301
40.2,0.635488
40.28,0.640122
40.32,0.642073
40.4,0.642886
40.48,0.647032
40.52,0.647683
40.6,0.650406
40.68,0.651585
40.709,0.652358
40.79,0.656057
40.87,0.658089
40.91,0.659675
40.99,0.663333
41.07,0.666585
41.11,0.667033
41.19,0.67122
41.315,0.662276
41.332,0.664512
41.39,0.668984
41.47,0.672846
41.51,0.675325
41.59,0.678415
41.67,0.680528
41.71,0.682195
41.79,0.681423
41.87,0.68248
41.91,0.68252
41.99,0.682195
42.07,0.682033
42.11,0.68122
42.19,0.681789
42.27,0.68
42.31,0.681057
42.39,0.679634
42.47,0.679756
42.51,0.680854
42.59,0.679594
42.67,0.679024
42.71,0.679187
42.8,0.681911
42.88,0.684919
42.964,0.68252
43.02,0.686138
43.08,0.689268
43.12,0.692073
43.2,0.69435
43.28,0.69622
43.32,0.696748
43.4,0.699065
43.48,0.698902
43.52,0.698374
43.6,0.700244
43.68,0.699797
43.72,0.70126
43.8,0.701626
43.88,0.701707
43.92,0.702602
44,0.702154
44.08,0.704756
44.12,0.705569
44.2,0.708171
44.28,0.709228
44.32,0.711463
44.4,0.714106
44.48,0.71565
44.52,0.717276
44.644,0.719187
44.68,0.720041
44.708,0.720122
44.79,0.723008
44.87,0.722114
44.91,0.724675
44.99,0.725122
45.07,0.725976
45.11,0.728171
45.19,0.730366
45.27,0.730325
45.31,0.731829
45.39,0.731911
45.47,0.731098
45.51,0.734187
45.59,0.735081
45.67,0.735691
45.71,0.735488
45.79,0.736545
45.87,0.738496
45.91,0.738171
45.99,0.738415
46.07,0.740041
46.11,0.74061
46.19,0.74126
46.315,0.743293
46.332,0.743902
46.39,0.745935
46.47,0.745285
46.51,0.747195
46.59,0.746951
46.67,0.747154
46.71,0.747358
46.8,0.74622
46.88,0.745732
46.92,0.744919
47,0.743821
47.08,0.74439
47.12,0.74435
47.2,0.743089
47.28,0.742642
47.32,0.74435
47.4,0.744431
47.48,0.743537
47.52,0.744106
47.6,0.744309
47.68,0.74313
47.72,0.742886
47.8,0.741585
47.88,0.74122
47.964,0.731138
48,0.732073
48.08,0.731545
48.12,0.732846
48.2,0.732846
48.28,0.732642
48.32,0.732154
48.4,0.731341
48.48,0.732317
48.52,0.732276
48.6,0.732561
48.68,0.731423
48.708,0.730976
48.8,0.730041
48.88,0.728496
48.92,0.728415
49,0.727602
49.08,0.726138
49.12,0.725691
49.2,0.724512
49.28,0.723821
49.32,0.722805
49.4,0.72248
49.48,0.722114
49.52,0.72187
49.646,0.714065
49.68,0.713089
49.72,0.713455
49.8,0.71126
49.88,0.71061
49.92,0.710488
50,0.710366
50.08,0.710691
50.12,0.709919
50.2,0.710203
50.28,0.709715
50.32,0.708821
50.4,0.709106
50.48,0.709309
50.52,0.708984
50.6,0.708699
50.68,0.707967
50.72,0.706382
50.8,0.704472
50.88,0.703211
50.92,0.701585
51,0.70065
51.08,0.699878
51.12,0.697886
51.2,0.697317
51.326,0.684146
51.343,0.684106
51.4,0.683984
51.48,0.683984
51.52,0.683821
51.6,0.683618
51.68,0.684065
51.72,0.684431
51.8,0.685407
51.88,0.685366
51.92,0.685366
52,0.68626
52.08,0.686951
52.12,0.686951
52.2,0.687195
52.28,0.690772
52.32,0.69374
52.4,0.698089
52.48,0.700122
52.52,0.702317
52.6,0.706829
52.68,0.711748
52.708,0.715569
52.8,0.720894
52.88,0.725407
52.966,0.736138
53.02,0.741626
53.08,0.745488
53.12,0.747317
53.2,0.75065
53.28,0.75313
53.32,0.755122
53.4,0.759553
53.48,0.762805
53.52,0.765325
53.6,0.768374
53.68,0.771016
53.72,0.772927
53.8,0.773821
53.88,0.774512
53.92,0.77374
54,0.774878
54.08,0.776057
54.12,0.775
54.2,0.774472
54.28,0.773252
54.32,0.774065
54.4,0.77313
54.48,0.773293
54.52,0.77252
54.646,0.756057
54.68,0.757805
54.72,0.757846
54.79,0.755081
54.87,0.753049
54.91,0.751138
54.99,0.750366
55.07,0.749187
55.11,0.74878
55.19,0.748862
55.27,0.750366
55.31,0.750163
55.39,0.749431
55.47,0.748089
55.51,0.747642
55.59,0.745244
55.67,0.744431
55.71,0.744634
55.79,0.744675
55.87,0.743984
55.91,0.744512
55.99,0.744959
56.07,0.745366
56.11,0.745732
56.19,0.746057
56.316,0.739065
56.333,0.739065
56.39,0.738902
56.47,0.738577
56.51,0.738902
56.59,0.739756
56.67,0.740244
56.71,0.740203
56.79,0.740325
56.87,0.740772
56.91,0.740488
56.99,0.740488
57.07,0.740488
57.11,0.740976
57.19,0.740163
57.27,0.74065
57.31,0.741423
57.39,0.742073
57.47,0.74187
57.51,0.742398
57.59,0.742805
57.67,0.742642
57.712,0.74252
57.79,0.743049
57.87,0.74248
57.955,0.741789
58.01,0.741585
58.07,0.742114
58.11,0.742317
58.19,0.742642
58.27,0.742724
58.31,0.742642
58.39,0.742561
58.47,0.742439
58.51,0.742358
59.636,0.744228
58.6165,0.743577
59.71,0.742805
58.7365,0.74248
58.8165,0.741829
58.8565,0.742073
58.9365,0.741585
59.0165,0.741545
59.0565,0.741667
59.1365,0.741707
59.2165,0.741789
59.2565,0.741951
59.3365,0.742033
59.4165,0.741463
59.4565,0.741789
59.5365,0.74122
59.6165,0.741057
59.6565,0.740772
59.7365,0.740976
59.8165,0.741016
59.8565,0.741301
59.9365,0.741341
60.0165,0.741179
60.0565,0.740935
60.1365,0.740894
60.2625,0.741179
60.2965,0.740976
60.3365,0.740407
60.4165,0.74065
60.4565,0.741423
60.5365,0.741504
60.6165,0.741341
60.6565,0.74122
60.7365,0.74126
60.8165,0.741341
60.8565,0.741911
60.9365,0.741667
61.0165,0.741504
61.0565,0.741463
61.1365,0.742114
61.2165,0.742195
61.2565,0.741707
61.3365,0.74187
61.4165,0.741585
61.4565,0.74126
61.5365,0.741626
61.6165,0.741423
61.6565,0.741138
61.7365,0.740976
61.8165,0.741016
61.9025,0.74
61.9365,0.740122
62.0165,0.739594
62.0565,0.740041
62.1365,0.740163
62.2165,0.739959
62.2565,0.740325
62.3365,0.741098
62.4165,0.742439
62.4565,0.743293
62.5365,0.74435
62.6165,0.743618
62.6565,0.74374
62.7365,0.744309
62.8165,0.74435
62.8565,0.74374
62.9365,0.74378
63.0165,0.743902
63.0565,0.743821
63.1365,0.74378
63.2165,0.743902
63.2565,0.74374
63.3365,0.743943
63.4165,0.744187
63.4565,0.744024
63.5825,0.744228
63.6365,0.744675
63.6585,0.743943
63.7365,0.744594
63.8165,0.746138
63.8765,0.746789
63.9365,0.748211
64.0165,0.749431
64.0565,0.749715
64.1365,0.750122
64.2165,0.750935
64.2565,0.751016
64.3365,0.751585
64.4165,0.751992
64.4565,0.751545
64.5365,0.751951
64.6165,0.753902
64.6565,0.754837
64.7365,0.755528
64.8165,0.756667
64.8565,0.75626
64.9365,0.75622
65.0165,0.756504
65.0565,0.757154
65.1365,0.758293
65.2625,0.755163
65.2795,0.755691
65.3365,0.754472
65.4165,0.754512
65.4565,0.754146
65.5365,0.753089
65.6165,0.752886
65.6565,0.752642
65.7365,0.752114
65.8165,0.751707
65.8565,0.751341
65.9375,0.75122
66.0165,0.751829
66.0565,0.751707
66.1365,0.751626
66.2165,0.75126
66.2565,0.751016
66.3365,0.750447
66.4165,0.750528
66.4565,0.750122
66.5365,0.749268
66.6165,0.749472
66.6565,0.749512
66.7365,0.74939
66.8165,0.749146
66.9025,0.74687
66.9365,0.747683
67.0165,0.747073
67.0565,0.74752
67.1365,0.747439
67.2165,0.74748
68.5815,0.751789
67.3239,0.751829
68.6565,0.751992
67.444,0.752195
67.5239,0.751707
67.564,0.751748
67.644,0.751423
67.7239,0.751423
67.764,0.752195
67.844,0.751911
67.9239,0.752033
67.984,0.751748
68.044,0.751707
68.1239,0.753211
68.164,0.75313
68.244,0.752967
68.3239,0.752886
68.364,0.753415
68.444,0.753699
68.5239,0.753902
68.564,0.753577
68.644,0.75313
68.7239,0.753171
68.764,0.753171
68.844,0.75313
68.97,0.752561
68.987,0.752439
69.044,0.751789
69.1239,0.751504
69.164,0.750772
69.244,0.75061
69.3239,0.750528
69.364,0.750691
69.444,0.750447
69.5239,0.75126
69.564,0.750935
69.644,0.751585
69.7239,0.751463
69.764,0.751423
69.844,0.751789
69.9239,0.751301
69.964,0.751057
70.044,0.751626
70.1239,0.751179
70.164,0.751179
70.244,0.750732
70.3239,0.750854
70.364,0.75065
70.4539,0.751341
70.534,0.75126
70.6209,0.753171
70.6539,0.752154
70.734,0.752073
70.7739,0.752236
70.8539,0.752114
70.934,0.751057
70.9739,0.751951
71.054,0.752033
71.134,0.752886
71.1739,0.75252
71.254,0.752846
71.334,0.751585
71.3739,0.751707
71.4539,0.752114
71.534,0.752033
71.5739,0.751707
71.6539,0.751423
71.734,0.752154
71.7739,0.751707
71.8539,0.752317
71.934,0.753008
71.9739,0.753089
72.054,0.752764
72.134,0.752805
72.1739,0.752439
72.301,0.755732
72.334,0.756789
72.3739,0.757073
72.4539,0.758171
72.534,0.758415
72.5739,0.757276
72.6539,0.757927
72.734,0.757805
72.7739,0.757764
72.8539,0.757927
72.934,0.756667
72.9739,0.756829
73.054,0.756057
73.134,0.756382
73.1739,0.756545
73.254,0.756789
73.334,0.75626
73.3739,0.755894
73.4539,0.755569
73.534,0.755488
73.5739,0.75565
73.6539,0.75626
73.734,0.755976
73.7739,0.75561
73.8539,0.756098
73.981,0.754228
73.998,0.754106
74.054,0.75374
74.134,0.753455
74.1739,0.753415
74.254,0.754634
74.334,0.75439
74.361,0.755285
74.4539,0.755813
74.534,0.755203
74.5739,0.755122
74.6739,0.755894
74.734,0.755447
74.7739,0.755528
74.8539,0.756789
74.934,0.758252
74.9739,0.758821
75.054,0.76248
75.134,0.762195
75.1739,0.761789
75.254,0.762846
75.334,0.763659
75.3739,0.762642
75.4539,0.76248
75.534,0.762439
75.6209,0.76126
75.6539,0.760447
75.734,0.76065
75.7739,0.760854
75.8539,0.762439
75.934,0.762073
75.9739,0.762033
76.054,0.763089
76.134,0.76313
76.1739,0.763699
76.254,0.763862
76.334,0.765203
76.359,0.764106
76.4539,0.764715
76.534,0.765935
76.5739,0.765976
76.6539,0.762439
76.734,0.761341
76.7739,0.760935
76.8539,0.759106
76.934,0.758577
76.9739,0.759431
77.054,0.759675
77.134,0.762724
77.1739,0.764106
77.301,0.764268
77.356,0.766707
77.3739,0.76878
77.4539,0.769106
77.534,0.767967
77.5739,0.766585
77.6539,0.763943
77.734,0.764065
77.794,0.763171
77.8539,0.763333
77.934,0.763089
77.9739,0.763577
78.054,0.763374
78.134,0.762195
78.1739,0.762439
78.254,0.761098
78.334,0.760935
78.364,0.760691
78.444,0.760406
78.5239,0.759756
78.564,0.759715
78.644,0.759228
78.7239,0.759431
78.764,0.759512
78.844,0.75874
78.97,0.754187
78.987,0.753537
79.044,0.753984
79.1239,0.753415
79.164,0.752642
79.244,0.752764
79.3239,0.752927
79.3679,0.753049
79.444,0.753333
79.5239,0.753902
79.564,0.753821
79.645,0.754472
79.7239,0.754268
79.764,0.754268
79.844,0.755285
79.9239,0.755528
79.964,0.755244
80.044,0.755528
80.1239,0.755041
80.164,0.755163
80.244,0.755041
80.3239,0.755447
80.364,0.754878
80.444,0.754878
80.5239,0.754919
80.609,0.75313
80.644,0.753984
80.7239,0.75374
80.764,0.754228
80.844,0.754675
80.9239,0.754634
80.964,0.754959
81.044,0.754675
81.1239,0.755041
81.164,0.754756
81.244,0.755
81.3239,0.755366
81.364,0.755488
81.444,0.755406
81.5239,0.755976
81.564,0.755976
81.644,0.755894
81.7239,0.756626
81.764,0.756504
81.844,0.757114
81.9239,0.756789
81.964,0.757236
82.044,0.756382
82.1239,0.756626
82.164,0.757114
82.25,0.758699
82.3239,0.759919
82.3679,0.759472
82.444,0.759675
82.5239,0.760081
82.564,0.761463
82.644,0.762764
82.7239,0.763293
82.764,0.763862
82.844,0.763374
82.9239,0.762317
82.964,0.76065
83.044,0.758943
83.1239,0.756951
83.164,0.757276
83.244,0.755976
83.3239,0.756301
83.364,0.755528
83.444,0.755203
83.5239,0.754268
83.564,0.754146
83.644,0.754065
83.7239,0.75378
83.764,0.754024
83.844,0.753618
83.97,0.749959
83.987,0.75065
84.044,0.750081
84.1239,0.750081
84.164,0.749756
84.244,0.749715
84.3239,0.749553
84.364,0.749878
84.444,0.749756
84.5239,0.74935
84.564,0.749715
84.644,0.749797
84.7239,0.749715
84.764,0.749837
84.844,0.749512
84.9239,0.749837
84.964,0.750447
85.044,0.750366
85.1239,0.750935
85.164,0.75126
85.244,0.751098
85.3239,0.749756
85.364,0.750041
85.444,0.749675
85.5239,0.749553
85.609,0.750081
85.644,0.749472
85.7239,0.750325
85.764,0.750447
85.844,0.750772
85.9239,0.751748
85.964,0.751585
86.044,0.752561
86.1239,0.754309
86.164,0.755447
86.244,0.756667
86.3239,0.758943
86.364,0.759065
86.4539,0.759634
86.534,0.761098
86.5739,0.761667
86.6539,0.761341
86.734,0.761016
86.7739,0.761057
86.8539,0.761585
86.934,0.761098
86.9739,0.760691
87.054,0.761545
87.134,0.762967
87.1739,0.763049
87.301,0.763659
87.334,0.76374
87.3569,0.762724
87.4539,0.76187
87.534,0.759878
87.5739,0.759797
87.6539,0.759106
87.734,0.758333
87.7739,0.758293
87.8539,0.758496
87.934,0.758577
87.9739,0.758496
88.054,0.758333
88.134,0.757764
88.1739,0.757439
88.2539,0.757764
88.334,0.757927
88.358,0.75752
88.4539,0.757683
88.534,0.757886
88.5739,0.757805
88.6539,0.757846
88.734,0.757683
88.7739,0.757398
88.8539,0.757398
88.98,0.754634
88.997,0.755569
89.054,0.755691
89.134,0.756707
89.1739,0.756626
89.2539,0.756951
89.334,0.757683
89.3569,0.757642
89.4539,0.757764
89.534,0.757398
89.5739,0.757358
89.6539,0.75626
89.734,0.756423
89.7739,0.75748
89.8539,0.756911
89.934,0.757927
89.9739,0.757886
90.054,0.758943
90.134,0.758374
90.1739,0.758618
90.2539,0.759675
90.334,0.760406
90.361,0.760203
90.4539,0.760244
90.534,0.761016
90.62,0.760285
90.6539,0.76122
90.734,0.761098
90.7739,0.760691
90.8539,0.76122
90.934,0.761341
90.9739,0.762033
91.054,0.761951
91.134,0.762927
91.1739,0.763984
91.2539,0.765406
91.3349,0.765854
91.358,0.76565
91.444,0.765488
91.5239,0.765366
91.564,0.765528
91.644,0.765
91.7239,0.764593
91.764,0.764634
91.844,0.762805
91.9239,0.762561
91.964,0.761829
92.044,0.760406
92.1239,0.758171
92.164,0.758049
92.289,0.754675
92.3239,0.754472
92.364,0.753862
92.444,0.753049
92.5239,0.753333
92.564,0.753862
92.644,0.753171
92.7239,0.752033
92.764,0.751179
92.844,0.750203
92.9239,0.750732
92.964,0.750366
93.044,0.750244
93.1239,0.750244
93.164,0.750081
93.244,0.749675
93.3239,0.749919
93.365,0.749959
93.444,0.749675
93.5239,0.749756
93.564,0.750488
93.644,0.750854
93.7239,0.751504
93.764,0.751789
93.844,0.751667
93.95,0.749268
93.967,0.749837
94.044,0.750041
94.1239,0.750935
94.164,0.750447
94.244,0.750569
94.3239,0.751585
94.364,0.752195
94.444,0.753252
94.5239,0.754228
94.564,0.754919
94.644,0.755244
94.7239,0.757358
94.764,0.757398
94.844,0.756423
94.9239,0.755894
94.964,0.756463
95.044,0.760569
95.1239,0.761057
95.164,0.762236
95.244,0.764837
95.3239,0.767276
95.364,0.769187
95.444,0.77
95.5239,0.770285
95.609,0.767805
95.644,0.771667
95.7239,0.771341
95.764,0.773049
95.844,0.774715
95.9239,0.777154
95.964,0.776463
96.044,0.781341
96.1239,0.783862
96.164,0.783943
96.244,0.784756
96.3239,0.785691
96.364,0.784959
96.444,0.785976
96.5239,0.786504
96.564,0.785894
96.644,0.78874
96.7239,0.787561
96.764,0.787764
96.844,0.789024
96.9239,0.786585
96.964,0.789146
97.044,0.787236
97.1239,0.786504
97.164,0.788089
97.289,0.781545
97.3239,0.783577
97.364,0.782764
97.444,0.782846
97.5239,0.784756
97.564,0.782764
97.644,0.778496
97.7239,0.774431
97.764,0.775488
97.844,0.771179
97.9239,0.77248
97.964,0.767846
98.044,0.767073
98.1239,0.754797
98.164,0.75374
98.244,0.746423
98.3239,0.743537
98.364,0.737967
98.444,0.73061
98.5239,0.723537
98.564,0.722642
98.644,0.715935
98.7239,0.708984
98.764,0.707276
98.844,0.703008
98.969,0.685
98.986,0.682195
99.044,0.677073
99.1239,0.673374
99.164,0.668293
99.244,0.668781
99.3239,0.660488
99.3659,0.655203
99.444,0.652886
99.5239,0.641911
99.564,0.641098
99.644,0.632561
99.7239,0.630935
99.764,0.627886
99.844,0.623252
99.9239,0.620528
99.964,0.621098
100.044,0.623537
100.124,0.621463
100.164,0.618008
100.244,0.618984
100.324,0.617561
100.364,0.611301
100.444,0.606057
100.524,0.602642
100.608,0.599187
100.644,0.594512
100.724,0.590528
100.764,0.587927
100.844,0.581301
100.924,0.584309
100.964,0.586463
101.044,0.583455
101.124,0.58187
101.164,0.582724
101.244,0.582276
101.324,0.592845
101.364,0.591707
101.444,0.590285
101.524,0.588537
101.564,0.589715
101.644,0.585366
101.724,0.580528
101.764,0.581057
101.844,0.578049
101.924,0.576219
101.964,0.574512
102.044,0.568171
102.124,0.564797
102.164,0.560528
102.288,0.555
102.324,0.54813
102.367,0.551707
102.444,0.536748
102.524,0.532683
102.564,0.532398
102.644,0.524878
102.724,0.521992
102.764,0.520041
102.844,0.519146
102.924,0.521138
102.964,0.521016
103.044,0.514959
103.124,0.516423
103.164,0.519268
103.244,0.524593
103.324,0.530732
103.364,0.533455
103.444,0.535894
103.524,0.539065
103.564,0.540041
103.644,0.543252
103.724,0.545407
103.764,0.547967
103.844,0.549431
103.948,0.562846
103.965,0.562642
104.064,0.565325
104.124,0.570569
104.164,0.569472
104.244,0.568984
104.324,0.571707
104.364,0.568577
104.444,0.562805
104.524,0.55935
104.564,0.558496
104.644,0.561992
104.724,0.564512
104.764,0.564065
104.844,0.566626
104.924,0.560203
104.964,0.560772
105.044,0.55874
105.124,0.568252
105.164,0.570285
105.244,0.571992
105.324,0.575122
105.364,0.574512
105.444,0.575203
105.524,0.575813
105.587,0.570528
105.644,0.565813
105.724,0.560691
105.764,0.557602
105.844,0.556545
105.924,0.551789
105.964,0.55878
106.044,0.568293
106.124,0.572805
106.164,0.575569
106.244,0.581748
106.324,0.586504
106.364,0.59248
106.444,0.607154
106.524,0.621748
106.564,0.624715
106.644,0.633862
106.724,0.64939
106.764,0.655528
106.844,0.66374
106.924,0.664431
106.964,0.665122
107.044,0.672642
107.124,0.672724
107.164,0.672033
107.268,0.667033
107.344,0.671423
107.364,0.677886
107.444,0.680935
107.524,0.679715
107.564,0.675569
107.644,0.673902
107.724,0.66
107.764,0.658211
107.844,0.648049
107.924,0.645122
107.964,0.638333
108.044,0.638211
108.124,0.634715
108.164,0.636789
108.244,0.638943
108.324,0.645488
108.364,0.655244
108.455,0.659715
108.535,0.669553
108.554,0.668902
108.635,0.675569
108.714,0.678618
108.754,0.68187
108.835,0.686463
108.939,0.691341
108.956,0.691341
109.034,0.698618
109.114,0.706829
109.154,0.71187
109.235,0.71561
109.314,0.726057
109.357,0.73061
109.434,0.744309
109.515,0.757358
109.554,0.760203
109.635,0.769065
109.714,0.774431
109.754,0.778374
109.834,0.775854
109.915,0.76813
109.955,0.765406
110.034,0.76626
110.114,0.755854
110.154,0.753293
110.235,0.745732
110.314,0.736789
110.357,0.737724
110.434,0.732195
110.515,0.729472
110.579,0.726545
110.635,0.723862
110.714,0.716992
110.754,0.712764
110.834,0.702764
110.914,0.69439
110.955,0.695122
111.034,0.693293
111.114,0.688171
111.154,0.683008
111.235,0.676951
111.314,0.668252
111.357,0.666016
111.434,0.652114
111.515,0.646301
111.554,0.646585
111.635,0.643496
111.714,0.637195
111.754,0.63748
111.834,0.628943
111.914,0.627967
111.955,0.625325
112.034,0.618699
112.114,0.615285
112.154,0.611789
112.278,0.614553
112.314,0.61187
112.357,0.617439
112.434,0.622927
112.515,0.626382
112.554,0.628862
112.635,0.643293
112.714,0.652317
112.754,0.655163
112.834,0.671179
112.914,0.675854
112.955,0.680447
113.034,0.684634
113.114,0.687114
113.154,0.687927
113.235,0.691667
113.314,0.690935
113.357,0.689919
113.434,0.67752
113.515,0.676911
113.554,0.670285
113.635,0.662114
113.714,0.644675
113.754,0.63874
113.834,0.626829
113.939,0.61248
113.974,0.608049
114.034,0.591504
114.114,0.579553
114.154,0.571748
114.234,0.55748
114.314,0.552398
114.357,0.546341
114.434,0.533821
114.514,0.525732
114.554,0.524959
114.634,0.527195
114.714,0.525447
114.754,0.524106
114.834,0.519187
114.914,0.511911
114.954,0.509431
115.034,0.498902
115.114,0.486585
115.154,0.482805
115.235,0.470081
115.335,0.469634
115.357,0.477317
115.454,0.478049
115.514,0.47252
115.558,0.499878
115.634,0.491382
115.714,0.483496
115.754,0.481504
115.834,0.480488
115.914,0.479065
115.974,0.476341
116.034,0.470203
116.114,0.471504
116.154,0.469228
116.235,0.458049
116.314,0.446382
116.357,0.448699
116.434,0.444919
116.514,0.446423
116.554,0.446341
116.634,0.442236
116.714,0.445813
116.754,0.446504
116.834,0.450366
116.914,0.445935
116.954,0.44378
117.034,0.437764
117.114,0.432967
117.154,0.427886
117.278,0.41935
117.314,0.416707
117.357,0.410569
117.434,0.411098
117.514,0.413862
117.554,0.415854
117.634,0.417154
117.714,0.422317
117.754,0.422764
117.834,0.432317
117.914,0.439634
117.955,0.440081
118.034,0.433943
118.114,0.429959
118.154,0.426504
118.234,0.417642
118.314,0.406057
118.357,0.401138
118.434,0.39752
118.514,0.392236
118.554,0.391545
118.634,0.390081
118.714,0.385163
118.754,0.385406
118.834,0.386667
118.939,0.366423
118.974,0.364268
119.034,0.371585
119.114,0.374959
119.154,0.380406
119.234,0.383049
119.314,0.385488
119.357,0.389715
119.434,0.391341
119.514,0.386829
119.554,0.393171
119.635,0.393659
119.714,0.402602
119.754,0.402724
119.834,0.407195
119.914,0.411016
119.955,0.409634
120.034,0.406911
120.114,0.41065
120.154,0.414553
120.234,0.413089
120.314,0.416016
120.357,0.416504
120.434,0.402683
120.514,0.39561
120.598,0.389919
120.634,0.384756
120.714,0.383984
120.754,0.387602
120.834,0.381992
120.914,0.379593
120.954,0.377683
121.034,0.386016
121.114,0.386423
121.154,0.392398
121.234,0.399146
121.314,0.406545
121.357,0.411667
121.434,0.418862
121.514,0.432317
121.554,0.434187
121.634,0.447886
121.714,0.459715
121.754,0.46561
121.834,0.472398
121.914,0.473211
121.954,0.47935
122.034,0.478211
122.114,0.476301
122.154,0.476748
122.238,0.470244
122.314,0.46622
122.357,0.461585
122.434,0.460122
122.514,0.449106
122.554,0.447642
122.634,0.435528
122.714,0.42752
122.754,0.422724
122.834,0.414919
122.914,0.402033
122.954,0.399919
123.034,0.38561
123.114,0.370691
123.154,0.360122
123.234,0.33748
123.314,0.316789
123.354,0.309431
123.434,0.297927
123.514,0.296179
123.554,0.297561
123.634,0.304024
123.714,0.298902
123.754,0.29626
123.834,0.287439
123.979,0.275407
123.996,0.271382
124.034,0.271016
124.114,0.277724
124.154,0.280285
124.234,0.292602
124.314,0.317642
124.357,0.333089
124.434,0.358496
124.514,0.378293
124.554,0.383618
124.634,0.388984
124.714,0.387886
124.754,0.388496
124.834,0.38687
124.914,0.380732
124.954,0.382154
125.034,0.377398
125.114,0.37874
125.154,0.381626
125.235,0.378455
125.314,0.373252
125.357,0.377114
125.434,0.383049
125.515,0.386138
125.598,0.395691
125.655,0.399797
125.714,0.409837
125.754,0.415081
125.854,0.419797
125.914,0.422846
125.954,0.42813
126.034,0.433252
126.114,0.440203
126.154,0.437561
126.234,0.428699
126.314,0.42935
126.357,0.432154
126.434,0.445325
126.514,0.455488
126.554,0.462073
126.634,0.467358
126.714,0.481138
126.754,0.483455
126.834,0.485894
126.914,0.478293
126.954,0.480122
127.034,0.485041
127.114,0.478171
127.154,0.467114
127.238,0.443943
127.314,0.41878
127.357,0.407561
127.434,0.394146
127.514,0.37122
127.554,0.364878
127.634,0.34187
127.714,0.326667
127.754,0.319024
127.834,0.299797
127.914,0.286423
127.954,0.280447
128.034,0.272358
128.114,0.273659
128.154,0.279675
128.234,0.268659
128.314,0.257236
128.357,0.251057
128.434,0.237358
128.514,0.224472
128.554,0.217724
128.634,0.205
128.714,0.199634
128.754,0.19874
128.834,0.194472
128.918,0.184837
128.954,0.180081
129.034,0.174797
129.114,0.181951
129.154,0.181423
129.234,0.178374
129.314,0.174309
129.357,0.172033
129.434,0.172358
129.514,0.168455
129.554,0.163496
129.635,0.158902
129.714,0.150935
129.754,0.14748
129.834,0.136301
129.914,0.127195
129.954,0.125081
130.034,0.112846
130.114,0.0993902
130.154,0.0964634
130.234,0.0872764
130.314,0.0799593
130.357,0.0754878
130.434,0.0688618
130.514,0.060813
130.598,0.0556098
130.635,0.046748
130.714,0.0351626
130.754,0.0304472
130.834,0.0200813
130.914,0.0135772
130.954,0.0127236
131.034,0.00780488
131.114,0.00231707
131.154,0.00101626
131.234,0.00109756
131.314,0.00113821
131.357,0.00113821
131.434,0.00105691
131.514,0.00130081
131.554,0.00121951
131.634,0.000528455
131.714,0
131.754,0.000162602
131.834,0.00117886
131.914,0.00231707
131.954,0.00426829
132.034,0.00613821
132.114,0.00670732
132.154,0.00817073
132.278,0.0136179
132.314,0.0131301
132.357,0.0137805
132.434,0.0132927
132.514,0.0143496
132.554,0.0142683
132.634,0.0142276
132.714,0.0151626
132.754,0.015
132.834,0.0150407
132.914,0.0144309
132.955,0.0151626
133.034,0.016748
133.114,0.0178049
133.154,0.0185772
133.234,0.0374797
133.314,0.059187
133.357,0.0704065
133.434,0.0954065
133.514,0.122846
133.554,0.137398
133.634,0.165081
133.714,0.193171
133.754,0.209553
133.835,0.235244
133.958,0.274756
133.975,0.28622
134.035,0.302805
134.134,0.330122
134.154,0.335488
134.234,0.358374
134.314,0.388537
134.357,0.398293
134.434,0.421748
134.514,0.435285
134.554,0.440488
134.634,0.453333
134.714,0.462276
134.754,0.468171
134.834,0.475813
134.914,0.478902
134.954,0.481138
135.034,0.492195
135.114,0.498577
135.154,0.501098
135.234,0.482927
135.314,0.458699
135.359,0.444959
135.434,0.414472
135.514,0.384228
135.558,0.372398
135.634,0.331382
135.714,0.307642
135.754,0.295
135.834,0.274146
135.914,0.260285
135.954,0.254024
136.034,0.22622
136.114,0.198008
136.154,0.188943
136.234,0.165163
136.314,0.135813
136.357,0.123943
136.434,0.0946748
136.514,0.0742683
136.554,0.0610569
136.634,0.0542276
136.714,0.0527642
136.754,0.0455691
136.834,0.040122
136.914,0.0426423
136.954,0.0431707
137.034,0.0456911
137.114,0.048374
137.154,0.0480894
137.238,0.0452846
137.314,0.0472764
137.357,0.0377236
137.434,0.0344715
137.514,0.0305285
137.554,0.032561
137.634,0.0293902
137.714,0.0342276
137.754,0.0358537
137.834,0.0327642
137.914,0.0195122
137.955,0.0174797
138.034,0.0158537
138.114,0.00520325
138.154,0.00390244
138.234,0.00300813
138.314,0.00329268
138.354,0.00357724
138.434,0.00361789
138.514,0.00361789
138.554,0.00357724
138.634,0.00398374
138.714,0.00560976
138.754,0.00601626
138.834,0.00662602
138.959,0.00849594
138.976,0.00910569
139.034,0.0113415
139.114,0.0129675
139.154,0.013252
139.234,0.0145935
139.314,0.0147154
139.357,0.0154472
139.434,0.0154065
139.514,0.0152033
139.554,0.016626
139.634,0.0165041
139.714,0.0182114
139.754,0.0180081
139.834,0.0200406
139.914,0.025813
139.954,0.0288618
140.034,0.0358537
140.114,0.041748
140.154,0.0441463
140.234,0.0508943
140.314,0.0593496
140.357,0.0638618
140.434,0.0721951
140.514,0.0802439
140.598,0.085813
140.634,0.0934959
140.714,0.102154
140.754,0.104106
140.834,0.105976
140.934,0.112317
140.954,0.114228
141.034,0.118008
141.114,0.124919
141.154,0.129431
141.234,0.141789
141.314,0.15939
141.354,0.16752
141.434,0.186057
141.514,0.202764
141.554,0.208943
141.634,0.21878
141.714,0.230285
141.754,0.23687
141.834,0.249837
141.914,0.263577
141.954,0.270041
142.034,0.28565
142.114,0.299919
142.154,0.309634
142.277,0.323659
142.314,0.333537
142.357,0.337073
142.434,0.341626
142.514,0.349024
142.554,0.35187
142.634,0.360244
142.714,0.369065
142.754,0.373049
142.834,0.379553
142.914,0.385691
142.954,0.387967
143.034,0.391992
143.114,0.394878
143.154,0.395772
143.234,0.394715
143.314,0.396626
143.357,0.399512
143.434,0.418659
143.514,0.437805
143.554,0.447114
143.634,0.455122
143.715,0.459919
143.754,0.461341
143.834,0.467073
143.917,0.472642
143.954,0.476626
144.034,0.476951
144.114,0.478252
144.154,0.478008
144.234,0.474106
144.314,0.471016
144.357,0.465894
144.434,0.465081
144.514,0.459431
144.554,0.455325
144.634,0.443252
144.714,0.42252
144.754,0.413577
144.835,0.391341
144.914,0.371504
144.954,0.359187
145.034,0.33874
145.114,0.317602
145.154,0.308008
145.234,0.289553
145.314,0.265366
145.357,0.253455
145.434,0.230732
145.514,0.211707
145.598,0.202561
145.634,0.184228
145.714,0.162805
145.754,0.153415
145.834,0.131545
145.914,0.109675
145.954,0.0994715
146.034,0.0791057
146.114,0.0660976
146.154,0.0610569
146.234,0.0519919
146.314,0.0447967
146.357,0.042439
146.434,0.0343496
146.514,0.0260163
146.554,0.022439
146.634,0.0194715
146.714,0.0210163
146.754,0.020813
146.834,0.0197561
146.914,0.0196748
146.954,0.0178455
147.034,0.0129675
147.114,0.0128862
147.154,0.0136992
147.278,0.0252846
147.314,0.0253252
147.357,0.025813
147.434,0.0254878
147.514,0.0258943
147.554,0.0260163
147.634,0.0272358
147.714,0.0281707
147.754,0.0284146
147.834,0.0287398
147.914,0.0282114
147.954,0.0281301
148.035,0.0266667
148.114,0.0271138
148.154,0.0269919
148.234,0.0271545
148.314,0.0282927
148.357,0.028374
148.434,0.028252
148.514,0.0285772
148.554,0.0274797
148.634,0.0266667
148.714,0.0268293
148.754,0.0271138
148.834,0.0278049
148.959,0.0264228
148.976,0.0281301
149.034,0.0278049
149.114,0.0253252
149.154,0.0259756
149.234,0.0252033
149.314,0.0264228
149.357,0.0289024
149.434,0.0288618
149.514,0.0287805
149.554,0.0282927
149.634,0.0293496
149.714,0.0295935
149.754,0.031748
149.834,0.0317073
149.914,0.0320732
149.954,0.0349187
150.034,0.0340244
150.114,0.0339431
150.154,0.0337805
150.234,0.0338211
150.314,0.032561
150.357,0.0326016
150.434,0.0336585
150.514,0.0321951
150.599,0.0330894
150.634,0.032439
150.714,0.0316667
150.754,0.0319919
150.834,0.0363008
150.914,0.0443089
150.954,0.0498374
151.034,0.0610163
151.114,0.0710163
151.154,0.070122
151.234,0.0746341
151.314,0.0760163
151.357,0.0754472
151.434,0.0772764
151.514,0.0762195
151.554,0.0767886
151.634,0.0772358
151.714,0.0778455
151.754,0.0778455
151.834,0.0775203
151.914,0.0780488
151.954,0.0796341
152.034,0.08
152.114,0.0796748
152.154,0.0818293
152.278,0.098374
152.314,0.0954472
152.357,0.0976829
152.434,0.0965854
152.514,0.0931707
152.554,0.0963415
152.634,0.0962602
152.714,0.099187
152.754,0.0973577
152.834,0.094878
152.914,0.0980488
152.954,0.0973984
153.034,0.100163
153.114,0.105122
153.154,0.107642
153.234,0.108089
153.314,0.109431
153.357,0.10874
153.434,0.112561
153.514,0.111545
153.554,0.108455
153.634,0.105935
153.714,0.100691
153.754,0.0949187
153.834,0.0813008
153.958,0.0695528
153.975,0.0686179
154.034,0.071626
154.114,0.0699593
154.154,0.0711789
154.234,0.0728862
154.314,0.0668293
154.357,0.0641057
154.434,0.0641463
154.514,0.062439
154.554,0.0626016
154.634,0.0646748
154.715,0.0630894
154.754,0.0620732
154.834,0.0581707
154.914,0.0500407
154.954,0.0480081
155.034,0.0469512
155.114,0.0487398
155.154,0.0506098
155.234,0.050935
155.314,0.0502439
155.357,0.0506098
155.434,0.0519106
155.514,0.0548374
155.598,0.0557317
155.634,0.0594309
155.714,0.055813
155.754,0.0581301
155.834,0.0577642
155.914,0.052439
155.954,0.0541463
156.034,0.0508537
156.114,0.0447967
156.154,0.0443902
156.234,0.0419512
156.315,0.0377236
156.358,0.0348374
156.434,0.0360976
156.514,0.0364634
156.554,0.0385366
156.634,0.0371545
156.714,0.0342683
156.754,0.0320325
156.834,0.0293902
156.914,0.0247561
156.954,0.0236179
157.034,0.0210976
157.114,0.0206504
157.154,0.0210569
157.278,0.0298374
157.335,0.0311789
157.357,0.0317073
157.434,0.0317886
157.514,0.0324797
157.554,0.035
157.634,0.0357724
157.714,0.0354472
157.754,0.0344715
157.834,0.0353659
157.914,0.0348374
157.954,0.0353252
158.034,0.0338618
158.114,0.0337805
158.154,0.0332114
158.234,0.0340244
158.314,0.0355691
158.357,0.0350407
158.434,0.0370732
158.514,0.035
158.554,0.0337398
158.634,0.0334553
158.714,0.046626
158.754,0.0600406
158.834,0.0898374
158.959,0.126463
158.976,0.134919
159.034,0.158943
159.114,0.159797
159.154,0.155691
159.234,0.15813
159.314,0.149431
159.357,0.149675
159.454,0.149878
159.534,0.143415
159.554,0.143252
159.634,0.140894
159.714,0.139878
159.754,0.140203
159.834,0.141504
159.914,0.141423
159.954,0.143008
160.034,0.141301
160.114,0.143699
160.154,0.142886
160.234,0.142967
160.314,0.146138
160.357,0.149594
160.434,0.149472
160.514,0.163374
160.579,0.164675
160.634,0.166423
160.714,0.158618
160.754,0.157114
160.834,0.14626
160.914,0.13935
160.954,0.133618
161.034,0.119065
161.114,0.109146
161.154,0.100041
161.234,0.0818699
161.314,0.0639837
161.357,0.0567073
161.434,0.0388211
161.514,0.0222358
161.554,0.0156098
161.634,0.0146748
161.714,0.0150813
161.754,0.0147561
161.834,0.016748
161.914,0.0178455
161.954,0.0202846
162.034,0.0478862
162.114,0.0726016
162.154,0.0834959
162.279,0.107195
162.314,0.114593
162.357,0.116138
162.434,0.119512
162.514,0.123862
162.554,0.127398
162.634,0.129593
162.714,0.13126
162.754,0.130894
162.834,0.132846
162.914,0.13435
162.954,0.135976
163.034,0.138618
163.114,0.140407
163.154,0.140366
163.234,0.141992
163.314,0.143862
163.357,0.14435
163.434,0.142642
163.514,0.143496
163.554,0.144431
163.634,0.145447
163.714,0.145447
163.754,0.147439
163.834,0.145854
163.959,0.139797
163.994,0.133577
164.034,0.124593
164.114,0.111301
164.154,0.104065
164.234,0.0923171
164.314,0.0794309
164.357,0.0771138
164.434,0.0663821
164.514,0.0549593
164.554,0.0494715
164.635,0.0406911
164.714,0.0364228
164.754,0.0338211
164.834,0.0312195
164.914,0.0260976
164.954,0.0267886
165.034,0.0280081
165.114,0.0279268
165.154,0.0291463
165.234,0.0328049
165.314,0.0328049
165.357,0.035122
165.434,0.0357724
165.514,0.036748
165.599,0.0428455
165.634,0.0431301
165.714,0.0419106
165.754,0.0420325
165.834,0.0417886
165.914,0.0429675
165.954,0.0426423
166.034,0.0425203
166.114,0.044065
166.154,0.0439024
166.234,0.0431707
166.314,0.0427236
166.358,0.043252
166.434,0.0432927
166.514,0.044065
166.554,0.0432927
166.634,0.0437398
166.714,0.0440244
166.754,0.0460569
166.834,0.0453252
166.914,0.0462195
166.954,0.0486585
167.034,0.0612195
167.114,0.0798374
167.154,0.0906911
167.279,0.111789
167.314,0.133049
167.357,0.144146
167.434,0.150732
167.534,0.153577
167.554,0.153699
167.634,0.15435
167.714,0.153171
167.754,0.153577
167.834,0.152236
167.914,0.152561
167.954,0.151179
168.034,0.14752
168.114,0.144472
168.154,0.142805
168.234,0.13752
168.314,0.141423
168.358,0.143862
168.434,0.146057
168.514,0.147967
168.554,0.147114
168.634,0.149146
168.714,0.150528
168.754,0.150894
168.834,0.151789
168.94,0.149959
168.957,0.152846
169.034,0.151585
169.114,0.152967
169.154,0.155
169.234,0.157398
169.314,0.160854
169.357,0.165122
169.434,0.170935
169.514,0.178455
169.554,0.184431
169.655,0.187927
169.714,0.18878
169.754,0.189146
169.834,0.18
169.914,0.173943
169.954,0.170854
170.034,0.161098
170.114,0.151098
170.154,0.145041
170.234,0.12878
170.314,0.11435
170.357,0.110285
170.434,0.094878
170.514,0.0789431
170.599,0.0812602
170.634,0.0654878
170.714,0.0496748
170.754,0.0435366
170.834,0.0330894
170.914,0.029065
170.954,0.0263008
171.034,0.0219106
171.114,0.0210569
171.154,0.0207724
171.234,0.0208537
171.314,0.0276016
171.357,0.0291463
171.434,0.0347967
171.514,0.0359756
171.554,0.0355691
171.634,0.0373171
171.714,0.0377236
171.754,0.0378049
171.834,0.0386992
171.914,0.039065
171.954,0.0391057
172.034,0.0394309
172.114,0.0391057
172.154,0.0397154
172.279,0.04
172.334,0.039187
172.357,0.0396341
172.434,0.0397561
172.514,0.0396341
172.554,0.0402846
172.634,0.039878
172.714,0.0404065
172.754,0.0401626
172.834,0.0400406
172.914,0.0401626
172.954,0.0399187
173.034,0.0396748
173.114,0.0391463
173.154,0.0396341
173.234,0.0395528
173.314,0.0397154
173.357,0.0399187
173.434,0.0404065
173.514,0.0402033
173.554,0.0401626
173.634,0.0403659
173.714,0.0405691
173.754,0.0406098
173.834,0.0406504
173.96,0.0512195
173.977,0.0514634
174.034,0.0515041
174.114,0.0513821
174.154,0.0521545
174.234,0.0519512
174.314,0.0519512
174.357,0.0522358
174.434,0.0518699
174.514,0.0521138
174.554,0.0519512
174.634,0.0504472
174.714,0.0504472
174.754,0.0552846
174.834,0.0707317
174.914,0.0885772
174.954,0.0971138
175.034,0.107642
175.114,0.113496
175.154,0.114715
175.234,0.118171
175.314,0.121667
175.357,0.124024
175.434,0.125772
175.514,0.128496
175.599,0.128171
175.634,0.143455
175.714,0.160569
175.754,0.171545
175.834,0.192358
175.914,0.208496
175.954,0.220407
176.034,0.235976
176.114,0.259268
176.154,0.270732
176.234,0.285691
176.314,0.306911
176.357,0.315244
176.434,0.313455
176.514,0.319472
176.554,0.316626
176.634,0.310488
176.714,0.30935
176.754,0.311992
176.834,0.314797
176.914,0.319512
176.954,0.320935
177.034,0.323049
177.114,0.325854
177.154,0.32874
177.278,0.325081
177.314,0.322114
177.357,0.317561
177.434,0.308862
177.514,0.300813
177.554,0.297154
177.634,0.287764
177.714,0.282846
177.754,0.278333
177.834,0.267927
177.914,0.260691
177.955,0.25439
178.034,0.25439
178.114,0.260366
178.154,0.257602
178.234,0.26065
178.314,0.265732
178.357,0.264593
178.434,0.264634
178.514,0.260772
178.554,0.260406
178.634,0.254146
178.714,0.252724
178.754,0.251423
178.834,0.251992
178.919,0.274146
178.954,0.277683
179.034,0.263089
179.114,0.24935
179.154,0.237358
179.234,0.222276
179.314,0.20378
179.357,0.196911
179.434,0.180447
179.514,0.157602
179.554,0.146911
179.634,0.129593
179.714,0.110813
179.754,0.100772
179.834,0.083374
179.914,0.0687398
179.954,0.0634553
180.034,0.054065
180.114,0.0494309
180.154,0.0524797
180.234,0.0578455
180.314,0.066626
180.357,0.0700407
180.434,0.0752033
180.514,0.0771138
180.599,0.0778455
180.634,0.076626
180.714,0.0726016
180.754,0.0743902
180.834,0.0681301
180.914,0.0673577
180.954,0.0656504
181.034,0.0638211
181.114,0.0603659
181.154,0.0609756
181.234,0.063374
181.314,0.0628862
181.357,0.0626016
181.434,0.0614228
181.514,0.0602033
181.554,0.061626
181.634,0.0675203
181.714,0.078252
181.754,0.0845935
181.834,0.0964634
181.914,0.108902
181.954,0.114593
182.034,0.122195
182.114,0.129106
182.154,0.130447
182.279,0.149878
182.314,0.153211
182.36,0.154634
182.434,0.155447
182.514,0.155528
182.554,0.157642
182.634,0.159472
182.714,0.16252
182.754,0.162642
182.834,0.165285
182.914,0.169146
182.955,0.174715
183.034,0.176341
183.114,0.17752
183.154,0.178943
183.234,0.181179
183.314,0.181179
183.354,0.182439
183.434,0.184187
183.514,0.183089
183.554,0.184106
183.634,0.184431
183.714,0.184553
183.754,0.18561
183.834,0.187236
183.959,0.202317
183.976,0.20752
184.034,0.20565
184.114,0.207114
184.154,0.20687
184.234,0.205732
184.314,0.207358
184.357,0.207195
184.434,0.206504
184.514,0.205447
184.554,0.207033
184.635,0.204431
184.714,0.206707
184.754,0.207764
184.834,0.20813
184.914,0.20748
184.954,0.206585
185.034,0.205488
185.114,0.20622
185.154,0.206626
185.234,0.206504
185.314,0.207398
185.358,0.206504
185.434,0.208211
185.514,0.207805
185.599,0.218211
185.634,0.21935
185.714,0.21935
185.754,0.22
185.834,0.218008
185.914,0.217439
185.954,0.217033
186.034,0.217033
186.114,0.217886
186.154,0.215976
186.234,0.215854
186.315,0.214959
186.357,0.214634
186.434,0.213821
186.514,0.213496
186.554,0.213943
186.634,0.21626
186.714,0.211667
186.754,0.211667
186.834,0.211707
186.914,0.214228
186.954,0.214553
187.034,0.215041
187.114,0.214187
187.154,0.214146
187.279,0.211382
187.314,0.213333
187.357,0.212846
187.434,0.211626
187.514,0.212236
187.574,0.212602
187.634,0.213374
187.714,0.213415
187.754,0.212724
187.834,0.213089
187.914,0.214756
187.954,0.215041
188.034,0.216707
188.114,0.216667
188.154,0.217561
188.234,0.217561
188.314,0.217927
188.357,0.217236
188.434,0.218211
188.514,0.218496
188.554,0.219268
188.634,0.221463
188.714,0.224187
188.754,0.225
188.834,0.225976
188.959,0.231911
188.976,0.23126
189.034,0.230488
189.114,0.229553
189.154,0.229634
189.234,0.231382
189.314,0.231382
189.357,0.231138
189.434,0.229431
189.514,0.229837
189.554,0.230244
189.634,0.229837
189.714,0.23061
189.754,0.229878
189.834,0.23061
189.914,0.229553
189.954,0.230041
190.034,0.230691
190.114,0.230488
190.154,0.228984
190.234,0.228455
190.314,0.229228
190.357,0.23
190.434,0.231382
190.514,0.231463
190.599,0.233537
190.634,0.235285
190.714,0.236667
190.754,0.237683
190.834,0.238211
190.914,0.238252
190.954,0.238984
191.034,0.240163
191.114,0.23874
191.154,0.240488
191.234,0.241301
191.314,0.241545
191.358,0.241789
191.434,0.240122
191.514,0.239228
191.554,0.24
191.634,0.241016
191.714,0.244512
191.754,0.247114
191.834,0.246016
191.914,0.246504
191.954,0.248049
192.034,0.247561
192.114,0.245732
192.154,0.247317
192.258,0.24248
192.314,0.246707
192.358,0.242886
192.434,0.24439
192.514,0.246829
192.554,0.248089
192.634,0.25
192.714,0.250854
192.754,0.247724
192.834,0.244512
192.914,0.243659
192.955,0.242927
193.034,0.241504
193.114,0.240041
193.155,0.242886
193.234,0.237764
193.314,0.23874
193.357,0.237276
193.434,0.234837
193.514,0.23374
193.554,0.233293
193.634,0.234797
193.714,0.236382
193.754,0.236504
193.834,0.236992
193.939,0.235528
193.956,0.235041
194.034,0.237317
194.115,0.236585
194.154,0.236626
194.234,0.236545
194.314,0.234878
194.357,0.234268
194.434,0.232195
194.514,0.230894
194.554,0.230285
194.635,0.231382
194.714,0.23252
194.754,0.232317
194.834,0.233659
194.914,0.232764
194.954,0.232033
195.034,0.231789
195.114,0.233415
195.154,0.234187
195.234,0.240772
195.314,0.242724
195.357,0.244919
195.434,0.247764
195.514,0.246423
195.598,0.247195
195.654,0.247276
195.714,0.247764
195.774,0.247764
195.834,0.246423
195.914,0.247764
195.954,0.25061
196.034,0.251463
196.114,0.25439
196.154,0.256545
196.234,0.260935
196.314,0.268374
196.357,0.271423
196.434,0.276829
196.515,0.281463
196.554,0.282439
196.634,0.289146
196.714,0.289431
196.754,0.291504
196.834,0.290528
196.914,0.292195
196.954,0.294472
197.055,0.293293
197.114,0.284634
197.154,0.280894
197.278,0.254634
197.314,0.259472
197.357,0.261098
197.434,0.259228
197.514,0.262236
197.554,0.263293
197.634,0.266301
197.714,0.266545
197.754,0.266504
197.834,0.267886
197.914,0.271423
197.954,0.272195
198.034,0.275244
198.114,0.277846
198.154,0.27813
198.234,0.28126
198.314,0.284512
198.358,0.284675
198.434,0.288618
198.514,0.292114
198.554,0.293699
198.634,0.29813
198.714,0.30248
198.754,0.303049
198.834,0.304837
198.938,0.293374
198.955,0.295325
199.034,0.307114
199.114,0.322195
199.154,0.326829
199.234,0.339065
199.314,0.349593
199.358,0.35439
199.434,0.364472
199.514,0.372846
199.554,0.376057
199.634,0.38187
199.714,0.383943
199.754,0.383984
199.834,0.386057
199.914,0.388984
199.954,0.390244
200.034,0.39065
200.114,0.393333
200.154,0.396098
200.234,0.396951
200.314,0.405041
200.357,0.409512
200.434,0.419106
200.514,0.428821
200.558,0.432033
200.634,0.441748
200.714,0.447764
200.754,0.450163
200.834,0.450691
200.914,0.453821
200.954,0.453862
201.034,0.456911
201.114,0.456504
201.154,0.455285
201.234,0.457967
201.314,0.458862
201.357,0.457642
201.434,0.460122
201.514,0.457683
201.554,0.455976
201.634,0.45622
201.714,0.455447
201.754,0.452236
201.834,0.453049
201.914,0.452602
201.954,0.451911
202.034,0.451341
202.114,0.449228
202.154,0.446301
202.258,0.437724
202.314,0.438618
202.357,0.440244
202.434,0.441016
202.514,0.445163
202.554,0.447683
202.634,0.448293
202.714,0.448862
202.754,0.447764
202.834,0.444959
202.914,0.442967
202.954,0.442114
203.034,0.440244
203.114,0.440122
203.154,0.440285
203.234,0.438821
203.314,0.439268
203.357,0.439593
203.434,0.436098
203.514,0.435569
203.554,0.439553
203.634,0.450406
203.714,0.463496
203.754,0.466016
203.834,0.472398
203.939,0.468496
203.956,0.474309
204.034,0.481057
204.114,0.484959
204.154,0.489228
204.234,0.489959
204.314,0.491341
204.358,0.493984
204.434,0.495163
204.514,0.495163
204.554,0.497114
204.634,0.497114
204.714,0.498455
204.754,0.496829
204.834,0.495244
204.914,0.49565
204.954,0.495366
205.034,0.496016
205.114,0.497317
205.154,0.495935
205.234,0.490325
205.314,0.489715
205.358,0.490366
205.434,0.490894
205.514,0.493049
205.598,0.491057
205.634,0.491098
205.714,0.489837
205.754,0.488943
205.834,0.485569
205.914,0.481667
205.954,0.481667
206.034,0.480488
206.114,0.477033
206.154,0.475488
206.234,0.475569
206.314,0.474919
206.357,0.474634
206.434,0.473984
206.514,0.473415
206.554,0.474878
206.634,0.475163
206.714,0.474919
206.754,0.476138
206.834,0.478252
206.914,0.479106
206.954,0.477724
207.034,0.478618
207.114,0.479472
207.154,0.480691
207.277,0.481016
207.314,0.482764
207.357,0.483252
207.434,0.481789
207.514,0.481748
207.554,0.482683
207.634,0.482967
207.714,0.482398
207.754,0.481098
207.834,0.483252
207.914,0.484837
207.954,0.48561
208.034,0.48622
208.114,0.486098
208.154,0.485813
208.234,0.483374
208.314,0.482967
208.357,0.482724
208.434,0.482683
208.514,0.482154
208.554,0.48122
208.634,0.482073
208.714,0.481992
208.754,0.483252
208.834,0.483374
208.958,0.479715
208.975,0.47935
209.034,0.480447
209.114,0.482927
209.154,0.485528
209.234,0.488049
209.314,0.488171
209.357,0.488374
209.434,0.488902
209.514,0.487317
209.554,0.487195
209.634,0.488537
209.714,0.487561
209.754,0.488049
209.834,0.488049
209.914,0.487154
209.954,0.487033
210.034,0.487927
210.114,0.487236
210.154,0.48813
210.234,0.488089
210.314,0.488252
210.357,0.48752
210.434,0.487439
210.514,0.487398
210.598,0.490691
210.654,0.491707
210.714,0.491585
210.754,0.491707
210.834,0.491667
210.914,0.490854
210.954,0.490894
211.034,0.491301
211.114,0.490976
211.154,0.491301
211.234,0.491789
211.314,0.491057
211.357,0.491545
211.434,0.492398
211.514,0.494228
211.554,0.495203
211.634,0.496789
211.714,0.499106
211.754,0.500488
211.834,0.505244
211.914,0.507236
211.954,0.508455
212.034,0.510325
212.114,0.513821
212.154,0.515976
212.278,0.519593
212.314,0.523496
212.357,0.524959
212.434,0.527846
212.514,0.531016
212.554,0.534959
212.634,0.53935
212.714,0.542967
212.754,0.546341
212.834,0.547846
212.914,0.549268
212.954,0.549472
213.034,0.55
213.114,0.550935
213.154,0.552967
213.234,0.554512
213.314,0.556951
213.357,0.557967
213.424,0.55874
213.505,0.56065
213.544,0.561463
213.625,0.562805
213.705,0.564797
213.744,0.565366
213.824,0.565813
213.969,0.564756
214.005,0.564309
214.024,0.564634
214.104,0.566301
214.144,0.565976
214.225,0.566463
214.304,0.567683
214.345,0.567683
214.424,0.568537
214.505,0.571545
214.544,0.572236
214.625,0.573862
214.704,0.574472
214.744,0.57435
214.824,0.575732
214.904,0.577764
214.945,0.579431
215.024,0.582317
215.104,0.585122
215.144,0.586301
215.225,0.588333
215.304,0.589837
215.345,0.590732
215.424,0.592032
215.505,0.593415
215.609,0.595813
215.664,0.59626
215.704,0.596423
215.744,0.596463
215.824,0.596545
215.904,0.596057
215.945,0.597195
216.024,0.597114
216.104,0.597033
216.144,0.597236
216.225,0.597154
216.304,0.597561
216.345,0.597602
216.424,0.597317
216.505,0.597195
216.544,0.597439
216.625,0.597602
216.705,0.597358
216.744,0.597439
216.825,0.597033
216.904,0.596911
216.945,0.597317
217.024,0.597276
217.104,0.598943
217.144,0.600407
217.289,0.59874
217.306,0.596504
217.345,0.597154
217.424,0.599024
217.505,0.598415
217.544,0.597886
217.625,0.597317
217.704,0.597073
217.744,0.598089
217.824,0.598821
217.904,0.599594
217.945,0.599675
218.024,0.600447
218.104,0.600732
218.144,0.601098
218.225,0.601098
218.304,0.601057
218.345,0.599594
218.424,0.598537
218.505,0.597683
218.544,0.597073
218.625,0.595935
218.704,0.595244
218.744,0.594634
218.824,0.594431
218.969,0.579797
218.986,0.57939
219.024,0.578943
219.104,0.578293
219.144,0.577642
219.225,0.577724
219.304,0.577602
219.345,0.579024
219.424,0.581138
219.504,0.580041
219.544,0.579187
219.625,0.578984
219.704,0.579756
219.744,0.579919
219.824,0.578496
219.904,0.578537
219.945,0.578577
220.024,0.578862
220.104,0.579024
220.144,0.578659
220.225,0.579715
220.304,0.579634
220.345,0.579268
220.424,0.578699
220.505,0.577846
220.589,0.578008
220.625,0.577236
220.704,0.577724
220.744,0.578415
220.824,0.578943
220.904,0.579106
220.944,0.578415
221.024,0.578293
221.104,0.578659
221.144,0.578618
221.224,0.578943
221.305,0.578577
221.345,0.578374
221.424,0.579065
221.505,0.579065
221.544,0.579106
221.625,0.579065
221.704,0.579512
221.744,0.579675
221.824,0.58065
221.904,0.58065
221.945,0.581057
222.024,0.581423
222.104,0.581463
222.144,0.58126
222.29,0.579919
222.307,0.580569
222.345,0.580772
222.444,0.580285
222.505,0.580691
222.544,0.581341
222.625,0.582317
222.704,0.582683
222.744,0.582561
222.824,0.583008
222.904,0.581911
222.945,0.58126
223.024,0.581748
223.104,0.58061
223.144,0.580122
223.225,0.580325
223.304,0.580488
223.344,0.580163
223.424,0.58065
223.504,0.581057
223.544,0.580935
223.625,0.581057
223.704,0.58126
223.744,0.581463
223.824,0.581626
223.97,0.578049
223.987,0.577602
224.024,0.577073
224.104,0.576951
224.144,0.577073
224.225,0.57687
224.304,0.577195
224.345,0.577033
224.424,0.57687
224.505,0.576789
224.544,0.576829
224.625,0.576626
224.704,0.576667
224.744,0.577114
224.824,0.577154
224.904,0.577236
224.944,0.577236
225.024,0.576911
225.104,0.576341
225.144,0.576707
225.224,0.576341
225.304,0.576138
225.345,0.576382
225.424,0.576463
225.505,0.576423
225.589,0.57687
225.645,0.57687
225.704,0.576667
225.744,0.576992
225.824,0.577439
225.904,0.57748
225.945,0.57748
226.024,0.577846
226.104,0.578089
226.144,0.578374
226.224,0.578699
226.305,0.578333
226.344,0.578537
226.425,0.578415
226.505,0.578659
226.544,0.578171
226.624,0.578618
226.704,0.578659
226.744,0.57878
226.824,0.578699
226.904,0.578618
226.945,0.578496
227.024,0.578618
227.104,0.578618
227.144,0.578537
227.29,0.577642
227.325,0.577358
227.364,0.577154
227.434,0.577642
227.514,0.577358
227.554,0.577764
227.634,0.577846
227.714,0.57748
227.754,0.577276
227.834,0.57752
227.914,0.577602
227.955,0.578089
228.034,0.577805
228.114,0.578333
228.154,0.578374
228.234,0.578293
228.314,0.578293
228.354,0.578049
228.434,0.578252
228.514,0.578293
228.554,0.578415
228.634,0.577764
228.714,0.576016
228.754,0.575163
228.834,0.573984
228.959,0.563577
228.976,0.563171
229.034,0.563537
229.114,0.562886
229.154,0.563171
229.254,0.563537
229.314,0.56374
229.354,0.563659
229.434,0.563374
229.514,0.563089
229.554,0.562967
229.634,0.562886
229.714,0.562967
229.754,0.562967
229.834,0.562724
229.914,0.562805
229.954,0.563333
230.034,0.563171
230.114,0.562967
230.154,0.563049
230.234,0.562967
230.314,0.562846
230.357,0.562724
230.434,0.562967
230.514,0.562886
230.599,0.558821
230.634,0.558943
230.714,0.558699
230.754,0.559065
230.834,0.55935
230.914,0.558943
230.954,0.558821
231.034,0.558862
231.114,0.558902
231.154,0.558618
231.234,0.55874
231.314,0.55874
231.357,0.558984
231.434,0.559146
231.514,0.558984
231.554,0.558984
231.634,0.559228
231.714,0.559553
231.754,0.559593
231.834,0.55935
231.914,0.559228
231.954,0.55939
232.034,0.559472
232.114,0.55935
232.154,0.559512
232.279,0.560203
232.314,0.559837
232.354,0.560081
232.434,0.560081
232.514,0.56
232.554,0.559959
232.634,0.560366
232.714,0.559959
232.754,0.560041
232.834,0.560244
232.914,0.560244
232.955,0.560244
233.034,0.56
233.114,0.559878
233.154,0.559878
233.234,0.560447
233.314,0.560407
233.356,0.560122
233.434,0.560366
233.514,0.56065
233.554,0.560366
233.634,0.560407
233.714,0.560407
233.754,0.560407
233.834,0.560407
233.959,0.558984
233.976,0.559024
234.034,0.558902
234.114,0.559553
234.154,0.559553
234.234,0.559959
234.314,0.559431
234.357,0.559553
234.434,0.559553
234.514,0.559106
234.554,0.559593
234.634,0.559553
234.714,0.560203
234.754,0.560407
234.834,0.560488
234.914,0.560528
234.954,0.560488
235.034,0.56061
235.114,0.560447
235.154,0.560488
235.234,0.560488
235.314,0.561016
235.354,0.560976
235.434,0.560976
235.514,0.561545
235.599,0.560041
235.634,0.559675
235.714,0.559593
235.754,0.559431
235.834,0.559593
235.914,0.560325
235.954,0.560772
236.034,0.560447
236.114,0.560244
236.154,0.560366
236.234,0.560407
236.315,0.560569
236.357,0.560407
236.434,0.560772
236.514,0.561098
236.554,0.561057
236.634,0.561179
236.714,0.561179
236.754,0.560894
236.834,0.56122
236.914,0.561341
236.954,0.561423
237.034,0.561748
237.114,0.562439
237.154,0.562439
237.28,0.560894
237.314,0.560691
237.356,0.560122
237.434,0.560569
237.514,0.560569
237.554,0.560447
237.634,0.56061
237.714,0.561057
237.754,0.561016
238.96,0.559187
237.86,0.559309
239.034,0.559106
237.98,0.559228
238.02,0.559512
238.1,0.559431
238.18,0.559228
238.222,0.559187
238.3,0.55935
238.38,0.560081
238.42,0.560325
238.5,0.560854
238.58,0.560976
238.62,0.560813
238.7,0.560691
238.78,0.56065
238.82,0.560488
238.9,0.560244
238.98,0.559797
239.02,0.560122
239.1,0.559959
239.18,0.560203
239.222,0.560041
239.3,0.559837
239.38,0.560122
239.465,0.559797
239.5,0.56
239.58,0.559553
239.62,0.559472
239.7,0.559715
239.78,0.559878
239.82,0.560285
239.9,0.56061
239.98,0.560813
240.02,0.561098
240.1,0.561382
240.18,0.561992
240.22,0.562114
240.291,0.561951
240.37,0.56187
240.41,0.56187
240.49,0.561585
240.57,0.561911
240.61,0.56187
240.69,0.562317
240.77,0.562439
240.81,0.562358
240.89,0.563537
240.97,0.56435
241.01,0.565041
241.136,0.565163
241.171,0.56435
241.21,0.564553
241.29,0.563862
241.37,0.563293
241.41,0.563252
241.49,0.563455
241.57,0.56374
241.61,0.563984
241.69,0.563902
241.77,0.564065
241.811,0.564431
241.89,0.564797
241.97,0.564878
242.01,0.565122
242.091,0.565041
242.17,0.565163
242.21,0.565285
242.29,0.565122
242.37,0.564593
242.41,0.564878
242.49,0.565325
242.57,0.565325
242.61,0.564919
242.69,0.565366
242.817,0.563984
242.85,0.564309
242.89,0.564837
242.97,0.564106
243.01,0.563902
243.09,0.56435
243.17,0.564146
243.21,0.564106
243.29,0.564512
243.37,0.565447
243.41,0.565772
243.491,0.56561
243.57,0.565244
243.61,0.565447
243.69,0.565488
243.771,0.565488
243.811,0.56565
243.89,0.566138
243.97,0.56561
244.01,0.566341
244.09,0.566545
244.17,0.566016
244.211,0.566138
244.29,0.566179
244.37,0.565488
244.456,0.565244
244.49,0.565
244.57,0.564065
244.61,0.564187
244.69,0.565081
244.77,0.564878
244.81,0.564756
244.89,0.564553
244.97,0.565
245.01,0.565447
245.09,0.565772
245.171,0.566179
245.211,0.566179
245.29,0.566098
245.37,0.566382
245.41,0.566382
245.49,0.566951
245.57,0.566789
245.61,0.566423
245.69,0.566667
245.77,0.56687
245.81,0.567276
245.89,0.567276
245.97,0.56687
246.01,0.566992
246.137,0.565447
246.17,0.565122
246.21,0.565041
246.29,0.56622
246.37,0.565813
246.41,0.565447
246.49,0.56565
246.59,0.56561
246.61,0.566016
246.69,0.565203
246.77,0.565813
246.811,0.566545
246.89,0.566382
246.97,0.567033
247.01,0.567195
247.09,0.566829
247.17,0.566585
247.21,0.566789
247.29,0.566545
247.37,0.567724
247.41,0.566585
247.49,0.567358
247.57,0.567967
247.61,0.568089
247.69,0.567927
247.797,0.566667
247.814,0.567073
247.89,0.567033
247.97,0.56687
248.01,0.567033
248.09,0.567195
248.17,0.566789
248.211,0.567886
248.29,0.567602
248.37,0.567033
248.41,0.567317
248.49,0.567154
248.57,0.567276
248.61,0.566585
248.69,0.566138
248.77,0.566748
248.81,0.566748
248.89,0.567154
248.97,0.567114
249.01,0.56752
249.09,0.566626
249.17,0.567642
249.21,0.566789
249.29,0.567846
249.37,0.567724
249.457,0.567764
249.49,0.568089
249.57,0.567195
249.61,0.567398
249.69,0.56813
249.77,0.568333
249.81,0.568211
249.89,0.569106
249.97,0.568496
250.01,0.569065
250.09,0.568862
250.171,0.568496
250.21,0.56813
250.29,0.568211
250.37,0.568374
250.41,0.568496
250.49,0.56878
250.57,0.569024
250.61,0.568902
250.69,0.568252
250.77,0.568984
250.81,0.568821
250.89,0.569146
250.97,0.569634
251.01,0.570244
251.136,0.569797
251.17,0.569797
251.21,0.569431
251.29,0.569187
251.37,0.569106
251.41,0.569146
251.49,0.569431
251.57,0.569634
251.61,0.570488
251.69,0.570894
251.77,0.57252
251.811,0.572846
251.89,0.574472
251.97,0.576219
252.01,0.577195
252.09,0.579431
252.171,0.581504
252.21,0.582236
252.29,0.58439
252.37,0.586667
252.41,0.588049
252.49,0.590366
252.57,0.591829
252.61,0.593252
252.69,0.59565
252.816,0.598171
252.833,0.599024
252.89,0.599309
252.97,0.601829
253.01,0.602439
253.09,0.60439
253.17,0.604715
253.21,0.605081
253.29,0.606179
253.37,0.608171
253.41,0.608252
253.491,0.610325
253.571,0.611179
253.61,0.61126
253.69,0.609472
253.77,0.608699
253.81,0.609675
253.89,0.608496
253.97,0.607683
254.01,0.607683
254.091,0.60748
254.17,0.605325
254.211,0.603902
254.29,0.603821
254.37,0.602033
254.455,0.580854
254.51,0.581707
254.57,0.582276
254.61,0.582967
254.69,0.583862
254.77,0.584309
254.81,0.584797
254.89,0.585894
254.97,0.586219
255.01,0.586219
255.09,0.58626
255.17,0.585772
255.211,0.585772
255.29,0.585732
255.37,0.586016
255.41,0.58561
255.49,0.586098
255.57,0.586463
255.61,0.586992
255.69,0.586789
255.77,0.586545
255.811,0.587032
255.89,0.586504
255.97,0.587032
256.011,0.587154
256.135,0.584837
256.17,0.585406
256.21,0.585203
256.29,0.584756
256.37,0.583821
256.41,0.584268
256.49,0.583577
256.57,0.583211
256.61,0.583171
256.69,0.582683
256.77,0.582886
256.811,0.583699
256.89,0.585
256.971,0.584959
257.01,0.584634
257.09,0.585203
257.171,0.585894
257.211,0.585813
257.291,0.585976
257.371,0.586098
257.41,0.586098
257.491,0.586301
257.571,0.586138
257.61,0.586016
257.691,0.586098
257.816,0.583089
257.833,0.582358
257.89,0.58252
257.97,0.583577
258.01,0.583171
258.09,0.58313
258.17,0.582724
258.21,0.582114
258.29,0.582602
258.37,0.583089
258.41,0.582398
258.491,0.581545
258.57,0.581504
258.61,0.58252
258.69,0.582561
258.77,0.582317
258.81,0.582033
258.89,0.581585
258.971,0.580772
259.01,0.580081
259.09,0.578699
259.17,0.578333
259.21,0.578496
259.29,0.579228
259.37,0.580041
259.436,0.579756
259.49,0.579756
259.57,0.579065
259.61,0.578821
259.69,0.57874
259.77,0.57874
259.81,0.579146
259.89,0.580285
259.97,0.58
260.01,0.579837
260.09,0.579715
260.17,0.580122
260.211,0.579431
260.29,0.580325
260.37,0.58126
260.41,0.580976
260.49,0.581098
260.57,0.58065
260.61,0.580406
260.691,0.581219
260.77,0.581504
260.811,0.58126
260.891,0.581301
260.97,0.580854
261.01,0.580691
261.136,0.581179
261.171,0.580732
261.21,0.580732
261.29,0.580366
261.37,0.579431
261.41,0.580041
261.49,0.58061
261.57,0.580122
261.61,0.580041
261.69,0.579797
261.77,0.579065
261.811,0.579106
261.891,0.578415
261.97,0.578537
262.01,0.578618
262.09,0.578943
262.17,0.578008
262.21,0.578008
262.29,0.577764
262.37,0.579146
262.41,0.578902
262.491,0.57878
262.57,0.578862
262.611,0.578618
262.69,0.578211
262.797,0.577033
262.814,0.575854
262.89,0.575569
262.97,0.575406
263.01,0.575854
263.09,0.575894
263.17,0.575894
263.21,0.576057
263.29,0.576545
263.37,0.575976
263.41,0.576179
263.491,0.575813
263.57,0.575772
263.61,0.57561
263.691,0.575854
263.77,0.576098
263.81,0.576585
263.89,0.576382
263.97,0.576098
264.01,0.576138
264.09,0.576626
264.17,0.576789
264.21,0.576951
264.29,0.576748
264.37,0.577195
264.455,0.578415
264.49,0.578455
264.57,0.578211
264.61,0.578333
264.69,0.577805
264.77,0.577805
264.81,0.577561
264.89,0.576911
264.97,0.576829
265.01,0.577154
265.09,0.577154
265.171,0.577073
265.211,0.577439
265.29,0.577439
265.37,0.577967
265.41,0.577846
265.491,0.578293
265.57,0.578496
265.61,0.578455
265.691,0.578577
265.77,0.57813
265.81,0.577967
265.891,0.577764
265.97,0.577642
266.01,0.577927
266.136,0.575447
266.17,0.575691
266.21,0.575366
266.29,0.575569
266.37,0.575244
266.41,0.57565
266.49,0.57561
266.57,0.575732
266.61,0.57565
266.69,0.57561
266.77,0.575732
266.811,0.576057
266.891,0.575976
266.971,0.575854
267.01,0.575569
267.09,0.576016
267.17,0.575935
267.21,0.575935
267.29,0.576016
267.37,0.576016
267.41,0.575854
267.49,0.576016
267.57,0.576341
267.61,0.576219
267.69,0.576341
267.816,0.575447
267.833,0.575894
267.89,0.576138
267.97,0.576219
268.01,0.576545
268.091,0.576911
268.17,0.576789
268.211,0.576545
268.29,0.576098
268.37,0.575854
268.41,0.576138
268.491,0.575732
268.571,0.575935
268.61,0.576098
268.69,0.576057
268.771,0.576179
268.81,0.576301
268.89,0.576016
268.97,0.57626
269.01,0.575976
269.09,0.575691
269.17,0.574959
269.21,0.575325
269.29,0.575528
269.37,0.575366
269.456,0.571341
269.49,0.571504
269.57,0.572236
269.61,0.572073
269.69,0.57187
269.77,0.57248
269.81,0.572805
269.891,0.572764
269.97,0.573374
270.01,0.573374
270.09,0.573252
270.171,0.573415
270.211,0.573984
270.291,0.57374
270.371,0.573821
270.41,0.573577
270.491,0.573618
270.57,0.573455
270.61,0.573577
270.691,0.573455
270.77,0.573659
270.811,0.573577
270.891,0.573659
270.97,0.573699
271.01,0.573699
277.816,0.57374
277.833,0.574024
271.157,0.573455
271.237,0.573537
271.277,0.572764
271.358,0.572927
271.437,0.573171
271.477,0.573211
271.557,0.573252
271.637,0.573943
271.677,0.573211
271.778,0.573089
271.837,0.573333
271.877,0.573496
271.957,0.573577
272.037,0.573537
272.077,0.573374
272.157,0.573211
272.237,0.573293
272.278,0.572805
272.357,0.57313
272.438,0.573171
272.477,0.573293
272.558,0.573374
272.638,0.573496
272.722,0.570528
272.778,0.570528
272.837,0.57061
272.877,0.57187
272.977,0.573089
273.037,0.573211
273.077,0.572276
273.157,0.573049
273.237,0.573943
273.277,0.573496
273.357,0.574268
273.438,0.575122
273.477,0.574715
273.557,0.574228
273.637,0.573211
273.677,0.573862
273.758,0.574309
273.838,0.574472
273.877,0.574878
273.958,0.574675
274.038,0.574837
274.077,0.574919
274.158,0.574472
274.238,0.574837
274.277,0.574431
274.383,0.574756
274.437,0.574553
274.477,0.573984
274.557,0.574187
274.637,0.574024
274.677,0.573821
274.757,0.573577
274.837,0.573374
274.878,0.573862
274.957,0.573943
275.038,0.574065
275.078,0.574187
275.157,0.573902
275.237,0.573902
275.278,0.574146
275.357,0.574715
275.438,0.574675
275.477,0.575528
275.558,0.576057
275.638,0.576138
275.677,0.576504
275.758,0.577602
275.838,0.578008
275.877,0.579065
275.958,0.580122
276.082,0.57378
276.099,0.576301
276.158,0.57752
276.237,0.578252
276.277,0.579024
276.357,0.579146
276.437,0.580854
276.477,0.580772
276.557,0.582276
276.637,0.581545
276.677,0.58126
276.758,0.583049
276.837,0.582276
276.877,0.582114
276.958,0.580406
277.037,0.580691
277.077,0.581667
277.158,0.582561
277.237,0.582439
277.277,0.584024
277.358,0.584431
277.437,0.584268
277.477,0.582683
277.558,0.585041
277.637,0.586219
277.722,0.584959
277.757,0.584756
277.837,0.586504
277.877,0.58935
277.957,0.589634
278.037,0.588496
278.077,0.591504
278.157,0.592236
278.237,0.591382
278.277,0.590163
278.357,0.592967
278.438,0.592358
278.478,0.591057
278.558,0.594024
278.637,0.593496
278.677,0.595244
278.757,0.59374
278.837,0.595488
278.877,0.59565
278.957,0.590203
279.038,0.58935
279.078,0.588049
279.157,0.583293
279.237,0.578496
279.278,0.577967
279.362,0.573821
279.437,0.571138
279.477,0.569837
279.557,0.565041
279.637,0.564878
279.677,0.564309
279.758,0.562642
279.837,0.561911
279.877,0.563049
279.957,0.56439
280.037,0.566179
280.078,0.566301
280.158,0.565244
280.238,0.565569
280.277,0.563415
280.358,0.564959
280.438,0.559512
280.478,0.559959
280.557,0.556301
280.637,0.551463
280.677,0.55065
280.757,0.546098
280.838,0.542236
280.877,0.53748
280.957,0.536951
281.083,0.528699
281.1,0.520732
281.157,0.518252
281.237,0.514553
281.277,0.511748
281.357,0.509919
281.437,0.507724
281.478,0.507033
281.557,0.508374
281.637,0.504065
281.678,0.503862
281.758,0.497154
281.838,0.497154
281.877,0.501057
281.958,0.497033
282.038,0.49687
282.078,0.49748
282.158,0.495122
282.238,0.500732
282.277,0.500854
282.358,0.511626
282.438,0.517805
282.478,0.517764
282.568,0.531098
282.647,0.535163
282.711,0.540528
282.767,0.544594
282.847,0.546057
282.887,0.548862
282.987,0.561911
283.047,0.567927
283.087,0.571545
283.167,0.577724
283.247,0.583171
283.287,0.58313
283.367,0.595732
283.448,0.600203
283.487,0.602724
283.567,0.604594
283.647,0.606789
283.687,0.608415
283.767,0.618293
283.847,0.618374
283.887,0.623008
283.967,0.622927
284.047,0.621707
284.087,0.62313
284.167,0.619187
284.247,0.622317
284.287,0.621789
284.391,0.628943
284.447,0.626545
284.491,0.627398
284.567,0.623821
284.647,0.617764
284.687,0.614634
284.767,0.615813
284.847,0.608171
284.887,0.606748
284.967,0.596667
285.047,0.579472
285.088,0.571504
285.168,0.55061
285.248,0.53752
285.288,0.528821
285.367,0.517967
285.448,0.510732
285.491,0.505325
285.568,0.50065
285.647,0.500935
285.687,0.500772
285.767,0.498577
285.848,0.493293
285.887,0.497683
285.968,0.502764
286.072,0.511341
286.089,0.51122
286.167,0.509065
286.247,0.507967
286.287,0.510447
286.367,0.509715
286.447,0.507033
286.491,0.506545
286.567,0.499512
286.647,0.496626
286.687,0.500244
286.768,0.497276
286.849,0.493862
286.887,0.495325
286.967,0.498659
287.047,0.508171
287.088,0.509634
287.167,0.518577
287.249,0.530163
287.287,0.536057
287.37,0.545041
287.449,0.547724
287.491,0.543496
287.569,0.54313
287.647,0.541138
287.734,0.543211
287.768,0.535081
287.847,0.537886
287.887,0.54187
287.968,0.543455
288.047,0.536789
288.089,0.536463
288.167,0.535285
288.247,0.529187
288.288,0.525732
288.367,0.520813
288.449,0.51687
288.491,0.517927
288.568,0.511341
288.649,0.504959
288.688,0.503211
288.768,0.501382
288.849,0.497764
288.889,0.495691
288.967,0.49374
289.049,0.499024
289.089,0.501179
289.169,0.508171
289.249,0.516016
289.288,0.523049
289.391,0.532602
289.449,0.54126
289.488,0.544919
289.568,0.548699
289.649,0.547724
289.688,0.552805
289.768,0.553699
289.849,0.557805
289.889,0.556016
289.968,0.550163
290.049,0.548415
290.088,0.545041
290.169,0.540772
290.249,0.540366
290.288,0.542764
290.368,0.542439
290.449,0.544187
290.491,0.547154
290.568,0.549756
290.649,0.554512
290.688,0.555772
290.768,0.558252
290.849,0.565813
290.889,0.562114
290.968,0.559959
291.092,0.551016
291.109,0.549065
291.169,0.550813
291.249,0.552886
291.288,0.554065
291.368,0.549675
291.449,0.546992
291.491,0.542846
291.568,0.536341
291.649,0.530813
291.689,0.527805
291.768,0.521504
291.849,0.510447
291.889,0.503333
291.968,0.490569
292.049,0.482967
292.088,0.48065
292.169,0.472805
292.249,0.460163
292.289,0.457724
292.368,0.445081
292.449,0.439309
292.491,0.436463
292.568,0.430366
292.649,0.423374
292.732,0.426667
292.787,0.41687
292.849,0.409146
292.888,0.404797
292.968,0.395163
293.048,0.39
293.088,0.388618
293.169,0.381504
293.249,0.378171
293.288,0.379268
293.368,0.382073
293.449,0.37939
293.491,0.382602
293.568,0.385081
293.649,0.39439
293.688,0.401463
293.77,0.410163
293.849,0.425203
293.889,0.433211
293.968,0.442846
294.049,0.455203
294.088,0.458577
294.169,0.469837
294.25,0.472602
294.288,0.474106
294.372,0.476829
294.449,0.479878
294.492,0.477886
294.568,0.480203
294.649,0.486951
294.688,0.491829
294.768,0.503659
294.849,0.513821
294.889,0.514593
294.968,0.524675
295.049,0.533537
295.088,0.532561
295.169,0.544106
295.249,0.547114
295.288,0.553252
295.368,0.559797
295.449,0.568089
295.491,0.571545
295.568,0.576707
295.649,0.58374
295.688,0.584472
295.769,0.588943
295.849,0.59622
295.889,0.600935
295.969,0.610772
296.092,0.623659
296.109,0.626504
296.169,0.637561
296.249,0.649959
296.288,0.656829
296.368,0.655528
296.449,0.647927
296.491,0.65248
296.568,0.655935
296.649,0.660041
296.689,0.667317
296.769,0.677398
296.849,0.676829
296.889,0.68622
296.969,0.67874
297.049,0.671667
297.088,0.670569
297.169,0.660203
297.249,0.645854
297.288,0.641463
297.368,0.629837
297.449,0.61565
297.491,0.617195
297.568,0.602561
297.649,0.59687
297.711,0.604797
297.768,0.59065
297.849,0.591138
297.889,0.594756
297.968,0.601504
298.049,0.600244
298.088,0.606016
298.169,0.619146
298.249,0.629593
298.288,0.641829
298.369,0.642886
298.449,0.63878
298.491,0.642927
298.568,0.643211
298.649,0.625285
298.689,0.624919
298.768,0.612846
298.849,0.603618
298.889,0.595122
298.968,0.593211
299.049,0.59061
299.089,0.594106
299.169,0.592845
299.249,0.591341
299.288,0.593659
299.412,0.614634
299.449,0.613455
299.491,0.615366
299.568,0.602317
299.649,0.593496
299.688,0.595772
299.768,0.593415
299.849,0.594553
299.889,0.589553
299.969,0.581098
300.049,0.575569
300.089,0.570935
300.17,0.548252
300.249,0.529675
300.288,0.52187
300.368,0.502886
300.449,0.491951
300.491,0.487114
300.568,0.459675
300.649,0.442927
300.689,0.439634
300.768,0.431789
300.849,0.434431
300.889,0.440894
300.969,0.449553
301.071,0.449715
301.088,0.45626
301.17,0.476707
301.249,0.494634
301.288,0.50378
301.368,0.51752
301.449,0.532439
301.492,0.537398
301.568,0.549878
301.649,0.554065
301.688,0.559146
301.768,0.56187
301.849,0.558089
301.889,0.558415
301.968,0.555
302.049,0.554919
302.088,0.553577
302.169,0.549756
302.249,0.550203
302.288,0.55187
302.368,0.547398
302.428,0.546138
302.491,0.543984
302.568,0.537642
302.649,0.530935
302.692,0.531016
302.768,0.527317
302.849,0.527805
302.889,0.527846
302.968,0.527683
303.049,0.531748
303.088,0.528699
303.169,0.525813
303.228,0.528943
303.288,0.528902
303.368,0.536829
303.449,0.550691
303.491,0.555163
303.568,0.573455
303.629,0.579878
303.688,0.585285
303.768,0.595325
303.828,0.608659
303.889,0.616423
303.948,0.628293
304.028,0.643699
304.088,0.649756
304.148,0.666057
304.228,0.680813
304.288,0.688577
304.372,0.703415
304.428,0.718374
304.468,0.727114
304.548,0.738862
304.628,0.744878
304.668,0.746707
304.748,0.746951
304.828,0.745163
304.868,0.746707
304.948,0.740569
305.028,0.737805
305.068,0.73878
305.148,0.741382
305.228,0.748984
305.268,0.755041
305.348,0.760122
305.428,0.765122
305.468,0.76561
305.548,0.76874
305.628,0.763455
305.668,0.761707
305.748,0.756992
305.828,0.74687
305.868,0.743577
305.948,0.730854
306.092,0.71061
306.109,0.707764
306.148,0.698537
306.228,0.690447
306.267,0.690813
306.348,0.685407
306.428,0.679675
306.468,0.673496
306.548,0.664675
306.628,0.655772
306.668,0.650813
306.748,0.643374
306.828,0.639106
306.868,0.632683
306.948,0.617073
307.028,0.60622
307.068,0.596951
307.148,0.579024
307.228,0.559065
307.267,0.556016
307.348,0.540203
307.428,0.526951
307.468,0.520163
307.548,0.511057
307.628,0.502967
307.692,0.498577
307.748,0.483943
307.828,0.477561
307.867,0.470976
307.948,0.471057
308.028,0.470081
308.068,0.469837
308.148,0.463496
308.228,0.472967
308.268,0.479553
308.348,0.491545
308.428,0.510285
308.468,0.508089
308.548,0.516585
308.628,0.520285
308.668,0.516707
308.748,0.512683
308.848,0.504878
308.868,0.50252
308.948,0.493374
309.028,0.50061
309.068,0.501341
309.148,0.507683
309.228,0.518089
309.268,0.521504
309.412,0.531951
309.429,0.533333
309.468,0.528943
309.548,0.529187
309.628,0.527236
309.667,0.525691
309.748,0.526057
309.828,0.520285
309.867,0.518862
309.947,0.51378
310.028,0.494106
310.068,0.486992
310.148,0.472724
310.228,0.456951
310.267,0.453049
310.348,0.436545
310.427,0.42126
310.468,0.416016
310.557,0.409756
310.637,0.402398
310.677,0.399106
310.757,0.400488
310.837,0.401951
310.877,0.400528
310.957,0.392724
311.061,0.380406
311.078,0.370122
311.157,0.359878
311.237,0.345813
311.277,0.342276
311.357,0.328943
311.437,0.319187
311.477,0.307561
311.557,0.295813
311.637,0.280569
311.738,0.279472
311.818,0.278455
311.898,0.27313
311.938,0.27122
312.018,0.276748
312.098,0.283943
312.138,0.288049
312.218,0.298211
312.298,0.306098
312.337,0.313008
312.418,0.319309
312.498,0.325935
312.538,0.32748
312.617,0.320081
312.698,0.313049
312.78,0.306341
312.817,0.297927
312.897,0.293211
312.937,0.293415
313.017,0.295285
313.097,0.296098
313.137,0.295366
313.217,0.299878
313.297,0.301829
313.337,0.301748
313.417,0.305203
313.498,0.308821
313.537,0.308943
313.617,0.31122
313.697,0.315935
313.737,0.321626
313.817,0.329878
313.898,0.338821
313.937,0.341423
314.017,0.346016
314.098,0.361382
314.138,0.374634
314.217,0.386748
314.298,0.393333
314.337,0.394146
314.421,0.400285
314.497,0.412154
314.537,0.414837
314.618,0.421911
314.697,0.427846
314.737,0.430813
314.817,0.441789
314.897,0.444024
314.937,0.443496
315.017,0.435935
315.097,0.433415
315.138,0.430488
315.217,0.420894
315.297,0.415163
315.337,0.415935
315.417,0.415691
315.497,0.416179
315.538,0.409675
315.617,0.408862
315.698,0.410041
315.737,0.407764
315.818,0.40626
315.897,0.402642
315.937,0.402154
316.017,0.402642
316.122,0.397276
316.139,0.399756
316.217,0.402886
316.297,0.395244
316.337,0.389878
316.418,0.390081
316.498,0.387276
316.538,0.38626
316.617,0.373984
316.698,0.363862
316.737,0.360935
316.818,0.348902
316.897,0.334594
316.937,0.329024
317.017,0.315447
317.118,0.307398
317.138,0.295366
317.218,0.282602
317.297,0.268984
317.337,0.266585
317.417,0.263699
317.498,0.252764
317.538,0.245203
317.617,0.24187
317.697,0.240041
317.781,0.241992
317.817,0.242561
317.897,0.238659
317.937,0.22752
318.017,0.21439
318.097,0.194187
318.137,0.189593
318.217,0.171463
318.297,0.165203
318.337,0.163171
318.417,0.147154
318.518,0.133821
318.538,0.127602
318.617,0.114512
318.698,0.096748
318.737,0.086748
318.818,0.0645122
318.897,0.0453252
318.938,0.0379268
319.018,0.0238211
319.098,0.0138211
319.138,0.0122764
319.217,0.0106911
319.297,0.00682927
319.337,0.00626016
319.461,0.00906504
319.517,0.0102033
319.537,0.0104878
319.617,0.0153252
319.697,0.0178049
319.737,0.0234146
319.817,0.0289431
319.897,0.0316667
319.937,0.0300813
320.017,0.027439
320.097,0.0284146
320.138,0.0280081
320.217,0.0256098
320.298,0.0258537
320.338,0.0250813
320.418,0.0248374
320.498,0.0255691
320.538,0.0253659
320.617,0.026626
320.698,0.027439
320.737,0.0281301
320.817,0.0281301
320.897,0.0279675
320.937,0.0283333
321.017,0.0283333
321.142,0.0379268
321.159,0.0378455
321.217,0.0381301
321.297,0.0380081
321.338,0.0378455
321.417,0.0376829
321.497,0.037439
321.537,0.036748
321.617,0.0366667
321.697,0.0363008
321.737,0.0355691
321.818,0.0362195
321.898,0.0355285
321.937,0.0355285
326.135,0.038374
322.041,0.038252
326.207,0.0380488
322.162,0.0382927
322.201,0.038374
322.281,0.0384959
322.361,0.0385772
322.402,0.0386179
322.481,0.0393496
322.562,0.0392683
322.601,0.0389837
322.682,0.0392683
322.762,0.0393496
322.802,0.0391463
322.882,0.0392683
322.962,0.0388618
323.002,0.039065
323.082,0.039065
323.162,0.0394715
323.202,0.0393902
323.281,0.0397967
323.362,0.0402846
323.401,0.0402846
323.481,0.0405691
323.562,0.0404065
323.648,0.0405285
323.682,0.0405285
323.761,0.0400406
323.801,0.0400406
323.881,0.0398374
323.961,0.0395935
324.001,0.0391057
324.081,0.039065
324.162,0.0390244
324.202,0.0382927
324.282,0.039065
324.362,0.0388211
324.402,0.0387398
324.482,0.0384553
324.562,0.0387398
324.602,0.0385366
324.682,0.0380488
324.762,0.0375203
324.801,0.0390244
324.881,0.0389024
324.962,0.0394715
325.001,0.039065
325.082,0.0395122
325.162,0.0392683
325.201,0.0392276
325.328,0.0364634
325.362,0.0368293
325.401,0.0367886
325.481,0.0375203
325.561,0.0377642
325.601,0.0380894
325.681,0.0380081
325.761,0.037561
325.801,0.0375203
325.881,0.0376829
325.962,0.0377642
326.002,0.0370325
326.082,0.0368293
326.162,0.0372764
326.202,0.0375203
326.282,0.0376016
326.362,0.0375203
326.402,0.0376423
326.482,0.0376016
326.562,0.0376829
326.602,0.0379268
326.682,0.0377236
326.762,0.0377236
326.801,0.0377236
326.882,0.0378455
327.008,0.0383333
327.025,0.0388211
327.081,0.0384959
327.162,0.0387398
327.201,0.0388618
327.281,0.0387805
327.361,0.0380081
327.401,0.044187
327.481,0.0673984
327.562,0.091626
327.601,0.0996748
327.682,0.105122
327.762,0.110854
327.802,0.112073
327.882,0.11626
327.962,0.12
328.002,0.120325
328.082,0.138211
328.162,0.165813
328.202,0.179837
328.282,0.205081
328.362,0.231098
328.402,0.239187
328.482,0.245813
328.562,0.249431
328.647,0.241545
328.682,0.245854
328.762,0.241463
328.802,0.240976
328.882,0.23687
328.962,0.231179
329.002,0.231382
329.082,0.232317
329.162,0.231707
329.201,0.230325
329.281,0.232967
329.362,0.236057
329.402,0.239919
329.481,0.240366
329.562,0.236057
329.601,0.232886
329.681,0.224634
329.761,0.212927
329.801,0.210285
329.881,0.201138
329.961,0.193455
330.001,0.192073
330.081,0.188049
330.162,0.18252
330.201,0.179146
330.308,0.179634
330.362,0.183984
330.402,0.185366
330.482,0.181423
330.562,0.170366
330.602,0.162561
330.682,0.150163
330.762,0.155325
330.802,0.159146
330.882,0.169675
330.961,0.172317
331.002,0.17687
331.082,0.17374
331.162,0.178943
331.202,0.183293
331.282,0.18435
331.362,0.181667
331.402,0.178862
331.482,0.17435
331.562,0.167967
331.601,0.16939
331.682,0.180081
331.762,0.200081
331.802,0.209431
331.882,0.221992
332.007,0.223943
332.024,0.227764
332.081,0.229675
332.161,0.225732
332.201,0.225569
332.281,0.220163
332.361,0.221098
332.401,0.224878
332.481,0.224228
332.561,0.229228
332.601,0.229106
332.682,0.228293
332.762,0.237683
332.801,0.235366
332.882,0.245163
332.962,0.241179
333.002,0.236911
333.082,0.229431
333.162,0.221911
333.202,0.216911
333.282,0.217114
333.362,0.214553
333.402,0.213374
333.482,0.208659
333.562,0.201341
333.647,0.19252
333.682,0.171341
333.761,0.149959
333.801,0.137439
333.882,0.115325
333.962,0.0943089
334.001,0.084187
334.081,0.0654065
334.162,0.0528049
334.201,0.0489024
334.281,0.0415041
334.362,0.0323984
334.402,0.0293902
334.482,0.0241057
334.562,0.017561
334.602,0.0156504
334.682,0.0144715
334.762,0.0147967
334.802,0.0155285
334.882,0.015122
334.962,0.0165447
335.002,0.018374
335.082,0.0244715
335.162,0.0271545
335.202,0.0289837
335.327,0.0354878
335.362,0.0364228
335.401,0.0366667
335.482,0.0380081
335.562,0.0382927
335.602,0.0378862
335.682,0.0384959
335.762,0.0387398
335.801,0.0382927
335.882,0.0386179
335.962,0.037561
336.002,0.0392683
336.082,0.0402033
336.162,0.0404065
336.202,0.0413415
336.282,0.0469919
336.362,0.0528862
336.402,0.0570325
336.482,0.061748
336.562,0.0639431
336.602,0.0668293
336.682,0.0721545
336.762,0.075122
336.801,0.0743089
336.882,0.0772764
337.006,0.0736992
337.042,0.0733333
337.082,0.0773171
337.162,0.0792276
337.202,0.0756911
337.282,0.0726016
337.362,0.0784959
337.402,0.0830081
337.482,0.0974797
337.562,0.11439
337.601,0.117276
337.682,0.123699
337.762,0.134512
337.801,0.137886
337.882,0.146829
337.962,0.154919
338.002,0.15687
338.081,0.167358
338.162,0.173089
338.201,0.172886
338.281,0.171138
338.361,0.168333
338.402,0.167805
338.482,0.164756
338.561,0.158902
338.605,0.155569
338.681,0.148943
338.761,0.149797
338.801,0.152073
338.882,0.14935
338.962,0.150041
339.002,0.154715
339.082,0.151667
339.162,0.152398
339.202,0.15313
339.282,0.144756
339.362,0.138537
339.402,0.135569
339.482,0.121301
339.562,0.11813
339.602,0.124146
339.682,0.129756
339.762,0.130122
339.801,0.134756
339.881,0.148821
339.961,0.160447
340.002,0.15748
340.082,0.160976
340.162,0.170894
340.202,0.172236
340.326,0.162398
340.362,0.149024
340.401,0.141626
340.482,0.131098
340.561,0.114919
340.601,0.108089
340.682,0.0878049
340.762,0.073374
340.801,0.0660569
340.881,0.0428049
340.961,0.0255691
341.002,0.0189837
341.082,0.0110569
341.162,0.0111789
341.202,0.0114634
341.282,0.0114634
341.362,0.0121545
341.401,0.0127642
341.482,0.0130488
341.562,0.0135366
341.602,0.0134959
341.682,0.014065
341.762,0.0211789
341.802,0.0243496
341.882,0.0311382
342.006,0.0524797
342.023,0.0538211
342.082,0.0530488
342.162,0.0544715
342.202,0.0556098
342.282,0.0571138
342.382,0.059065
342.401,0.0592683
342.482,0.0588211
342.561,0.0594715
342.601,0.0586992
342.682,0.0586585
342.762,0.0585772
342.801,0.0583333
342.881,0.057439
342.961,0.0587805
343.001,0.057561
343.081,0.0575203
343.162,0.0574797
343.202,0.057561
343.282,0.0580488
343.362,0.0580081
343.402,0.0580081
343.482,0.0566667
343.562,0.056748
343.646,0.0557724
343.682,0.0555285
343.762,0.0542276
343.801,0.0545935
343.901,0.0552033
343.961,0.0547561
344.001,0.0542276
344.082,0.0537805
344.162,0.0543089
344.201,0.0535772
344.281,0.0534959
344.362,0.0534959
344.402,0.0535772
344.482,0.0533333
344.562,0.053252
344.602,0.0529268
344.682,0.0535772
344.761,0.0533333
344.802,0.0538211
344.882,0.0533333
344.961,0.0534146
345.001,0.053374
345.082,0.0539837
345.162,0.0545935
345.202,0.0556098
345.327,0.0604065
345.361,0.0601626
345.402,0.060813
345.481,0.0601626
345.562,0.0604878
345.601,0.0605691
345.682,0.060813
345.762,0.0606504
345.802,0.0604878
345.882,0.06
345.962,0.0594309
352.008,0.0522764
346.052,0.0509756
352.082,0.0512602
346.189,0.0509756
346.229,0.0510163
346.308,0.0513008
346.389,0.0518699
346.429,0.0519106
346.509,0.0520325
346.589,0.0522358
346.628,0.0510163
346.709,0.0506911
346.789,0.0506911
346.829,0.0500407
346.908,0.0500813
346.989,0.0503659
347.029,0.0503659
347.109,0.0500813
347.189,0.0499187
347.229,0.0500407
347.309,0.0496748
347.388,0.049878
347.429,0.0499187
347.508,0.0505285
347.589,0.0506504
347.674,0.0540244
347.709,0.0549187
347.789,0.0544309
347.829,0.0535772
347.908,0.0522358
347.988,0.0521545
348.028,0.0510976
348.108,0.050813
348.189,0.0520732
348.228,0.0526016
348.308,0.0528455
348.389,0.0516667
348.429,0.0515854
348.509,0.051626
348.589,0.0515854
348.628,0.0514634
348.709,0.0514228
348.789,0.0511789
348.828,0.050935
348.909,0.0511382
348.989,0.0513415
349.028,0.0518293
349.108,0.0517073
349.189,0.0525203
349.228,0.0526016
349.355,0.0517886
349.389,0.0534146
349.429,0.0534553
349.508,0.0541057
349.589,0.054065
349.628,0.0543902
349.709,0.0541057
349.788,0.0540244
349.829,0.0539431
349.909,0.0536179
349.989,0.0538618
350.029,0.0539431
350.109,0.0678862
350.189,0.0878049
350.229,0.0983333
350.309,0.121423
350.389,0.139919
350.429,0.149146
350.509,0.159146
350.589,0.162236
350.629,0.16561
350.709,0.168374
350.789,0.16813
350.829,0.167195
350.909,0.162033
351.034,0.14435
351.051,0.145488
351.109,0.146016
351.189,0.144024
351.229,0.144268
351.309,0.143171
351.389,0.143171
351.429,0.144024
351.509,0.144472
351.589,0.14565
351.628,0.146829
351.709,0.147805
351.789,0.150041
351.829,0.150203
351.909,0.150447
351.989,0.151545
352.029,0.152154
352.109,0.152927
352.189,0.16374
352.229,0.171748
352.309,0.185772
352.389,0.199553
352.429,0.206829
352.509,0.219472
352.589,0.223699
352.672,0.226301
352.709,0.229106
352.789,0.23
352.829,0.229715
352.909,0.23126
352.989,0.233415
353.029,0.23313
353.109,0.234675
353.189,0.232033
353.229,0.230813
353.309,0.230528
353.389,0.228577
353.429,0.232033
353.509,0.233943
353.589,0.234837
353.629,0.23752
353.709,0.238496
353.789,0.240285
353.828,0.240732
353.909,0.240976
353.989,0.238984
354.029,0.240935
354.109,0.240772
354.189,0.243171
354.228,0.243415
354.332,0.24813
354.389,0.247439
354.428,0.246585
354.509,0.24748
354.589,0.247683
354.628,0.248374
354.709,0.249553
354.789,0.25439
354.828,0.256789
354.909,0.270081
354.989,0.284837
355.029,0.291748
355.109,0.300894
355.189,0.310772
355.229,0.312439
355.309,0.313902
355.389,0.314106
355.429,0.314675
355.509,0.314024
355.589,0.314309
355.629,0.316463
355.709,0.316504
355.789,0.31874
355.829,0.318374
355.909,0.320163
355.993,0.31935
356.028,0.321016
356.109,0.31878
356.189,0.319553
356.228,0.319431
356.309,0.327764
356.389,0.335488
356.429,0.34
356.509,0.352886
356.589,0.366463
356.629,0.370407
356.709,0.380366
356.789,0.391179
356.829,0.392073
356.909,0.396829
356.989,0.402846
357.029,0.403415
357.109,0.405976
357.189,0.411301
357.229,0.411545
357.309,0.412724
357.389,0.415081
357.429,0.415406
357.509,0.419024
357.589,0.42126
357.652,0.432764
357.709,0.432439
357.788,0.431626
357.829,0.432683
357.909,0.432683
357.989,0.435122
358.029,0.435935
358.109,0.43622
358.189,0.43687
358.229,0.435894
358.309,0.43561
358.389,0.434593
358.428,0.432967
358.509,0.43374
358.589,0.435569
358.629,0.44061
358.709,0.448618
358.789,0.46061
358.829,0.468821
358.909,0.48122
358.989,0.493089
359.029,0.496667
359.109,0.509715
359.189,0.518699
359.229,0.522683
359.332,0.52939
359.389,0.531545
359.429,0.531504
359.509,0.534715
359.589,0.535325
359.629,0.532276
359.709,0.534228
359.789,0.536667
359.828,0.538008
359.909,0.53935
359.988,0.542276
360.029,0.542398
360.109,0.543415
360.189,0.545
360.228,0.544634
360.309,0.544919
360.389,0.546057
360.429,0.547683
360.509,0.551179
360.589,0.553618
360.629,0.553577
360.709,0.561748
360.789,0.57252
360.829,0.581138
360.909,0.594512
361.013,0.60374
361.03,0.606545
361.109,0.612195
361.189,0.616951
361.229,0.61939
361.309,0.623089
361.389,0.625813
361.429,0.627358
361.509,0.628699
361.589,0.632846
361.629,0.635244
361.709,0.640406
361.789,0.649106
361.829,0.653333
361.909,0.659431
361.989,0.672073
362.029,0.674512
362.109,0.682724
362.189,0.688537
362.229,0.68878
362.309,0.695406
362.389,0.699228
362.429,0.701463
362.509,0.707276
362.589,0.711626
362.672,0.720407
362.709,0.721341
362.789,0.714268
362.829,0.714797
362.909,0.708333
362.989,0.707276
363.029,0.706545
363.109,0.703699
363.189,0.699431
363.228,0.699553
363.309,0.697154
363.389,0.696382
363.429,0.695935
363.509,0.694919
363.589,0.69
363.629,0.68935
363.709,0.685813
363.789,0.677927
363.829,0.673902
363.909,0.669756
363.989,0.665488
364.029,0.661504
364.109,0.654146
364.189,0.64687
364.229,0.645203
364.312,0.628374
364.389,0.625447
364.429,0.622439
364.504,0.622073
364.584,0.617967
364.623,0.616707
364.704,0.614715
364.784,0.616016
364.824,0.618862
364.904,0.621504
364.984,0.626098
365.024,0.628496
365.104,0.633374
365.184,0.637439
365.224,0.64126
365.304,0.643171
365.384,0.649146
365.424,0.651138
365.504,0.654715
365.584,0.659919
365.624,0.66248
365.704,0.666829
365.784,0.671829
365.824,0.675081
365.904,0.67939
366.027,0.67687
366.064,0.678618
366.104,0.68126
366.184,0.684837
366.224,0.68439
366.304,0.68622
366.384,0.686423
366.424,0.685488
366.524,0.685407
366.584,0.687236
366.624,0.687358
366.704,0.686667
366.784,0.687439
366.824,0.685122
366.904,0.685772
366.984,0.685244
367.024,0.682439
367.104,0.680569
367.184,0.678333
367.224,0.680122
367.304,0.679594
367.384,0.679268
367.424,0.679959
367.504,0.684024
367.584,0.694756
367.667,0.681789
367.704,0.690569
367.784,0.69935
367.824,0.703008
367.904,0.711667
367.984,0.71752
368.024,0.722439
368.104,0.726951
368.184,0.728089
368.224,0.727602
368.304,0.733902
368.384,0.735569
368.424,0.734878
368.504,0.733252
368.584,0.733252
368.624,0.733618
368.704,0.732967
368.784,0.732764
368.823,0.734146
368.904,0.736626
368.984,0.738089
369.024,0.73687
369.104,0.738455
369.184,0.73874
369.223,0.738902
369.327,0.722236
369.384,0.723008
369.423,0.722968
369.504,0.724106
369.584,0.724756
369.624,0.726098
369.704,0.731504
369.784,0.735488
369.824,0.738821
369.904,0.74248
369.984,0.748415
370.024,0.751341
370.104,0.757317
370.184,0.761707
370.224,0.764268
370.304,0.770488
370.384,0.775244
370.424,0.781382
370.504,0.791423
370.584,0.804594
370.624,0.808821
370.704,0.81813
370.784,0.828252
370.824,0.83378
370.904,0.84313
371.027,0.849675
371.044,0.852154
371.104,0.858496
371.184,0.864024
371.224,0.867317
371.304,0.868008
371.384,0.868699
371.424,0.868821
371.504,0.868943
371.584,0.866951
371.624,0.864268
371.704,0.865732
371.784,0.864106
371.824,0.86378
371.904,0.862276
371.984,0.861707
372.024,0.86
372.104,0.856016
372.184,0.85252
372.224,0.85061
372.304,0.845772
372.384,0.842886
372.424,0.84126
372.504,0.842276
372.584,0.840203
372.627,0.824959
372.704,0.82435
372.784,0.822317
372.824,0.821585
372.904,0.820163
372.984,0.819187
373.024,0.818984
373.104,0.816951
373.184,0.815854
373.224,0.813089
373.304,0.815203
373.384,0.81935
373.424,0.821626
373.504,0.827561
373.584,0.833171
373.624,0.834268
373.704,0.839675
373.784,0.846057
373.824,0.847927
373.904,0.851585
373.984,0.853496
374.024,0.853902
374.104,0.852846
374.184,0.853089
374.224,0.852683
374.347,0.84687
374.384,0.844268
374.424,0.844024
374.504,0.844228
374.584,0.844024
374.624,0.842845
374.704,0.844065
374.784,0.843415
374.824,0.845163
374.904,0.846626
374.984,0.847642
375.024,0.84752
375.104,0.849634
375.184,0.849878
375.224,0.850366
375.304,0.851098
375.384,0.85061
375.424,0.85122
375.504,0.853374
375.584,0.854919
375.624,0.854715
375.704,0.856016
375.784,0.859146
375.824,0.856423
375.904,0.854797
375.988,0.826667
376.024,0.826829
376.104,0.827154
376.184,0.827602
376.224,0.827724
376.304,0.827236
376.384,0.828171
376.424,0.827764
376.504,0.826992
376.584,0.829106
376.624,0.830203
376.704,0.83313
376.784,0.83374
376.824,0.832846
376.904,0.834228
376.984,0.83435
377.024,0.835244
377.104,0.836951
377.184,0.837114
377.224,0.838577
377.304,0.839268
377.384,0.839065
377.424,0.839146
377.504,0.841057
377.584,0.841829
377.668,0.82939
377.704,0.831748
377.784,0.83378
377.824,0.83378
377.904,0.834837
377.984,0.836829
378.024,0.837642
378.104,0.839837
378.184,0.84126
378.224,0.841626
378.304,0.841829
378.384,0.844146
378.424,0.844106
378.504,0.847358
378.584,0.851992
378.624,0.853171
378.704,0.854634
378.784,0.856829
378.824,0.859024
378.904,0.861545
378.984,0.861382
379.024,0.862398
379.104,0.863455
379.184,0.861016
379.224,0.861138
379.347,0.858902
379.384,0.857846
379.424,0.858374
379.504,0.857073
379.584,0.858659
379.624,0.856301
379.704,0.854837
379.784,0.855041
379.824,0.854512
379.904,0.853333
379.984,0.853577
380.024,0.852724
380.104,0.851951
380.184,0.852033
380.224,0.852724
380.304,0.850691
380.384,0.847683
380.424,0.843008
380.504,0.841098
380.584,0.840772
380.624,0.837724
380.704,0.836951
380.784,0.835732
380.824,0.834553
380.904,0.833699
381.008,0.803089
381.025,0.803049
381.104,0.80378
381.184,0.803171
381.223,0.803577
381.304,0.803496
381.384,0.803008
381.423,0.802642
381.497,0.802927
381.577,0.802439
381.616,0.802154
381.697,0.802033
381.777,0.802561
381.817,0.802846
381.897,0.802398
381.977,0.802154
382.017,0.80248
382.097,0.802358
