0.1,0.152
0.119987,0.136
0.2,0.152
0.280013,0.152
0.319987,0.016
0.4,0.176
0.480013,0.168
0.519987,0.024
0.6,0.16
0.680013,0.064
0.719987,0.08
0.8,0.088
0.880013,0.08
0.919987,0.08
1,0.08
1.08001,0.112
1.11999,0.112
1.2,0.112
1.30404,0.112
1.32103,0.112
1.4,0.12
1.48001,0.12
1.54004,0.12
1.6,0.12
1.68001,0.12
1.71999,0.168
1.8,0.168
1.88001,0.168
1.91999,0.168
2,0.16
2.08001,0.192
2.11999,0.192
2.2,0.192
2.28001,0.192
2.31999,0.192
2.4,0.168
2.48001,0.168
2.51999,0.168
2.6,0.168
2.68001,0.168
2.71999,0.176
2.8,0.176
2.88001,0.176
2.964,0.176
3,0.176
3.08001,0.16
3.11999,0.16
3.2,0.16
3.28001,0.16
3.31999,0.104
3.4,0.16
3.48001,0.16
3.51999,0.064
3.6,0.16
3.68001,0.16
3.71999,0.064
3.8,0.176
3.88001,0.096
3.91999,0.064
4,0.08
4.08001,0.096
4.11999,0.08
4.2,0.08
4.28001,0.08
4.31999,0.08
4.4,0.064
4.48001,0.064
4.51999,0.064
4.64401,0.064
4.68001,0.064
4.71999,0.064
4.8,0.08
4.88001,0.08
4.91999,0.072
5,0.08
5.08001,0.088
5.11999,0.08
5.2,0.096
5.28001,0.096
5.31999,0.08
5.4,0.152
5.48001,0.152
5.51999,0.136
5.6,0.152
5.68001,0.152
5.71999,0.056
5.8,0.144
5.88001,0.144
5.91999,0.064
6,0.144
6.08001,0.192
6.11999,0.112
6.21999,0.192
6.32298,0.136
6.34004,0.104
6.4,0.152
6.48001,0.152
6.51999,0.136
6.6,0.144
6.68001,0.144
6.71999,0.12
6.8,0.144
6.88001,0.144
6.91999,0.12
7,0.136
7.08001,0.144
7.11999,0.136
7.2,0.144
7.28001,0.144
7.31999,0.136
7.4,0.152
7.48001,0.152
7.51999,0.144
7.6,0.144
7.68001,0.144
7.71999,0.176
7.8,0.192
7.88001,0.176
7.92298,0.176
8,0.184
8.08001,0.216
8.11999,0.208
8.2,0.248
8.28001,0.224
8.31999,0.224
8.4,0.248
8.48001,0.256
8.51999,0.248
8.6,0.248
8.68001,0.24
8.71999,0.208
8.8,0.216
8.88001,0.216
8.91999,0.128
9,0.224
9.08001,0.216
9.11999,0.12
9.2,0.208
9.28001,0.192
9.31999,0.12
9.4,0.24
9.48001,0.16
9.51999,0.136
9.64303,0.144
9.68001,0.144
9.71999,0.136
9.8,0.208
9.88001,0.208
9.91999,0.128
10,0.192
10.08,0.16
10.12,0.104
10.2,0.16
10.28,0.16
10.32,0.104
10.4,0.152
10.48,0.152
10.52,0.04
10.6,0.136
10.68,0.16
10.72,0
10.8,0.176
10.88,0.16
10.92,0
11,0.12
11.08,0.128
11.12,0.016
11.2,0.144
11.323,0.176
11.34,0.008
11.4,0.152
11.48,0.12
11.52,0
11.6,0.12
11.68,0.12
11.72,0.008
11.8,0.096
11.88,0.104
11.92,0
12,0.112
12.08,0.112
12.12,0
12.2,0.072
12.28,0.04
12.32,0.008
12.4,0.008
12.48,0.008
12.52,0
12.6,0.008
12.68,0.016
12.72,0.016
12.8,0.016
12.88,0.024
12.963,0
13,0.008
13.08,0.008
13.12,0.008
13.2,0.04
13.28,0.048
13.32,0
13.4,0.016
13.48,0.008
13.52,0
13.6,0
13.68,0.016
13.72,0.016
13.8,0.016
13.88,0.016
13.92,0
14,0
14.08,0
14.12,0
14.2,0.016
14.28,0.016
14.32,0.016
14.4,0.016
14.48,0
14.52,0
14.643,0
14.68,0.016
14.72,0.008
14.8,0.016
14.88,0.016
14.92,0
15,0
15.08,0
15.12,0
15.2,0.016
15.28,0.016
15.32,0.008
15.4,0.016
15.48,0
15.52,0
15.6,0.016
15.68,0.016
15.72,0
15.8,0.016
15.88,0.032
15.92,0.008
16,0.024
16.08,0.008
16.12,0
16.2,0
16.323,0
16.34,0
16.4,0.008
16.48,0.008
16.52,0.008
16.6,0
16.68,0
16.72,0
16.8,0
16.88,0
16.92,0
17,0
17.08,0
17.12,0
17.2,0
17.28,0
17.32,0
17.4,0
17.48,0
17.52,0
17.6,0
17.68,0
17.72,0
17.8,0
17.88,0
17.964,0
18.02,0
18.08,0
18.12,0
18.2,0.008
18.28,0.008
18.32,0.008
18.4,0
18.48,0
18.52,0.008
18.6,0.008
18.68,0
18.72,0.016
18.8,0.016
18.88,0.016
18.92,0.016
19,0.016
19.08,0.024
19.12,0.032
19.2,0.024
19.28,0.016
19.32,0
19.4,0.008
19.48,0.016
19.52,0
19.643,0
19.68,0
19.72,0
19.8,0
19.88,0
19.92,0
20,0
20.08,0
20.12,0
20.2,0
20.28,0
20.32,0
20.4,0.008
20.48,0.008
20.52,0.008
20.6,0.008
20.68,0.016
20.721,0
20.8,0
20.88,0
20.92,0
21,0
21.08,0
21.12,0
21.2,0
21.323,0
21.34,0
21.4,0.024
21.48,0.016
21.52,0.024
21.62,0.032
21.68,0.032
21.72,0
21.8,0
21.88,0.008
21.92,0
22,0.008
22.08,0
22.12,0
22.2,0.008
22.28,0
22.32,0
22.4,0
22.48,0
22.52,0
22.6,0.032
22.68,0.024
22.72,0.016
22.8,0.024
22.88,0.024
22.963,0.024
23,0.024
23.08,0.064
23.12,0.056
23.2,0.064
23.28,0.064
23.32,0.056
23.4,0.072
23.48,0.072
23.52,0.064
23.6,0.072
23.68,0.072
23.72,0.064
23.8,0.064
23.88,0.064
23.92,0.064
24,0.064
24.08,0.056
24.12,0.056
24.2,0.056
24.28,0.056
24.32,0.056
24.4,0.064
24.48,0.064
24.52,0.064
24.643,0.064
24.68,0.064
24.71,0.064
24.79,0.064
24.87,0.064
24.91,0.064
24.99,0.064
25.07,0.056
25.11,0.056
25.19,0.056
25.27,0.056
25.33,0.056
25.39,0.064
25.47,0.064
25.51,0.056
25.59,0.064
25.67,0.056
25.71,0.104
25.8,0.104
25.88,0.12
25.92,0.112
26,0.112
26.08,0.096
26.12,0.048
26.2,0.096
26.304,0.096
26.321,0.048
26.4,0.072
26.48,0.056
26.52,0.056
26.6,0.056
26.68,0.056
26.72,0.064
26.8,0.064
26.88,0.064
26.92,0.064
27,0.064
27.08,0.064
27.12,0.064
27.2,0.064
27.28,0.064
27.32,0.064
27.4,0.088
27.48,0.08
27.52,0.08
27.6,0.072
27.68,0.072
27.72,0.072
27.8,0.072
27.88,0.072
27.963,0.072
28.02,0.08
28.08,0.096
28.12,0.096
28.2,0.104
28.28,0.104
28.32,0.088
28.4,0.16
28.48,0.16
28.52,0.16
28.6,0.16
28.68,0.16
28.71,0.096
28.79,0.104
28.87,0.096
28.91,0.096
28.99,0.096
29.07,0.112
29.11,0.112
29.19,0.112
29.27,0.112
29.31,0.144
29.39,0.104
29.47,0.096
29.51,0.104
29.613,0.104
29.67,0.104
29.71,0.104
29.79,0.104
29.87,0.104
29.91,0.096
29.99,0.104
30.07,0.104
30.11,0.088
30.19,0.104
30.27,0.104
30.31,0.072
30.39,0.12
30.47,0.12
30.51,0.064
30.59,0.12
30.67,0.12
30.71,0.032
30.8,0.104
30.88,0.104
30.92,0.008
31,0.096
31.08,0.08
31.12,0
31.2,0.04
31.283,0.048
31.32,0
31.4,0.024
31.48,0.024
31.52,0
31.6,0.024
31.68,0.016
31.72,0
31.8,0.016
31.88,0.008
31.92,0
32,0.016
32.08,0
32.12,0
32.2,0
32.28,0
32.32,0
32.4,0
32.48,0
32.52,0
32.6,0
32.68,0
32.709,0
32.79,0
32.87,0
32.934,0
32.99,0
33.07,0
33.11,0
33.19,0
33.27,0
33.31,0
33.41,0.072
33.47,0.072
33.51,0.064
33.59,0.072
33.67,0.072
33.71,0.08
33.79,0.112
33.87,0.112
33.91,0.08
33.99,0.112
34.07,0.12
34.11,0.088
34.19,0.12
34.27,0.12
34.31,0.088
34.39,0.128
34.47,0.104
34.51,0.096
34.634,0.096
34.67,0.096
34.71,0.112
34.8,0.112
34.88,0.112
34.92,0.112
35,0.112
35.08,0.12
35.12,0.12
35.2,0.12
35.28,0.12
35.32,0.12
35.4,0.112
35.48,0.12
35.52,0.12
35.6,0.12
35.68,0.12
35.71,0.12
35.79,0.12
35.87,0.12
35.91,0.12
35.99,0.12
36.07,0.104
36.11,0.104
36.19,0.104
36.295,0.104
36.312,0.104
36.39,0.12
36.47,0.12
36.51,0.12
36.59,0.12
36.67,0.12
36.71,0.088
36.79,0.088
36.87,0.088
36.91,0.048
36.99,0.096
37.07,0.144
37.11,0
37.19,0.144
37.27,0.152
37.31,0
37.39,0.104
37.47,0.104
37.51,0
37.59,0.04
37.67,0.024
37.714,0
37.79,0.016
37.87,0.008
37.954,0
38.01,0
38.07,0.016
38.11,0.016
38.19,0.016
38.27,0.024
38.31,0.016
38.39,0.024
38.47,0.016
38.51,0.016
38.59,0.032
38.67,0.016
38.71,0.024
38.8,0.024
38.88,0.024
38.92,0.024
39,0.024
39.08,0.056
39.12,0.056
39.2,0.056
39.28,0.056
39.32,0.056
39.4,0.056
39.48,0.056
39.52,0.056
39.644,0.056
39.68,0.056
39.72,0.072
39.8,0.072
39.88,0.072
39.92,0.072
40,0.072
40.08,0.104
40.12,0.104
40.2,0.104
40.28,0.104
40.32,0.104
40.4,0.136
40.48,0.136
40.52,0.112
40.6,0.136
40.68,0.136
40.709,0.096
40.79,0.152
40.87,0.152
40.91,0.072
40.99,0.152
41.07,0.192
41.11,0.08
41.19,0.192
41.315,0.192
41.332,0.08
41.39,0.2
41.47,0.2
41.51,0.08
41.59,0.208
41.67,0.2
41.71,0.016
41.79,0.136
41.87,0.112
41.91,0.016
41.99,0.096
42.07,0.096
42.11,0.008
42.19,0.096
42.27,0.096
42.31,0
42.39,0.096
42.47,0.096
42.51,0
42.59,0.096
42.67,0.096
42.71,0
42.8,0.104
42.88,0.104
42.964,0
43.02,0.104
43.08,0.128
43.12,0.008
43.2,0.128
43.28,0.128
43.32,0.008
43.4,0.12
43.48,0.12
43.52,0
43.6,0.12
43.68,0.12
43.72,0
43.8,0.136
43.88,0.136
43.92,0
44,0.136
44.08,0.128
44.12,0
44.2,0.128
44.28,0.128
44.32,0
44.4,0.12
44.48,0.12
44.52,0
44.644,0.12
44.68,0.12
44.708,0
44.79,0.104
44.87,0.104
44.91,0
44.99,0.104
45.07,0.096
45.11,0
45.19,0.088
45.27,0.088
45.31,0
45.39,0.088
45.47,0.088
45.51,0
45.59,0.024
45.67,0.024
45.71,0
45.79,0
45.87,0.008
45.91,0
45.99,0
46.07,0
46.11,0
46.19,0
46.315,0
46.332,0
46.39,0
46.47,0
46.51,0
46.59,0
46.67,0
46.71,0
46.8,0
46.88,0
46.92,0
47,0
47.08,0
47.12,0
47.2,0
47.28,0
47.32,0
47.4,0
47.48,0
47.52,0
47.6,0
47.68,0
47.72,0
47.8,0
47.88,0
47.964,0
48,0
48.08,0
48.12,0
48.2,0
48.28,0
48.32,0
48.4,0
48.48,0
48.52,0
48.6,0
48.68,0
48.708,0
48.8,0
48.88,0
48.92,0
49,0
49.08,0
49.12,0
49.2,0
49.28,0
49.32,0
49.4,0
49.48,0
49.52,0
49.646,0
49.68,0
49.72,0
49.8,0
49.88,0
49.92,0
50,0
50.08,0
50.12,0
50.2,0
50.28,0
50.32,0
50.4,0
50.48,0
50.52,0
50.6,0
50.68,0
50.72,0
50.8,0
50.88,0
50.92,0
51,0
51.08,0
51.12,0
51.2,0
51.326,0
51.343,0
51.4,0
51.48,0
51.52,0
51.6,0
51.68,0
51.72,0
51.8,0
51.88,0
51.92,0
52,0
52.08,0
52.12,0
52.2,0
52.28,0
52.32,0
52.4,0
52.48,0
52.52,0
52.6,0
52.68,0
52.708,0.032
52.8,0.032
52.88,0.032
52.966,0.032
53.02,0.032
53.08,0.056
53.12,0.056
53.2,0.056
53.28,0.056
53.32,0.056
53.4,0.08
53.48,0.08
53.52,0.08
53.6,0.08
53.68,0.08
53.72,0
53.8,0.096
53.88,0.096
53.92,0
54,0.096
54.08,0.088
54.12,0
54.2,0.064
54.28,0
54.32,0
54.4,0
54.48,0
54.52,0
54.646,0
54.68,0
54.72,0
54.79,0
54.87,0
54.91,0
54.99,0
55.07,0
55.11,0
55.19,0
55.27,0
55.31,0
55.39,0.008
55.47,0
55.51,0
55.59,0.008
55.67,0.008
55.71,0
55.79,0.008
55.87,0.008
55.91,0
55.99,0
56.07,0
56.11,0
56.19,0
56.316,0
56.333,0
56.39,0
56.47,0
56.51,0
56.59,0
56.67,0
56.71,0
56.79,0
56.87,0
56.91,0
56.99,0
57.07,0.016
57.11,0
57.19,0.016
57.27,0.016
57.31,0
57.39,0
57.47,0
57.51,0
57.59,0
57.67,0.008
57.712,0
57.79,0.008
57.87,0.008
57.955,0
58.01,0
58.07,0
58.11,0
58.19,0
58.27,0
58.31,0
58.39,0
58.47,0
58.51,0
59.636,0
58.6165,0
59.71,0
58.7365,0
58.8165,0
58.8565,0
58.9365,0
59.0165,0.016
59.0565,0
59.1365,0.016
59.2165,0.008
59.2565,0
59.3365,0.016
59.4165,0.016
59.4565,0.016
59.5365,0.016
59.6165,0.008
59.6565,0
59.7365,0
59.8165,0
59.8565,0
59.9365,0
60.0165,0
60.0565,0
60.1365,0
60.2625,0
60.2965,0
60.3365,0
60.4165,0
60.4565,0
60.5365,0
60.6165,0
60.6565,0
60.7365,0
60.8165,0
60.8565,0
60.9365,0.008
61.0165,0
61.0565,0
61.1365,0
61.2165,0
61.2565,0
61.3365,0
61.4165,0
61.4565,0
61.5365,0
61.6165,0
61.6565,0
61.7365,0
61.8165,0
61.9025,0
61.9365,0
62.0165,0
62.0565,0
62.1365,0
62.2165,0
62.2565,0
62.3365,0
62.4165,0
62.4565,0
62.5365,0
62.6165,0
62.6565,0
62.7365,0
62.8165,0.008
62.8565,0
62.9365,0
63.0165,0
63.0565,0
63.1365,0
63.2165,0
63.2565,0
63.3365,0
63.4165,0
63.4565,0
63.5825,0
63.6365,0
63.6585,0
63.7365,0
63.8165,0
63.8765,0
63.9365,0
64.0165,0
64.0565,0
64.1365,0
64.2165,0
64.2565,0
64.3365,0
64.4165,0
64.4565,0
64.5365,0
64.6165,0
64.6565,0
64.7365,0
64.8165,0
64.8565,0
64.9365,0.008
65.0165,0
65.0565,0
65.1365,0
65.2625,0
65.2795,0
65.3365,0
65.4165,0
65.4565,0
65.5365,0
65.6165,0
65.6565,0
65.7365,0.008
65.8165,0
65.8565,0
65.9375,0
66.0165,0
66.0565,0
66.1365,0.008
66.2165,0.008
66.2565,0
66.3365,0.016
66.4165,0.016
66.4565,0
66.5365,0
66.6165,0.008
66.6565,0
66.7365,0.008
66.8165,0.008
66.9025,0
66.9365,0
67.0165,0
67.0565,0
67.1365,0
67.2165,0
68.5815,0.032
67.3239,0.024
68.6565,0.008
67.444,0.016
67.5239,0
67.564,0
67.644,0
67.7239,0.016
67.764,0.008
67.844,0.016
67.9239,0.016
67.984,0
68.044,0
68.1239,0
68.164,0
68.244,0.024
68.3239,0.024
68.364,0
68.444,0
68.5239,0
68.564,0
68.644,0.008
68.7239,0.016
68.764,0
68.844,0.016
68.97,0.008
68.987,0
69.044,0
69.1239,0
69.164,0
69.244,0.032
69.3239,0.04
69.364,0
69.444,0.024
69.5239,0.016
69.564,0
69.644,0
69.7239,0.008
69.764,0
69.844,0.032
69.9239,0.032
69.964,0
70.044,0
70.1239,0
70.164,0
70.244,0.016
70.3239,0.024
70.364,0.016
70.4539,0.016
70.534,0.024
70.6209,0
70.6539,0.008
70.734,0.024
70.7739,0.008
70.8539,0.024
70.934,0.032
70.9739,0
71.054,0.008
71.134,0
71.1739,0
71.254,0.016
71.334,0.032
71.3739,0.016
71.4539,0.024
71.534,0.008
71.5739,0
71.6539,0.016
71.734,0.024
71.7739,0.016
71.8539,0.016
71.934,0.016
71.9739,0
72.054,0.024
72.134,0.024
72.1739,0.016
72.301,0.016
72.334,0.016
72.3739,0
72.4539,0
72.534,0.016
72.5739,0.016
72.6539,0.04
72.734,0.024
72.7739,0
72.8539,0.008
72.934,0.008
72.9739,0
73.054,0.04
73.134,0.048
73.1739,0.008
73.254,0.016
73.334,0
73.3739,0
73.4539,0.016
73.534,0.016
73.5739,0.016
73.6539,0.016
73.734,0.008
73.7739,0
73.8539,0.016
73.981,0.016
73.998,0.024
74.054,0.024
74.134,0.016
74.1739,0
74.254,0.008
74.334,0.024
74.361,0.016
74.4539,0.016
74.534,0.024
74.5739,0
74.6739,0.008
74.734,0.016
74.7739,0.016
74.8539,0.016
74.934,0.016
74.9739,0
75.054,0.024
75.134,0.016
75.1739,0
75.254,0.008
75.334,0.016
75.3739,0.016
75.4539,0.032
75.534,0.032
75.6209,0
75.6539,0.024
75.734,0.016
75.7739,0.008
75.8539,0.024
75.934,0.048
75.9739,0.008
76.054,0.056
76.134,0.056
76.1739,0.008
76.254,0.008
76.334,0.016
76.359,0.008
76.4539,0.024
76.534,0.032
76.5739,0.024
76.6539,0.04
76.734,0.04
76.7739,0.016
76.8539,0.016
76.934,0.032
76.9739,0.016
77.054,0.096
77.134,0.064
77.1739,0.016
77.301,0.064
77.356,0.024
77.3739,0.008
77.4539,0.032
77.534,0.04
77.5739,0.016
77.6539,0.048
77.734,0.048
77.794,0
77.8539,0.032
77.934,0.016
77.9739,0
78.054,0.024
78.134,0.032
78.1739,0
78.254,0.032
78.334,0.032
78.364,0
78.444,0.024
78.5239,0.032
78.564,0
78.644,0.048
78.7239,0.056
78.764,0
78.844,0.032
78.97,0.04
78.987,0.016
79.044,0.056
79.1239,0.056
79.164,0
79.244,0.04
79.3239,0.024
79.3679,0
79.444,0.024
79.5239,0.032
79.564,0
79.645,0.032
79.7239,0.024
79.764,0
79.844,0.032
79.9239,0.024
79.964,0
80.044,0.008
80.1239,0.008
80.164,0
80.244,0.008
80.3239,0
80.364,0
80.444,0.008
80.5239,0.008
80.609,0
80.644,0
80.7239,0
80.764,0
80.844,0
80.9239,0
80.964,0
81.044,0
81.1239,0
81.164,0
81.244,0
81.3239,0
81.364,0
81.444,0
81.5239,0
81.564,0
81.644,0
81.7239,0.008
81.764,0
81.844,0.008
81.9239,0
81.964,0
82.044,0.008
82.1239,0.008
82.164,0
82.25,0.008
82.3239,0
82.3679,0
82.444,0.008
82.5239,0.008
82.564,0
82.644,0
82.7239,0.008
82.764,0
82.844,0.008
82.9239,0
82.964,0
83.044,0
83.1239,0.008
83.164,0
83.244,0.024
83.3239,0.016
83.364,0
83.444,0
83.5239,0
83.564,0
83.644,0.016
83.7239,0.016
83.764,0
83.844,0.016
83.97,0.008
83.987,0
84.044,0
84.1239,0.024
84.164,0.024
84.244,0.024
84.3239,0.024
84.364,0
84.444,0
84.5239,0.024
84.564,0.024
84.644,0.008
84.7239,0.008
84.764,0
84.844,0
84.9239,0.008
84.964,0
85.044,0.016
85.1239,0.016
85.164,0
85.244,0
85.3239,0.016
85.364,0
85.444,0.016
85.5239,0.024
85.609,0
85.644,0
85.7239,0
85.764,0
85.844,0.016
85.9239,0.024
85.964,0
86.044,0
86.1239,0
86.164,0
86.244,0.008
86.3239,0.016
86.364,0
86.4539,0.016
86.534,0
86.5739,0
86.6539,0
86.734,0
86.7739,0
86.8539,0
86.934,0
86.9739,0
87.054,0
87.134,0
87.1739,0
87.301,0
87.334,0
87.3569,0
87.4539,0
87.534,0
87.5739,0
87.6539,0.008
87.734,0.008
87.7739,0
87.8539,0
87.934,0
87.9739,0
88.054,0
88.134,0
88.1739,0
88.2539,0
88.334,0.008
88.358,0
88.4539,0
88.534,0
88.5739,0
88.6539,0
88.734,0
88.7739,0
88.8539,0
88.98,0
88.997,0
89.054,0
89.134,0
89.1739,0
89.2539,0
89.334,0
89.3569,0
89.4539,0
89.534,0
89.5739,0
89.6539,0.008
89.734,0.024
89.7739,0
89.8539,0.024
89.934,0.024
89.9739,0
90.054,0.016
90.134,0.016
90.1739,0
90.2539,0.016
90.334,0.016
90.361,0.008
90.4539,0.016
90.534,0.016
90.62,0.008
90.6539,0.024
90.734,0.024
90.7739,0
90.8539,0.024
90.934,0.024
90.9739,0
91.054,0.008
91.134,0.008
91.1739,0
91.2539,0.008
91.3349,0.024
91.358,0.008
91.444,0.024
91.5239,0.024
91.564,0.024
91.644,0.032
91.7239,0.032
91.764,0.016
91.844,0.032
91.9239,0.032
91.964,0
92.044,0.008
92.1239,0.016
92.164,0
92.289,0.008
92.3239,0.024
92.364,0
92.444,0.024
92.5239,0.024
92.564,0.008
92.644,0.016
92.7239,0.016
92.764,0
92.844,0.024
92.9239,0.016
92.964,0
93.044,0.008
93.1239,0.008
93.164,0
93.244,0
93.3239,0
93.365,0
93.444,0
93.5239,0
93.564,0
93.644,0.008
93.7239,0.008
93.764,0
93.844,0.008
93.95,0.008
93.967,0
94.044,0
94.1239,0.008
94.164,0
94.244,0.008
94.3239,0.016
94.364,0
94.444,0.016
94.5239,0.016
94.564,0
94.644,0
94.7239,0.008
94.764,0
94.844,0
94.9239,0
94.964,0
95.044,0
95.1239,0
95.164,0
95.244,0
95.3239,0.008
95.364,0
95.444,0.04
95.5239,0.032
95.609,0
95.644,0.12
95.7239,0.136
95.764,0.016
95.844,0.152
95.9239,0.152
95.964,0.008
96.044,0.248
96.1239,0.248
96.164,0.008
96.244,0.256
96.3239,0.24
96.364,0.016
96.444,0.28
96.5239,0.24
96.564,0.04
96.644,0.312
96.7239,0.288
96.764,0.032
96.844,0.312
96.9239,0.304
96.964,0.04
97.044,0.328
97.1239,0.32
97.164,0.08
97.289,0.328
97.3239,0.368
97.364,0.184
97.444,0.368
97.5239,0.368
97.564,0.176
97.644,0.36
97.7239,0.36
97.764,0.224
97.844,0.36
97.9239,0.448
97.964,0.216
98.044,0.544
98.1239,0.552
98.164,0.192
98.244,0.552
98.3239,0.528
98.364,0.176
98.444,0.52
98.5239,0.512
98.564,0.304
98.644,0.472
98.7239,0.472
98.764,0.256
98.844,0.48
98.969,0.472
98.986,0.272
99.044,0.52
99.1239,0.52
99.164,0.328
99.244,0.52
99.3239,0.536
99.3659,0.456
99.444,0.52
99.5239,0.52
99.564,0.448
99.644,0.464
99.7239,0.464
99.764,0.416
99.844,0.496
99.9239,0.56
99.964,0.424
100.044,0.68
100.124,0.696
100.164,0.504
100.244,0.696
100.324,0.664
100.364,0.408
100.444,0.68
100.524,0.68
100.608,0.464
100.644,0.736
100.724,0.736
100.764,0.632
100.844,0.728
100.924,0.72
100.964,0.512
101.044,0.584
101.124,0.576
101.164,0.512
101.244,0.568
101.324,0.68
101.364,0.584
101.444,0.688
101.524,0.672
101.564,0.576
101.644,0.632
101.724,0.632
101.764,0.568
101.844,0.632
101.924,0.632
101.964,0.52
102.044,0.56
102.124,0.56
102.164,0.512
102.288,0.56
102.324,0.592
102.367,0.592
102.444,0.584
102.524,0.584
102.564,0.584
102.644,0.528
102.724,0.528
102.764,0.528
102.844,0.528
102.924,0.528
102.964,0.472
103.044,0.472
103.124,0.472
103.164,0.472
103.244,0.472
103.324,0.328
103.364,0.32
103.444,0.352
103.524,0.352
103.564,0.32
103.644,0.392
103.724,0.392
103.764,0.352
103.844,0.392
103.948,0.384
103.965,0.464
104.064,0.464
104.124,0.464
104.164,0.464
104.244,0.464
104.324,0.48
104.364,0.48
104.444,0.48
104.524,0.48
104.564,0.48
104.644,0.464
104.724,0.464
104.764,0.464
104.844,0.464
104.924,0.464
104.964,0.456
105.044,0.456
105.124,0.456
105.164,0.456
105.244,0.456
105.324,0.424
105.364,0.424
105.444,0.424
105.524,0.424
105.587,0.424
105.644,0.488
105.724,0.488
105.764,0.488
105.844,0.488
105.924,0.488
105.964,0.472
106.044,0.472
106.124,0.472
106.164,0.472
106.244,0.472
106.324,0.616
106.364,0.616
106.444,0.616
106.524,0.616
106.564,0.616
106.644,0.8
106.724,0.8
106.764,0.8
106.844,0.8
106.924,0.8
106.964,0.8
107.044,0.8
107.124,0.8
107.164,0.8
107.268,0.8
107.344,0.8
107.364,0.8
107.444,0.8
107.524,0.8
107.564,0.8
107.644,0.8
107.724,0.8
107.764,0.8
107.844,0.8
107.924,0.8
107.964,0.8
108.044,0.8
108.124,0.8
108.164,0.8
108.244,0.792
108.324,0.8
108.364,0.8
108.455,0.8
108.535,0.8
108.554,0.792
108.635,0.8
108.714,0.8
108.754,0.8
108.835,0.8
108.939,0.8
108.956,0.8
109.034,0.8
109.114,0.8
109.154,0.784
109.235,0.784
109.314,0.8
109.357,0.8
109.434,0.8
109.515,0.8
109.554,0.8
109.635,0.736
109.714,0.736
109.754,0.712
109.834,0.704
109.915,0.704
109.955,0.8
110.034,0.8
110.114,0.784
110.154,0.776
110.235,0.776
110.314,0.68
110.357,0.672
110.434,0.68
110.515,0.672
110.579,0.664
110.635,0.592
110.714,0.592
110.754,0.592
110.834,0.584
110.914,0.576
110.955,0.568
111.034,0.568
111.114,0.56
111.154,0.56
111.235,0.56
111.314,0.576
111.357,0.576
111.434,0.576
111.515,0.576
111.554,0.576
111.635,0.576
111.714,0.568
111.754,0.568
111.834,0.568
111.914,0.568
111.955,0.512
112.034,0.544
112.114,0.544
112.154,0.544
112.278,0.544
112.314,0.344
112.357,0.328
112.434,0.336
112.515,0.336
112.554,0.336
112.635,0.464
112.714,0.464
112.754,0.448
112.834,0.456
112.914,0.448
112.955,0.352
113.034,0.352
113.114,0.352
113.154,0.352
113.235,0.352
113.314,0.192
113.357,0.184
113.434,0.192
113.515,0.192
113.554,0.192
113.635,0.288
113.714,0.288
113.754,0.288
113.834,0.288
113.939,0.288
113.974,0.392
114.034,0.4
114.114,0.4
114.154,0.392
114.234,0.4
114.314,0.552
114.357,0.536
114.434,0.552
114.514,0.552
114.554,0.544
114.634,0.576
114.714,0.56
114.754,0.56
114.834,0.552
114.914,0.536
114.954,0.376
115.034,0.384
115.114,0.384
115.154,0.384
115.235,0.384
115.335,0.344
115.357,0.336
115.454,0.336
115.514,0.328
115.558,0.32
115.634,0.2
115.714,0.2
115.754,0.2
115.834,0.2
115.914,0.2
115.974,0.24
116.034,0.24
116.114,0.24
116.154,0.24
116.235,0.24
116.314,0.368
116.357,0.368
116.434,0.368
116.514,0.368
116.554,0.368
116.634,0.304
116.714,0.296
116.754,0.28
116.834,0.28
116.914,0.28
116.954,0.48
117.034,0.48
117.114,0.48
117.154,0.48
117.278,0.48
117.314,0.552
117.357,0.552
117.434,0.552
117.514,0.552
117.554,0.544
117.634,0.576
117.714,0.576
117.754,0.568
117.834,0.56
117.914,0.56
117.955,0.544
118.034,0.544
118.114,0.544
118.154,0.544
118.234,0.544
118.314,0.568
118.357,0.576
118.434,0.576
118.514,0.576
118.554,0.576
118.634,0.512
118.714,0.512
118.754,0.512
118.834,0.512
118.939,0.512
118.974,0.344
119.034,0.344
119.114,0.344
119.154,0.344
119.234,0.344
119.314,0.448
119.357,0.448
119.434,0.448
119.514,0.448
119.554,0.44
119.635,0.4
119.714,0.376
119.754,0.376
119.834,0.376
119.914,0.376
119.955,0.432
120.034,0.432
120.114,0.432
120.154,0.432
120.234,0.432
120.314,0.48
120.357,0.48
120.434,0.48
120.514,0.48
120.598,0.48
120.634,0.576
120.714,0.576
120.754,0.568
120.834,0.56
120.914,0.552
120.954,0.52
121.034,0.52
121.114,0.52
121.154,0.52
121.234,0.512
121.314,0.288
121.357,0.288
121.434,0.288
121.514,0.288
121.554,0.288
121.634,0.392
121.714,0.392
121.754,0.392
121.834,0.392
121.914,0.392
121.954,0.504
122.034,0.504
122.114,0.488
122.154,0.488
122.238,0.488
122.314,0.304
122.357,0.304
122.434,0.304
122.514,0.304
122.554,0.304
122.634,0.352
122.714,0.352
122.754,0.352
122.834,0.352
122.914,0.344
122.954,0.296
123.034,0.296
123.114,0.296
123.154,0.28
123.234,0.28
123.314,0.2
123.354,0.2
123.434,0.2
123.514,0.2
123.554,0.2
123.634,0.264
123.714,0.256
123.754,0.24
123.834,0.24
123.979,0.24
123.996,0.224
124.034,0.224
124.114,0.216
124.154,0.216
124.234,0.216
124.314,0.296
124.357,0.296
124.434,0.288
124.514,0.288
124.554,0.288
124.634,0.36
124.714,0.36
124.754,0.36
124.834,0.36
124.914,0.36
124.954,0.288
125.034,0.288
125.114,0.288
125.154,0.288
125.235,0.288
125.314,0.4
125.357,0.4
125.434,0.4
125.515,0.4
125.598,0.376
125.655,0.304
125.714,0.304
125.754,0.304
125.854,0.304
125.914,0.304
125.954,0.48
126.034,0.464
126.114,0.464
126.154,0.464
126.234,0.456
126.314,0.48
126.357,0.472
126.434,0.472
126.514,0.464
126.554,0.456
126.634,0.216
126.714,0.192
126.754,0.184
126.834,0.184
126.914,0.184
126.954,0.304
127.034,0.296
127.114,0.288
127.154,0.28
127.238,0.28
127.314,0.28
127.357,0.264
127.434,0.248
127.514,0.224
127.554,0.216
127.634,0.36
127.714,0.352
127.754,0.352
127.834,0.352
127.914,0.344
127.954,0.376
128.034,0.368
128.114,0.36
128.154,0.336
128.234,0.336
128.314,0.424
128.357,0.408
128.434,0.408
128.514,0.4
128.554,0.4
128.634,0.368
128.714,0.368
128.754,0.368
128.834,0.368
128.918,0.368
128.954,0.36
129.034,0.36
129.114,0.36
129.154,0.36
129.234,0.352
129.314,0.304
129.357,0.304
129.434,0.304
129.514,0.304
129.554,0.304
129.635,0.32
129.714,0.32
129.754,0.312
129.834,0.296
129.914,0.304
129.954,0.376
130.034,0.376
130.114,0.336
130.154,0.288
130.234,0.288
130.314,0.168
130.357,0.16
130.434,0.128
130.514,0.12
130.598,0.088
130.635,0.128
130.714,0.128
130.754,0.128
130.834,0.128
130.914,0.128
130.954,0.064
131.034,0.048
131.114,0.024
131.154,0.024
131.234,0
131.314,0
131.357,0
131.434,0
131.514,0
131.554,0
131.634,0
131.714,0
131.754,0
131.834,0
131.914,0
131.954,0
132.034,0
132.114,0
132.154,0
132.278,0
132.314,0
132.357,0
132.434,0
132.514,0
132.554,0
132.634,0
132.714,0.008
132.754,0.008
132.834,0
132.914,0.016
132.955,0
133.034,0.008
133.114,0
133.154,0
133.234,0
133.314,0.008
133.357,0.008
133.434,0.008
133.514,0
133.554,0
133.634,0.024
133.714,0.024
133.754,0.024
133.835,0.024
133.958,0.024
133.975,0.12
134.035,0.12
134.134,0.104
134.154,0.088
134.234,0.072
134.314,0.192
134.357,0.184
134.434,0.152
134.514,0.112
134.554,0.104
134.634,0.24
134.714,0.232
134.754,0.184
134.834,0.144
134.914,0.112
134.954,0.16
135.034,0.16
135.114,0.152
135.154,0.144
135.234,0.144
135.314,0.12
135.359,0.12
135.434,0.112
135.514,0.112
135.558,0.112
135.634,0.208
135.714,0.208
135.754,0.208
135.834,0.208
135.914,0.208
135.954,0.504
136.034,0.504
136.114,0.496
136.154,0.496
136.234,0.496
136.314,0.312
136.357,0.312
136.434,0.312
136.514,0.312
136.554,0.304
136.634,0.376
136.714,0.368
136.754,0.352
136.834,0.336
136.914,0.32
136.954,0.328
137.034,0.328
137.114,0.328
137.154,0.328
137.238,0.328
137.314,0.232
137.357,0.216
137.434,0.176
137.514,0.168
137.554,0.168
137.634,0.176
137.714,0.176
137.754,0.088
137.834,0.088
137.914,0.088
137.955,0.04
138.034,0.056
138.114,0.04
138.154,0.016
138.234,0.024
138.314,0.032
138.354,0.024
138.434,0.04
138.514,0.032
138.554,0
138.634,0.008
138.714,0.008
138.754,0.008
138.834,0.024
138.959,0.016
138.976,0
139.034,0.024
139.114,0.024
139.154,0
139.234,0
139.314,0.008
139.357,0.008
139.434,0.016
139.514,0.016
139.554,0
139.634,0.008
139.714,0.008
139.754,0
139.834,0.04
139.914,0.032
139.954,0.016
140.034,0.016
140.114,0.016
140.154,0.016
140.234,0.016
140.314,0.04
140.357,0.048
140.434,0.04
140.514,0.048
140.598,0.032
140.634,0.096
140.714,0.096
140.754,0.088
140.834,0.096
140.934,0.096
140.954,0.064
141.034,0.064
141.114,0.064
141.154,0.064
141.234,0.064
141.314,0.128
141.354,0.128
141.434,0.128
141.514,0.128
141.554,0.128
141.634,0.16
141.714,0.16
141.754,0.16
141.834,0.16
141.914,0.16
141.954,0.208
142.034,0.208
142.114,0.208
142.154,0.208
142.277,0.208
142.314,0.224
142.357,0.224
142.434,0.224
142.514,0.216
142.554,0.216
142.634,0.184
142.714,0.176
142.754,0.152
142.834,0.152
142.914,0.144
142.954,0.232
143.034,0.232
143.114,0.224
143.154,0.208
143.234,0.192
143.314,0.208
143.357,0.208
143.434,0.2
143.514,0.2
143.554,0.184
143.634,0.288
143.715,0.28
143.754,0.272
143.834,0.264
143.917,0.264
143.954,0.2
144.034,0.2
144.114,0.2
144.154,0.192
144.234,0.184
144.314,0.096
144.357,0.096
144.434,0.096
144.514,0.096
144.554,0.096
144.634,0.2
144.714,0.2
144.754,0.2
144.835,0.2
144.914,0.2
144.954,0.168
145.034,0.168
145.114,0.168
145.154,0.168
145.234,0.168
145.314,0.136
145.357,0.136
145.434,0.136
145.514,0.136
145.598,0.128
145.634,0.184
145.714,0.184
145.754,0.184
145.834,0.184
145.914,0.176
145.954,0.144
146.034,0.144
146.114,0.144
146.154,0.128
146.234,0.128
146.314,0.168
146.357,0.144
146.434,0.136
146.514,0.136
146.554,0.136
146.634,0.104
146.714,0.104
146.754,0.104
146.834,0.104
146.914,0.088
146.954,0.056
147.034,0.048
147.114,0.032
147.154,0
147.278,0.008
147.314,0
147.357,0
147.434,0.016
147.514,0.008
147.554,0
147.634,0.008
147.714,0.016
147.754,0.024
147.834,0.016
147.914,0.016
147.954,0.024
148.035,0.016
148.114,0.008
148.154,0.024
148.234,0.008
148.314,0.008
148.357,0
148.434,0.016
148.514,0.032
148.554,0.024
148.634,0
148.714,0.008
148.754,0
148.834,0.024
148.959,0.024
148.976,0.016
149.034,0
149.114,0.008
149.154,0
149.234,0.008
149.314,0.024
149.357,0.032
149.434,0.048
149.514,0.032
149.554,0.016
149.634,0.032
149.714,0.04
149.754,0.016
149.834,0.016
149.914,0.024
149.954,0.04
150.034,0.048
150.114,0.048
150.154,0.04
150.234,0.048
150.314,0.04
150.357,0.048
150.434,0.048
150.514,0.04
150.599,0.032
150.634,0.048
150.714,0.048
150.754,0.04
150.834,0.048
150.914,0.04
150.954,0.064
151.034,0.064
151.114,0.064
151.154,0.048
151.234,0.072
151.314,0.152
151.357,0.144
151.434,0.144
151.514,0.16
151.554,0.144
151.634,0.224
151.714,0.224
151.754,0.216
151.834,0.216
151.914,0.224
151.954,0.264
152.034,0.264
152.114,0.264
152.154,0.264
152.278,0.264
152.314,0.312
152.357,0.312
152.434,0.312
152.514,0.312
152.554,0.312
152.634,0.336
152.714,0.336
152.754,0.336
152.834,0.344
152.914,0.336
152.954,0.408
153.034,0.408
153.114,0.408
153.154,0.408
153.234,0.408
153.314,0.432
153.357,0.432
153.434,0.432
153.514,0.432
153.554,0.432
153.634,0.328
153.714,0.328
153.754,0.328
153.834,0.328
153.958,0.328
153.975,0.288
154.034,0.28
154.114,0.28
154.154,0.28
154.234,0.272
154.314,0.296
154.357,0.344
154.434,0.304
154.514,0.312
154.554,0.32
154.634,0.176
154.715,0.192
154.754,0.192
154.834,0.192
154.914,0.192
154.954,0.12
155.034,0.12
155.114,0.12
155.154,0.112
155.234,0.112
155.314,0.224
155.357,0.224
155.434,0.224
155.514,0.224
155.598,0.224
155.634,0.104
155.714,0.096
155.754,0.096
155.834,0.096
155.914,0.096
155.954,0.168
156.034,0.152
156.114,0.152
156.154,0.152
156.234,0.152
156.315,0.072
156.358,0.064
156.434,0.056
156.514,0.056
156.554,0.048
156.634,0.12
156.714,0.12
156.754,0.104
156.834,0.104
156.914,0.088
156.954,0.096
157.034,0.096
157.114,0.096
157.154,0.088
157.278,0.096
157.335,0.096
157.357,0.096
157.434,0.096
157.514,0.096
157.554,0.088
157.634,0.128
157.714,0.128
157.754,0.128
157.834,0.128
157.914,0.128
157.954,0.104
158.034,0.096
158.114,0.104
158.154,0.104
158.234,0.104
158.314,0.096
158.357,0.096
158.434,0.096
158.514,0.096
158.554,0.096
158.634,0.088
158.714,0.088
158.754,0.08
158.834,0.08
158.959,0.064
158.976,0.048
159.034,0.048
159.114,0.048
159.154,0.048
159.234,0.048
159.314,0.12
159.357,0.12
159.454,0.12
159.534,0.112
159.554,0.112
159.634,0.12
159.714,0.128
159.754,0.128
159.834,0.12
159.914,0.128
159.954,0.152
160.034,0.152
160.114,0.152
160.154,0.136
160.234,0.128
160.314,0.136
160.357,0.128
160.434,0.128
160.514,0.128
160.579,0.128
160.634,0.136
160.714,0.144
160.754,0.136
160.834,0.128
160.914,0.12
160.954,0.08
161.034,0.08
161.114,0.08
161.154,0.072
161.234,0.056
161.314,0.056
161.357,0.056
161.434,0.04
161.514,0.04
161.554,0.016
161.634,0.016
161.714,0
161.754,0
161.834,0
161.914,0
161.954,0.008
162.034,0
162.114,0
162.154,0
162.279,0
162.314,0.064
162.357,0.064
162.434,0.064
162.514,0.056
162.554,0.056
162.634,0.104
162.714,0.104
162.754,0.056
162.834,0.04
162.914,0.04
162.954,0.128
163.034,0.128
163.114,0.128
163.154,0.12
163.234,0.12
163.314,0.104
163.357,0.104
163.434,0.104
163.514,0.104
163.554,0.104
163.634,0.168
163.714,0.168
163.754,0.168
163.834,0.16
163.959,0.16
163.994,0.136
164.034,0.136
164.114,0.136
164.154,0.136
164.234,0.136
164.314,0.128
164.357,0.128
164.434,0.112
164.514,0.112
164.554,0.112
164.635,0.128
164.714,0.112
164.754,0.112
164.834,0.112
164.914,0.112
164.954,0.04
165.034,0.032
165.114,0.032
165.154,0.032
165.234,0.032
165.314,0.072
165.357,0.072
165.434,0.072
165.514,0.072
165.599,0.072
165.634,0.096
165.714,0.096
165.754,0.096
165.834,0.096
165.914,0.096
165.954,0.112
166.034,0.112
166.114,0.112
166.154,0.112
166.234,0.112
166.314,0.08
166.358,0.088
166.434,0.088
166.514,0.088
166.554,0.088
166.634,0.088
166.714,0.088
166.754,0.088
166.834,0.088
166.914,0.088
166.954,0.104
167.034,0.104
167.114,0.104
167.154,0.104
167.279,0.104
167.314,0.096
167.357,0.08
167.434,0.08
167.534,0.08
167.554,0.08
167.634,0.096
167.714,0.096
167.754,0.096
167.834,0.096
167.914,0.096
167.954,0.16
168.034,0.16
168.114,0.16
168.154,0.16
168.234,0.152
168.314,0.2
168.358,0.192
168.434,0.192
168.514,0.192
168.554,0.192
168.634,0.152
168.714,0.152
168.754,0.152
168.834,0.152
168.94,0.152
168.957,0.28
169.034,0.28
169.114,0.28
169.154,0.28
169.234,0.28
169.314,0.248
169.357,0.248
169.434,0.248
169.514,0.248
169.554,0.248
169.655,0.216
169.714,0.216
169.754,0.216
169.834,0.216
169.914,0.216
169.954,0.16
170.034,0.152
170.114,0.144
170.154,0.128
170.234,0.12
170.314,0.16
170.357,0.16
170.434,0.152
170.514,0.152
170.599,0.104
170.634,0.136
170.714,0.104
170.754,0.08
170.834,0.08
170.914,0.048
170.954,0.032
171.034,0.016
171.114,0.008
171.154,0
171.234,0
171.314,0
171.357,0
171.434,0
171.514,0
171.554,0
171.634,0
171.714,0
171.754,0
171.834,0
171.914,0
171.954,0
172.034,0
172.114,0
172.154,0
172.279,0
172.334,0
172.357,0
172.434,0
172.514,0
172.554,0
172.634,0
172.714,0
172.754,0
172.834,0
172.914,0
172.954,0
173.034,0
173.114,0
173.154,0
173.234,0
173.314,0
173.357,0
173.434,0
173.514,0
173.554,0
173.634,0
173.714,0
173.754,0
173.834,0
173.96,0
173.977,0
174.034,0
174.114,0
174.154,0
174.234,0
174.314,0
174.357,0
174.434,0
174.514,0
174.554,0
174.634,0
174.714,0
174.754,0
174.834,0
174.914,0.008
174.954,0.048
175.034,0.048
175.114,0.048
175.154,0.048
175.234,0.048
175.314,0.12
175.357,0.12
175.434,0.12
175.514,0.12
175.599,0.12
175.634,0.096
175.714,0.096
175.754,0.096
175.834,0.096
175.914,0.096
175.954,0.168
176.034,0.168
176.114,0.136
176.154,0.128
176.234,0.128
176.314,0.28
176.357,0.248
176.434,0.248
176.514,0.248
176.554,0.248
176.634,0.28
176.714,0.28
176.754,0.28
176.834,0.28
176.914,0.28
176.954,0.28
177.034,0.28
177.114,0.28
177.154,0.28
177.278,0.28
177.314,0.312
177.357,0.312
177.434,0.312
177.514,0.312
177.554,0.312
177.634,0.272
177.714,0.272
177.754,0.272
177.834,0.272
177.914,0.272
177.955,0.344
178.034,0.344
178.114,0.344
178.154,0.344
178.234,0.344
178.314,0.216
178.357,0.216
178.434,0.216
178.514,0.208
178.554,0.208
178.634,0.096
178.714,0.096
178.754,0.096
178.834,0.096
178.919,0.096
178.954,0.104
179.034,0.104
179.114,0.104
179.154,0.104
179.234,0.104
179.314,0.128
179.357,0.128
179.434,0.128
179.514,0.128
179.554,0.128
179.634,0.104
179.714,0.104
179.754,0.104
179.834,0.104
179.914,0.104
179.954,0.128
180.034,0.12
180.114,0.12
180.154,0.12
180.234,0.12
180.314,0.12
180.357,0.12
180.434,0.12
180.514,0.12
180.599,0.12
180.634,0.136
180.714,0.136
180.754,0.136
180.834,0.136
180.914,0.136
180.954,0.12
181.034,0.12
181.114,0.12
181.154,0.12
181.234,0.12
181.314,0.128
181.357,0.12
181.434,0.128
181.514,0.128
181.554,0.104
181.634,0.128
181.714,0.128
181.754,0.064
181.834,0.128
181.914,0.128
181.954,0.016
182.034,0.144
182.114,0.144
182.154,0.016
182.279,0.144
182.314,0.232
182.36,0.088
182.434,0.232
182.514,0.232
182.554,0.088
182.634,0.24
182.714,0.208
182.754,0.088
182.834,0.104
182.914,0.088
182.955,0.12
183.034,0.136
183.114,0.104
183.154,0.104
183.234,0.12
183.314,0.176
183.354,0.176
183.434,0.176
183.514,0.176
183.554,0.176
183.634,0.216
183.714,0.224
183.754,0.216
183.834,0.224
183.959,0.224
183.976,0.144
184.034,0.16
184.114,0.144
184.154,0.144
184.234,0.144
184.314,0.216
184.357,0.216
184.434,0.216
184.514,0.224
184.554,0.216
184.635,0.232
184.714,0.232
184.754,0.224
184.834,0.232
184.914,0.224
184.954,0.216
185.034,0.216
185.114,0.224
185.154,0.216
185.234,0.224
185.314,0.24
185.358,0.224
185.434,0.24
185.514,0.232
185.599,0.2
185.634,0.2
185.714,0.2
185.754,0.128
185.834,0.192
185.914,0.192
185.954,0.016
186.034,0.192
186.114,0.192
186.154,0
186.234,0.184
186.315,0.152
186.357,0
186.434,0.144
186.514,0.088
186.554,0
186.634,0.072
186.714,0.04
186.754,0
186.834,0.04
186.914,0.016
186.954,0
187.034,0.008
187.114,0
187.154,0
187.279,0
187.314,0.016
187.357,0
187.434,0.016
187.514,0.008
187.574,0
187.634,0.016
187.714,0
187.754,0
187.834,0.016
187.914,0.016
187.954,0
188.034,0
188.114,0
188.154,0
188.234,0
188.314,0.016
188.357,0
188.434,0.016
188.514,0
188.554,0
188.634,0
188.714,0
188.754,0
188.834,0.008
188.959,0.016
188.976,0
189.034,0.016
189.114,0
189.154,0
189.234,0
189.314,0
189.357,0
189.434,0.008
189.514,0.008
189.554,0
189.634,0.008
189.714,0
189.754,0
189.834,0
189.914,0
189.954,0
190.034,0.016
190.114,0.016
190.154,0
190.234,0
190.314,0
190.357,0
190.434,0
190.514,0.016
190.599,0
190.634,0.008
190.714,0.008
190.754,0
190.834,0.008
190.914,0.008
190.954,0
191.034,0.008
191.114,0.008
191.154,0
191.234,0.008
191.314,0
191.358,0
191.434,0
191.514,0
191.554,0
191.634,0.016
191.714,0.016
191.754,0
191.834,0
191.914,0
191.954,0.088
192.034,0.088
192.114,0.096
192.154,0.088
192.258,0.096
192.314,0.096
192.358,0.08
192.434,0.08
192.514,0.08
192.554,0.08
192.634,0.088
192.714,0.096
192.754,0.08
192.834,0.096
192.914,0.08
192.955,0.096
193.034,0.096
193.114,0.08
193.155,0.08
193.234,0.088
193.314,0.12
193.357,0.104
193.434,0.12
193.514,0.104
193.554,0.104
193.634,0.096
193.714,0.096
193.754,0.096
193.834,0.112
193.939,0.112
193.956,0.04
194.034,0.048
194.115,0.048
194.154,0.04
194.234,0.032
194.314,0.04
194.357,0.04
194.434,0.048
194.514,0.056
194.554,0.04
194.635,0.032
194.714,0.024
194.754,0.024
194.834,0.024
194.914,0.032
194.954,0.008
195.034,0.032
195.114,0.032
195.154,0.016
195.234,0.016
195.314,0
195.357,0
195.434,0
195.514,0.016
195.598,0
195.654,0.032
195.714,0.032
195.774,0
195.834,0.016
195.914,0
195.954,0.016
196.034,0.024
196.114,0.032
196.154,0
196.234,0.032
196.314,0.024
196.357,0.024
196.434,0.024
196.515,0.024
196.554,0.024
196.634,0.048
196.714,0.048
196.754,0.048
196.834,0.048
196.914,0.048
196.954,0.048
197.055,0.048
197.114,0.048
197.154,0.048
197.278,0.048
197.314,0.032
197.357,0.032
197.434,0.032
197.514,0.032
197.554,0.032
197.634,0.032
197.714,0.032
197.754,0.032
197.834,0.032
197.914,0.032
197.954,0.056
198.034,0.056
198.114,0.056
198.154,0.056
198.234,0.056
198.314,0.048
198.358,0.048
198.434,0.048
198.514,0.056
198.554,0.056
198.634,0.056
198.714,0.056
198.754,0.056
198.834,0.064
198.938,0.072
198.955,0.064
199.034,0.072
199.114,0.072
199.154,0.072
199.234,0.072
199.314,0.096
199.358,0.096
199.434,0.096
199.514,0.104
199.554,0.096
199.634,0.112
199.714,0.128
199.754,0.104
199.834,0.104
199.914,0.104
199.954,0.128
200.034,0.136
200.114,0.144
200.154,0.128
200.234,0.152
200.314,0.12
200.357,0.12
200.434,0.12
200.514,0.112
200.558,0.088
200.634,0.184
200.714,0.184
200.754,0.128
200.834,0.232
200.914,0.256
200.954,0.168
201.034,0.272
201.114,0.264
201.154,0.176
201.234,0.24
201.314,0.232
201.357,0.168
201.434,0.208
201.514,0.2
201.554,0.168
201.634,0.224
201.714,0.216
201.754,0.192
201.834,0.208
201.914,0.2
201.954,0.184
202.034,0.208
202.114,0.2
202.154,0.184
202.258,0.224
202.314,0.232
202.357,0.208
202.434,0.24
202.514,0.224
202.554,0.208
202.634,0.224
202.714,0.24
202.754,0.216
202.834,0.24
202.914,0.224
202.954,0.248
203.034,0.264
203.114,0.272
203.154,0.232
203.234,0.28
203.314,0.304
203.357,0.16
203.434,0.296
203.514,0.272
203.554,0.16
203.634,0.224
203.714,0.216
203.754,0.088
203.834,0.216
203.939,0.232
203.956,0.072
204.034,0.256
204.114,0.232
204.154,0.024
204.234,0.232
204.314,0.2
204.358,0.048
204.434,0.192
204.514,0.2
204.554,0.032
204.634,0.216
204.714,0.216
204.754,0.056
204.834,0.2
204.914,0.2
204.954,0.08
205.034,0.168
205.114,0.168
205.154,0.08
205.234,0.152
205.314,0.12
205.358,0.104
205.434,0.144
205.514,0.136
205.598,0.112
205.634,0.144
205.714,0.136
205.754,0.128
205.834,0.136
205.914,0.136
205.954,0.12
206.034,0.136
206.114,0.136
206.154,0.12
206.234,0.136
206.314,0.152
206.357,0.152
206.434,0.152
206.514,0.168
206.554,0.152
206.634,0.144
206.714,0.152
206.754,0.104
206.834,0.128
206.914,0.128
206.954,0.104
207.034,0.136
207.114,0.168
207.154,0.104
207.277,0.192
207.314,0.144
207.357,0.032
207.434,0.136
207.514,0.144
207.554,0
207.634,0.136
207.714,0.152
207.754,0
207.834,0.152
207.914,0.16
207.954,0
208.034,0.12
208.114,0.112
208.154,0
208.234,0.12
208.314,0.112
208.357,0.016
208.434,0.088
208.514,0.024
208.554,0.008
208.634,0.016
208.714,0.016
208.754,0
208.834,0.016
208.958,0.016
208.975,0.016
209.034,0.016
209.114,0.016
209.154,0
209.234,0.016
209.314,0.024
209.357,0.024
209.434,0.024
209.514,0.024
209.554,0.008
209.634,0.024
209.714,0.024
209.754,0
209.834,0.024
209.914,0.024
209.954,0.016
210.034,0.064
210.114,0.064
210.154,0
210.234,0.064
210.314,0.056
210.357,0
210.434,0.056
210.514,0.056
210.598,0.008
210.654,0.008
210.714,0
210.754,0
210.834,0
210.914,0
210.954,0
211.034,0
211.114,0
211.154,0
211.234,0
211.314,0
211.357,0
211.434,0
211.514,0
211.554,0
211.634,0.016
211.714,0.016
211.754,0
211.834,0
211.914,0.008
211.954,0
212.034,0.008
212.114,0.008
212.154,0.008
212.278,0.008
212.314,0
212.357,0
212.434,0
212.514,0
212.554,0
212.634,0
212.714,0
212.754,0
212.834,0
212.914,0
212.954,0
213.034,0
213.114,0
213.154,0
213.234,0.008
213.314,0.008
213.357,0.008
213.424,0.008
213.505,0.008
213.544,0.008
213.625,0.016
213.705,0.016
213.744,0.016
213.824,0.016
213.969,0.016
214.005,0.016
214.024,0.016
214.104,0.016
214.144,0.016
214.225,0.016
214.304,0
214.345,0
214.424,0
214.505,0
214.544,0
214.625,0
214.704,0
214.744,0
214.824,0
214.904,0
214.945,0
215.024,0.048
215.104,0.048
215.144,0
215.225,0.048
215.304,0.04
215.345,0
215.424,0
215.505,0
215.609,0
215.664,0
215.704,0.008
215.744,0
215.824,0.008
215.904,0.008
215.945,0
216.024,0
216.104,0
216.144,0
216.225,0.016
216.304,0.016
216.345,0.016
216.424,0.016
216.505,0.016
216.544,0
216.625,0.016
216.705,0.016
216.744,0.016
216.825,0.016
216.904,0.016
216.945,0
217.024,0
217.104,0
217.144,0
217.289,0
217.306,0
217.345,0
217.424,0
217.505,0
217.544,0
217.625,0
217.704,0
217.744,0
217.824,0
217.904,0
217.945,0
218.024,0
218.104,0
218.144,0
218.225,0
218.304,0
218.345,0
218.424,0
218.505,0
218.544,0
218.625,0
218.704,0
218.744,0
218.824,0
218.969,0
218.986,0
219.024,0.008
219.104,0
219.144,0
219.225,0
219.304,0
219.345,0
219.424,0
219.504,0
219.544,0
219.625,0
219.704,0
219.744,0
219.824,0
219.904,0
219.945,0
220.024,0
220.104,0
220.144,0
220.225,0
220.304,0
220.345,0
220.424,0
220.505,0
220.589,0
220.625,0
220.704,0
220.744,0
220.824,0
220.904,0
220.944,0
221.024,0
221.104,0.008
221.144,0
221.224,0
221.305,0
221.345,0
221.424,0
221.505,0
221.544,0
221.625,0
221.704,0
221.744,0
221.824,0
221.904,0
221.945,0
222.024,0
222.104,0.016
222.144,0
222.29,0.016
222.307,0
222.345,0
222.444,0
222.505,0
222.544,0
222.625,0.016
222.704,0.016
222.744,0
222.824,0.016
222.904,0
222.945,0
223.024,0
223.104,0.016
223.144,0
223.225,0.016
223.304,0.016
223.344,0
223.424,0
223.504,0
223.544,0
223.625,0.016
223.704,0.016
223.744,0
223.824,0.016
223.97,0.016
223.987,0
224.024,0
224.104,0.008
224.144,0
224.225,0.008
224.304,0.016
224.345,0
224.424,0.008
224.505,0.016
224.544,0
224.625,0.016
224.704,0.016
224.744,0
224.824,0.016
224.904,0
224.944,0
225.024,0.016
225.104,0.016
225.144,0
225.224,0.016
225.304,0.016
225.345,0
225.424,0
225.505,0.016
225.589,0
225.645,0.008
225.704,0.008
225.744,0
225.824,0.008
225.904,0.008
225.945,0
226.024,0.008
226.104,0
226.144,0
226.224,0
226.305,0
226.344,0
226.425,0
226.505,0
226.544,0
226.624,0
226.704,0
226.744,0
226.824,0
226.904,0
226.945,0
227.024,0.008
227.104,0.008
227.144,0
227.29,0.008
227.325,0.008
227.364,0
227.434,0
227.514,0
227.554,0
227.634,0
227.714,0
227.754,0
227.834,0
227.914,0
227.955,0
228.034,0
228.114,0
228.154,0
228.234,0
228.314,0
228.354,0
228.434,0
228.514,0
228.554,0
228.634,0
228.714,0
228.754,0
228.834,0
228.959,0
228.976,0
229.034,0
229.114,0
229.154,0
229.254,0
229.314,0
229.354,0
229.434,0
229.514,0
229.554,0
229.634,0
229.714,0
229.754,0
229.834,0
229.914,0
229.954,0
230.034,0
230.114,0
230.154,0
230.234,0
230.314,0
230.357,0
230.434,0
230.514,0
230.599,0
230.634,0
230.714,0
230.754,0
230.834,0
230.914,0
230.954,0
231.034,0
231.114,0
231.154,0
231.234,0
231.314,0
231.357,0
231.434,0
231.514,0
231.554,0
231.634,0
231.714,0
231.754,0
231.834,0
231.914,0
231.954,0
232.034,0
232.114,0
232.154,0
232.279,0
232.314,0
232.354,0
232.434,0
232.514,0
232.554,0
232.634,0
232.714,0
232.754,0
232.834,0
232.914,0
232.955,0
233.034,0
233.114,0
233.154,0
233.234,0
233.314,0
233.356,0
233.434,0
233.514,0
233.554,0
233.634,0
233.714,0
233.754,0
233.834,0
233.959,0
233.976,0
234.034,0
234.114,0
234.154,0
234.234,0
234.314,0
234.357,0
234.434,0
234.514,0
234.554,0
234.634,0
234.714,0
234.754,0
234.834,0
234.914,0
234.954,0
235.034,0
235.114,0
235.154,0
235.234,0
235.314,0
235.354,0
235.434,0
235.514,0
235.599,0
235.634,0
235.714,0
235.754,0
235.834,0
235.914,0
235.954,0
236.034,0
236.114,0
236.154,0
236.234,0
236.315,0
236.357,0
236.434,0
236.514,0
236.554,0
236.634,0
236.714,0
236.754,0
236.834,0
236.914,0
236.954,0
237.034,0
237.114,0
237.154,0
237.28,0
237.314,0
237.356,0
237.434,0
237.514,0
237.554,0
237.634,0
237.714,0
237.754,0
238.96,0.008
237.86,0
239.034,0
237.98,0
238.02,0
238.1,0
238.18,0
238.222,0
238.3,0
238.38,0
238.42,0
238.5,0
238.58,0
238.62,0
238.7,0
238.78,0
238.82,0
238.9,0
238.98,0
239.02,0
239.1,0
239.18,0
239.222,0
239.3,0
239.38,0
239.465,0
239.5,0
239.58,0
239.62,0
239.7,0
239.78,0
239.82,0
239.9,0
239.98,0
240.02,0
240.1,0
240.18,0
240.22,0
240.291,0
240.37,0
240.41,0
240.49,0
240.57,0
240.61,0
240.69,0
240.77,0
240.81,0
240.89,0
240.97,0
241.01,0
241.136,0
241.171,0
241.21,0
241.29,0
241.37,0
241.41,0
241.49,0
241.57,0
241.61,0
241.69,0
241.77,0
241.811,0
241.89,0
241.97,0
242.01,0
242.091,0
242.17,0
242.21,0
242.29,0.008
242.37,0.008
242.41,0.008
242.49,0.008
242.57,0.008
242.61,0.008
242.69,0.008
242.817,0.008
242.85,0
242.89,0
242.97,0
243.01,0
243.09,0
243.17,0
243.21,0.008
243.29,0.008
243.37,0.008
243.41,0.008
243.491,0.008
243.57,0.008
243.61,0
243.69,0.008
243.771,0.008
243.811,0
243.89,0
243.97,0
244.01,0
244.09,0
244.17,0
244.211,0
244.29,0.008
244.37,0.008
244.456,0
244.49,0.008
244.57,0
244.61,0
244.69,0
244.77,0
244.81,0
244.89,0
244.97,0
245.01,0
245.09,0
245.171,0
245.211,0
245.29,0
245.37,0
245.41,0
245.49,0
245.57,0
245.61,0
245.69,0
245.77,0
245.81,0
245.89,0
245.97,0
246.01,0
246.137,0
246.17,0
246.21,0
246.29,0
246.37,0
246.41,0
246.49,0
246.59,0
246.61,0
246.69,0
246.77,0
246.811,0
246.89,0
246.97,0
247.01,0
247.09,0.032
247.17,0.056
247.21,0
247.29,0.056
247.37,0.056
247.41,0
247.49,0.056
247.57,0.048
247.61,0
247.69,0.048
247.797,0.048
247.814,0
247.89,0.04
247.97,0.04
248.01,0
248.09,0.04
248.17,0.04
248.211,0
248.29,0.04
248.37,0.04
248.41,0
248.49,0.016
248.57,0.032
248.61,0
248.69,0.008
248.77,0
248.81,0
248.89,0
248.97,0
249.01,0
249.09,0
249.17,0
249.21,0
249.29,0
249.37,0
249.457,0
249.49,0
249.57,0
249.61,0
249.69,0
249.77,0
249.81,0
249.89,0
249.97,0
250.01,0
250.09,0
250.171,0
250.21,0
250.29,0
250.37,0
250.41,0
250.49,0
250.57,0
250.61,0
250.69,0
250.77,0
250.81,0
250.89,0
250.97,0
251.01,0
251.136,0
251.17,0
251.21,0
251.29,0
251.37,0
251.41,0
251.49,0
251.57,0
251.61,0
251.69,0
251.77,0
251.811,0
251.89,0
251.97,0.032
252.01,0
252.09,0.064
252.171,0.064
252.21,0
252.29,0.088
252.37,0.088
252.41,0
252.49,0.088
252.57,0.048
252.61,0
252.69,0.048
252.816,0.048
252.833,0
252.89,0.072
252.97,0.072
253.01,0
253.09,0.072
253.17,0.072
253.21,0
253.29,0.104
253.37,0.104
253.41,0
253.491,0.104
253.571,0.096
253.61,0
253.69,0.088
253.77,0.04
253.81,0
253.89,0
253.97,0
254.01,0
254.091,0
254.17,0
254.211,0
254.29,0
254.37,0
254.455,0
254.51,0
254.57,0
254.61,0
254.69,0
254.77,0
254.81,0
254.89,0
254.97,0
255.01,0
255.09,0
255.17,0
255.211,0
255.29,0
255.37,0
255.41,0
255.49,0.008
255.57,0
255.61,0
255.69,0
255.77,0
255.811,0
255.89,0
255.97,0
256.011,0
256.135,0
256.17,0
256.21,0
256.29,0.008
256.37,0
256.41,0
256.49,0
256.57,0.008
256.61,0
256.69,0.008
256.77,0.008
256.811,0
256.89,0.016
256.971,0.032
257.01,0
257.09,0.04
257.171,0.024
257.211,0
257.291,0.016
257.371,0.016
257.41,0
257.491,0
257.571,0.008
257.61,0.008
257.691,0.008
257.816,0.016
257.833,0
257.89,0.016
257.97,0.016
258.01,0
258.09,0.008
258.17,0.008
258.21,0
258.29,0.04
258.37,0.032
258.41,0.032
258.491,0.064
258.57,0.072
258.61,0.04
258.69,0.08
258.77,0.056
258.81,0
258.89,0.032
258.971,0.04
259.01,0
259.09,0.048
259.17,0.056
259.21,0.008
259.29,0.056
259.37,0.04
259.436,0.008
259.49,0.04
259.57,0.032
259.61,0.008
259.69,0.04
259.77,0.056
259.81,0
259.89,0.024
259.97,0.056
260.01,0
260.09,0.048
260.17,0.048
260.211,0
260.29,0.04
260.37,0.04
260.41,0.008
260.49,0.048
260.57,0.032
260.61,0
260.691,0.016
260.77,0.016
260.811,0
260.891,0.032
260.97,0.032
261.01,0
261.136,0.048
261.171,0.048
261.21,0
261.29,0.024
261.37,0.008
261.41,0.008
261.49,0.016
261.57,0.024
261.61,0.008
261.69,0.024
261.77,0.024
261.811,0.016
261.891,0.016
261.97,0.016
262.01,0.016
262.09,0.016
262.17,0.016
262.21,0.008
262.29,0.032
262.37,0.024
262.41,0.016
262.491,0.024
262.57,0.016
262.611,0.016
262.69,0.016
262.797,0.016
262.814,0
262.89,0
262.97,0
263.01,0
263.09,0
263.17,0
263.21,0
263.29,0
263.37,0
263.41,0
263.491,0
263.57,0
263.61,0
263.691,0
263.77,0
263.81,0
263.89,0
263.97,0.008
264.01,0
264.09,0.008
264.17,0.008
264.21,0
264.29,0
264.37,0
264.455,0
264.49,0.008
264.57,0.016
264.61,0
264.69,0.016
264.77,0.008
264.81,0.008
264.89,0.016
264.97,0.016
265.01,0
265.09,0
265.171,0
265.211,0
265.29,0
265.37,0.008
265.41,0
265.491,0.008
265.57,0.008
265.61,0
265.691,0
265.77,0
265.81,0
265.891,0.016
265.97,0.016
266.01,0
266.136,0
266.17,0
266.21,0
266.29,0
266.37,0
266.41,0
266.49,0
266.57,0
266.61,0
266.69,0
266.77,0
266.811,0
266.891,0
266.971,0
267.01,0
267.09,0
267.17,0
267.21,0
267.29,0
267.37,0
267.41,0
267.49,0
267.57,0
267.61,0
267.69,0.008
267.816,0.008
267.833,0
267.89,0.008
267.97,0
268.01,0
268.091,0
268.17,0
268.211,0
268.29,0.008
268.37,0.008
268.41,0
268.491,0.008
268.571,0
268.61,0
268.69,0
268.771,0
268.81,0
268.89,0
268.97,0
269.01,0
269.09,0
269.17,0
269.21,0
269.29,0
269.37,0
269.456,0
269.49,0
269.57,0
269.61,0
269.69,0
269.77,0
269.81,0
269.891,0
269.97,0
270.01,0
270.09,0
270.171,0
270.211,0
270.291,0
270.371,0
270.41,0
270.491,0
270.57,0
270.61,0
270.691,0
270.77,0
270.811,0
270.891,0
270.97,0
271.01,0
277.816,0
277.833,0
271.157,0
271.237,0
271.277,0
271.358,0
271.437,0
271.477,0
271.557,0
271.637,0
271.677,0
271.778,0
271.837,0
271.877,0
271.957,0
272.037,0
272.077,0
272.157,0
272.237,0
272.278,0
272.357,0
272.438,0
272.477,0
272.558,0
272.638,0
272.722,0
272.778,0
272.837,0
272.877,0
272.977,0
273.037,0
273.077,0
273.157,0
273.237,0
273.277,0
273.357,0
273.438,0
273.477,0
273.557,0
273.637,0
273.677,0
273.758,0
273.838,0
273.877,0
273.958,0
274.038,0
274.077,0
274.158,0
274.238,0
274.277,0
274.383,0
274.437,0
274.477,0
274.557,0
274.637,0.016
274.677,0
274.757,0.008
274.837,0
274.878,0
274.957,0
275.038,0
275.078,0
275.157,0
275.237,0
275.278,0
275.357,0
275.438,0
275.477,0
275.558,0.008
275.638,0
275.677,0
275.758,0
275.838,0.008
275.877,0.008
275.958,0.008
276.082,0
276.099,0.008
276.158,0
276.237,0
276.277,0
276.357,0
276.437,0
276.477,0
276.557,0
276.637,0
276.677,0
276.758,0
276.837,0.008
276.877,0.008
276.958,0.008
277.037,0.04
277.077,0.008
277.158,0.024
277.237,0.024
277.277,0
277.358,0.032
277.437,0.032
277.477,0.008
277.558,0.056
277.637,0.032
277.722,0.008
277.757,0.064
277.837,0.056
277.877,0.032
277.957,0.04
278.037,0.056
278.077,0.016
278.157,0.064
278.237,0.064
278.277,0.024
278.357,0.072
278.438,0.08
278.478,0.04
278.558,0.08
278.637,0.096
278.677,0.056
278.757,0.128
278.837,0.144
278.877,0.048
278.957,0.136
279.038,0.12
279.078,0.056
279.157,0.104
279.237,0.104
279.278,0.056
279.362,0.104
279.437,0.104
279.477,0.064
279.557,0.096
279.637,0.12
279.677,0.088
279.758,0.16
279.837,0.152
279.877,0.096
279.957,0.152
280.037,0.152
280.078,0.096
280.158,0.216
280.238,0.28
280.277,0.136
280.358,0.296
280.438,0.32
280.478,0.16
280.557,0.304
280.637,0.32
280.677,0.2
280.757,0.328
280.838,0.36
280.877,0.264
280.957,0.36
281.083,0.36
281.1,0.312
281.157,0.192
281.237,0.192
281.277,0.176
281.357,0.192
281.437,0.192
281.478,0.192
281.557,0.208
281.637,0.208
281.678,0.2
281.758,0.208
281.838,0.208
281.877,0.208
281.958,0.208
282.038,0.208
282.078,0.192
282.158,0.32
282.238,0.32
282.277,0.264
282.358,0.32
282.438,0.32
282.478,0.272
282.568,0.336
282.647,0.336
282.711,0.336
282.767,0.336
282.847,0.296
282.887,0.296
282.987,0.296
283.047,0.296
283.087,0.296
283.167,0.264
283.247,0.344
283.287,0.24
283.367,0.344
283.448,0.344
283.487,0.296
283.567,0.392
283.647,0.392
283.687,0.392
283.767,0.392
283.847,0.264
283.887,0.264
283.967,0.264
284.047,0.264
284.087,0.264
284.167,0.336
284.247,0.336
284.287,0.336
284.391,0.336
284.447,0.336
284.491,0.48
284.567,0.48
284.647,0.464
284.687,0.456
284.767,0.456
284.847,0.552
284.887,0.544
284.967,0.552
285.047,0.536
285.088,0.528
285.168,0.656
285.248,0.656
285.288,0.656
285.367,0.656
285.448,0.656
285.491,0.64
285.568,0.64
285.647,0.64
285.687,0.632
285.767,0.624
285.848,0.552
285.887,0.552
285.968,0.552
286.072,0.552
286.089,0.552
286.167,0.776
286.247,0.776
286.287,0.776
286.367,0.776
286.447,0.776
286.491,0.64
286.567,0.64
286.647,0.64
286.687,0.64
286.768,0.64
286.849,0.544
286.887,0.544
286.967,0.544
287.047,0.544
287.088,0.536
287.167,0.8
287.249,0.8
287.287,0.8
287.37,0.8
287.449,0.8
287.491,0.704
287.569,0.704
287.647,0.704
287.734,0.688
287.768,0.704
287.847,0.584
287.887,0.576
287.968,0.584
288.047,0.584
288.089,0.576
288.167,0.688
288.247,0.688
288.288,0.688
288.367,0.688
288.449,0.68
288.491,0.512
288.568,0.52
288.649,0.512
288.688,0.512
288.768,0.512
288.849,0.632
288.889,0.632
288.967,0.632
289.049,0.632
289.089,0.632
289.169,0.8
289.249,0.8
289.288,0.8
289.391,0.8
289.449,0.792
289.488,0.6
289.568,0.6
289.649,0.6
289.688,0.6
289.768,0.568
289.849,0.696
289.889,0.696
289.968,0.696
290.049,0.696
290.088,0.688
290.169,0.776
290.249,0.776
290.288,0.752
290.368,0.76
290.449,0.752
290.491,0.584
290.568,0.592
290.649,0.592
290.688,0.576
290.768,0.576
290.849,0.472
290.889,0.472
290.968,0.472
291.092,0.472
291.109,0.464
291.169,0.448
291.249,0.456
291.288,0.456
291.368,0.448
291.449,0.44
291.491,0.472
291.568,0.48
291.649,0.48
291.689,0.472
291.768,0.472
291.849,0.408
291.889,0.408
291.968,0.408
292.049,0.408
292.088,0.408
292.169,0.696
292.249,0.688
292.289,0.688
292.368,0.688
292.449,0.688
292.491,0.696
292.568,0.696
292.649,0.696
292.732,0.688
292.787,0.688
292.849,0.664
292.888,0.664
292.968,0.672
293.048,0.672
293.088,0.664
293.169,0.8
293.249,0.8
293.288,0.8
293.368,0.8
293.449,0.792
293.491,0.792
293.568,0.8
293.649,0.8
293.688,0.784
293.77,0.784
293.849,0.8
293.889,0.792
293.968,0.8
294.049,0.784
294.088,0.784
294.169,0.792
294.25,0.792
294.288,0.776
294.372,0.768
294.449,0.768
294.492,0.664
294.568,0.664
294.649,0.664
294.688,0.664
294.768,0.664
294.849,0.768
294.889,0.768
294.968,0.776
295.049,0.776
295.088,0.768
295.169,0.8
295.249,0.8
295.288,0.8
295.368,0.8
295.449,0.8
295.491,0.792
295.568,0.8
295.649,0.8
295.688,0.792
295.769,0.8
295.849,0.784
295.889,0.776
295.969,0.768
296.092,0.744
296.109,0.736
296.169,0.792
296.249,0.752
296.288,0.736
296.368,0.728
296.449,0.72
296.491,0.8
296.568,0.8
296.649,0.792
296.689,0.784
296.769,0.784
296.849,0.688
296.889,0.688
296.969,0.672
297.049,0.672
297.088,0.664
297.169,0.528
297.249,0.528
297.288,0.528
297.368,0.52
297.449,0.52
297.491,0.544
297.568,0.544
297.649,0.536
297.711,0.536
297.768,0.536
297.849,0.472
297.889,0.472
297.968,0.464
298.049,0.456
298.088,0.448
298.169,0.448
298.249,0.448
298.288,0.432
298.369,0.432
298.449,0.424
298.491,0.44
298.568,0.424
298.649,0.416
298.689,0.416
298.768,0.416
298.849,0.536
298.889,0.528
298.968,0.528
299.049,0.512
299.089,0.504
299.169,0.296
299.249,0.296
299.288,0.296
299.412,0.296
299.449,0.28
299.491,0.408
299.568,0.408
299.649,0.4
299.688,0.4
299.768,0.4
299.849,0.464
299.889,0.448
299.969,0.456
300.049,0.456
300.089,0.456
300.17,0.456
300.249,0.456
300.288,0.456
300.368,0.456
300.449,0.456
300.491,0.568
300.568,0.568
300.649,0.568
300.689,0.56
300.768,0.56
300.849,0.576
300.889,0.576
300.969,0.576
301.071,0.576
301.088,0.576
301.17,0.64
301.249,0.64
301.288,0.64
301.368,0.64
301.449,0.64
301.492,0.552
301.568,0.56
301.649,0.552
301.688,0.552
301.768,0.56
301.849,0.576
301.889,0.568
301.968,0.568
302.049,0.568
302.088,0.568
302.169,0.624
302.249,0.624
302.288,0.624
302.368,0.624
302.428,0.624
302.491,0.696
302.568,0.696
302.649,0.688
302.692,0.688
302.768,0.688
302.849,0.632
302.889,0.632
302.968,0.632
303.049,0.632
303.088,0.616
303.169,0.6
303.228,0.6
303.288,0.6
303.368,0.6
303.449,0.6
303.491,0.728
303.568,0.728
303.629,0.728
303.688,0.728
303.768,0.728
303.828,0.72
303.889,0.72
303.948,0.704
304.028,0.704
304.088,0.704
304.148,0.648
304.228,0.648
304.288,0.648
304.372,0.648
304.428,0.648
304.468,0.576
304.548,0.576
304.628,0.576
304.668,0.56
304.748,0.56
304.828,0.656
304.868,0.656
304.948,0.656
305.028,0.656
305.068,0.656
305.148,0.648
305.228,0.648
305.268,0.648
305.348,0.648
305.428,0.64
305.468,0.664
305.548,0.664
305.628,0.664
305.668,0.664
305.748,0.664
305.828,0.8
305.868,0.8
305.948,0.8
306.092,0.792
306.109,0.744
306.148,0.528
306.228,0.536
306.267,0.528
306.348,0.528
306.428,0.52
306.468,0.592
306.548,0.592
306.628,0.592
306.668,0.592
306.748,0.592
306.828,0.664
306.868,0.656
306.948,0.656
307.028,0.656
307.068,0.656
307.148,0.76
307.228,0.752
307.267,0.752
307.348,0.752
307.428,0.752
307.468,0.8
307.548,0.8
307.628,0.8
307.692,0.8
307.748,0.768
307.828,0.6
307.867,0.6
307.948,0.56
308.028,0.56
308.068,0.56
308.148,0.608
308.228,0.608
308.268,0.6
308.348,0.592
308.428,0.584
308.468,0.664
308.548,0.664
308.628,0.624
308.668,0.6
308.748,0.6
308.848,0.68
308.868,0.68
308.948,0.672
309.028,0.664
309.068,0.656
309.148,0.4
309.228,0.4
309.268,0.392
309.412,0.392
309.429,0.392
309.468,0.376
309.548,0.376
309.628,0.376
309.667,0.376
309.748,0.376
309.828,0.336
309.867,0.336
309.947,0.336
310.028,0.328
310.068,0.328
310.148,0.312
310.228,0.312
310.267,0.312
310.348,0.312
310.427,0.304
310.468,0.352
310.557,0.344
310.637,0.344
310.677,0.344
310.757,0.344
310.837,0.336
310.877,0.336
310.957,0.336
311.061,0.336
311.078,0.336
311.157,0.368
311.237,0.368
311.277,0.368
311.357,0.368
311.437,0.36
311.477,0.352
311.557,0.336
311.637,0.336
311.738,0.336
311.818,0.336
311.898,0.416
311.938,0.424
312.018,0.408
312.098,0.408
312.138,0.408
312.218,0.504
312.298,0.504
312.337,0.504
312.418,0.504
312.498,0.504
312.538,0.416
312.617,0.416
312.698,0.416
312.78,0.416
312.817,0.416
312.897,0.432
312.937,0.432
313.017,0.432
313.097,0.432
313.137,0.432
313.217,0.424
313.297,0.424
313.337,0.424
313.417,0.424
313.498,0.424
313.537,0.528
313.617,0.512
313.697,0.488
313.737,0.488
313.817,0.48
313.898,0.48
313.937,0.472
314.017,0.464
314.098,0.456
314.138,0.456
314.217,0.624
314.298,0.576
314.337,0.568
314.421,0.568
314.497,0.568
314.537,0.496
314.618,0.488
314.697,0.496
314.737,0.496
314.817,0.496
314.897,0.704
314.937,0.704
315.017,0.688
315.097,0.688
315.138,0.664
315.217,0.752
315.297,0.752
315.337,0.728
315.417,0.72
315.497,0.704
315.538,0.792
315.617,0.792
315.698,0.768
315.737,0.768
315.818,0.768
315.897,0.64
315.937,0.64
316.017,0.64
316.122,0.64
316.139,0.64
316.217,0.448
316.297,0.432
316.337,0.432
316.418,0.432
316.498,0.416
316.538,0.488
316.617,0.488
316.698,0.488
316.737,0.48
316.818,0.472
316.897,0.32
316.937,0.312
317.017,0.312
317.118,0.312
317.138,0.304
317.218,0.416
317.297,0.416
317.337,0.4
317.417,0.392
317.498,0.384
317.538,0.512
317.617,0.504
317.697,0.472
317.781,0.472
317.817,0.456
317.897,0.384
317.937,0.352
318.017,0.352
318.097,0.336
318.137,0.336
318.217,0.224
318.297,0.224
318.337,0.192
318.417,0.184
318.518,0.16
318.538,0.168
318.617,0.168
318.698,0.144
318.737,0.136
318.818,0.128
318.897,0.08
318.938,0.064
319.018,0.056
319.098,0.048
319.138,0.048
319.217,0.04
319.297,0.04
319.337,0.016
319.461,0.008
319.517,0.008
319.537,0.008
319.617,0
319.697,0
319.737,0
319.817,0.024
319.897,0
319.937,0
320.017,0
320.097,0
320.138,0
320.217,0
320.298,0
320.338,0
320.418,0
320.498,0
320.538,0
320.617,0.008
320.698,0
320.737,0
320.817,0.008
320.897,0.016
320.937,0.008
321.017,0.016
321.142,0.016
321.159,0
321.217,0.008
321.297,0
321.338,0
321.417,0.008
321.497,0
321.537,0
321.617,0.008
321.697,0.008
321.737,0
321.818,0
321.898,0.024
321.937,0.008
326.135,0.024
322.041,0
326.207,0
322.162,0.04
322.201,0.008
322.281,0.008
322.361,0
322.402,0
322.481,0.008
322.562,0.024
322.601,0.024
322.682,0.024
322.762,0.016
322.802,0
322.882,0
322.962,0
323.002,0
323.082,0.048
323.162,0.048
323.202,0
323.281,0.016
323.362,0.016
323.401,0
323.481,0
323.562,0.032
323.648,0.032
323.682,0.032
323.761,0.008
323.801,0
323.881,0
323.961,0.016
324.001,0.024
324.081,0.064
324.162,0.048
324.202,0
324.282,0.008
324.362,0.016
324.402,0.008
324.482,0.008
324.562,0.04
324.602,0.024
324.682,0.04
324.762,0.016
324.801,0
324.881,0
324.962,0.008
325.001,0.008
325.082,0.048
325.162,0.032
325.201,0
325.328,0.008
325.362,0
325.401,0
325.481,0.008
325.561,0.008
325.601,0
325.681,0.016
325.761,0.016
325.801,0
325.881,0
325.962,0
326.002,0.008
326.082,0.032
326.162,0.024
326.202,0.024
326.282,0
326.362,0.008
326.402,0
326.482,0.016
326.562,0.032
326.602,0.008
326.682,0.048
326.762,0.024
326.801,0
326.882,0
327.008,0.016
327.025,0.016
327.081,0.024
327.162,0.016
327.201,0
327.281,0
327.361,0
327.401,0
327.481,0.024
327.562,0.024
327.601,0.024
327.682,0.024
327.762,0.024
327.802,0.08
327.882,0.08
327.962,0.08
328.002,0.072
328.082,0.072
328.162,0.104
328.202,0.064
328.282,0.08
328.362,0.04
328.402,0.032
328.482,0.176
328.562,0.168
328.647,0.16
328.682,0.16
328.762,0.152
328.802,0.16
328.882,0.16
328.962,0.16
329.002,0.16
329.082,0.16
329.162,0.288
329.201,0.28
329.281,0.288
329.362,0.28
329.402,0.272
329.481,0.28
329.562,0.28
329.601,0.264
329.681,0.264
329.761,0.264
329.801,0.32
329.881,0.32
329.961,0.32
330.001,0.312
330.081,0.304
330.162,0.232
330.201,0.232
330.308,0.232
330.362,0.208
330.402,0.208
330.482,0.256
330.562,0.24
330.602,0.216
330.682,0.192
330.762,0.152
330.802,0.128
330.882,0.12
330.961,0.12
331.002,0.12
331.082,0.104
331.162,0.176
331.202,0.176
331.282,0.168
331.362,0.168
331.402,0.16
331.482,0.184
331.562,0.184
331.601,0.184
331.682,0.184
331.762,0.176
331.802,0.176
331.882,0.176
332.007,0.176
332.024,0.176
332.081,0.16
332.161,0.208
332.201,0.216
332.281,0.216
332.361,0.216
332.401,0.216
332.481,0.144
332.561,0.144
332.601,0.144
332.682,0.136
332.762,0.136
332.801,0.216
332.882,0.216
332.962,0.2
333.002,0.208
333.082,0.2
333.162,0.248
333.202,0.256
333.282,0.248
333.362,0.248
333.402,0.232
333.482,0.152
333.562,0.152
333.647,0.152
333.682,0.152
333.761,0.152
333.801,0.144
333.882,0.144
333.962,0.104
334.001,0.096
334.081,0.096
334.162,0.088
334.201,0.08
334.281,0.08
334.362,0.072
334.402,0.056
334.482,0.016
334.562,0.016
334.602,0.016
334.682,0.016
334.762,0.016
334.802,0.08
334.882,0.072
334.962,0.08
335.002,0.08
335.082,0.08
335.162,0.104
335.202,0.104
335.327,0.104
335.362,0.104
335.401,0.104
335.482,0.104
335.562,0.104
335.602,0.104
335.682,0.104
335.762,0.104
335.801,0.128
335.882,0.128
335.962,0.128
336.002,0.128
336.082,0.128
336.162,0.128
336.202,0.128
336.282,0.128
336.362,0.128
336.402,0.128
336.482,0.112
336.562,0.08
336.602,0.08
336.682,0.08
336.762,0.08
336.801,0.176
336.882,0.16
337.006,0.16
337.042,0.16
337.082,0.16
337.162,0.184
337.202,0.152
337.282,0.136
337.362,0.128
337.402,0.112
337.482,0.168
337.562,0.168
337.601,0.168
337.682,0.168
337.762,0.168
337.801,0.328
337.882,0.336
337.962,0.344
338.002,0.336
338.081,0.344
338.162,0.136
338.201,0.136
338.281,0.144
338.361,0.136
338.402,0.136
338.482,0.096
338.561,0.096
338.605,0.096
338.681,0.096
338.761,0.096
338.801,0.088
338.882,0.088
338.962,0.088
339.002,0.088
339.082,0.088
339.162,0.08
339.202,0.08
339.282,0.08
339.362,0.08
339.402,0.08
339.482,0.08
339.562,0.08
339.602,0.08
339.682,0.08
339.762,0.08
339.801,0.072
339.881,0.072
339.961,0.072
340.002,0.072
340.082,0.072
340.162,0.104
340.202,0.104
340.326,0.104
340.362,0.104
340.401,0.104
340.482,0.064
340.561,0.064
340.601,0.064
340.682,0.064
340.762,0.064
340.801,0.064
340.881,0.064
340.961,0.048
341.002,0.04
341.082,0.024
341.162,0.024
341.202,0
341.282,0
341.362,0
341.401,0
341.482,0
341.562,0
341.602,0
341.682,0
341.762,0
341.802,0
341.882,0
342.006,0
342.023,0
342.082,0
342.162,0
342.202,0
342.282,0
342.382,0
342.401,0
342.482,0
342.561,0
342.601,0
342.682,0
342.762,0
342.801,0
342.881,0
342.961,0
343.001,0
343.081,0
343.162,0
343.202,0
343.282,0
343.362,0
343.402,0
343.482,0
343.562,0
343.646,0
343.682,0
343.762,0
343.801,0
343.901,0
343.961,0
344.001,0
344.082,0
344.162,0
344.201,0
344.281,0
344.362,0
344.402,0
344.482,0
344.562,0
344.602,0
344.682,0
344.761,0
344.802,0
344.882,0
344.961,0
345.001,0
345.082,0
345.162,0
345.202,0
345.327,0
345.361,0
345.402,0
345.481,0
345.562,0
345.601,0
345.682,0
345.762,0
345.802,0
345.882,0
345.962,0
352.008,0
346.052,0
352.082,0
346.189,0
346.229,0
346.308,0
346.389,0
346.429,0
346.509,0
346.589,0
346.628,0
346.709,0
346.789,0
346.829,0
346.908,0
346.989,0
347.029,0
347.109,0
347.189,0
347.229,0
347.309,0
347.388,0
347.429,0
347.508,0
347.589,0
347.674,0
347.709,0
347.789,0
347.829,0
347.908,0
347.988,0
348.028,0
348.108,0
348.189,0
348.228,0
348.308,0
348.389,0
348.429,0
348.509,0
348.589,0
348.628,0
348.709,0
348.789,0
348.828,0
348.909,0
348.989,0
349.028,0
349.108,0
349.189,0
349.228,0
349.355,0
349.389,0
349.429,0
349.508,0
349.589,0
349.628,0
349.709,0
349.788,0
349.829,0
349.909,0
349.989,0
350.029,0
350.109,0.008
350.189,0
350.229,0
350.309,0
350.389,0
350.429,0.096
350.509,0.096
350.589,0.096
350.629,0.08
350.709,0.08
350.789,0.144
350.829,0.144
350.909,0.144
351.034,0.144
351.051,0.144
351.109,0.16
351.189,0.16
351.229,0.16
351.309,0.16
351.389,0.16
351.429,0.184
351.509,0.184
351.589,0.184
351.628,0.184
351.709,0.184
351.789,0.136
351.829,0.136
351.909,0.136
351.989,0.136
352.029,0.136
352.109,0.192
352.189,0.192
352.229,0.192
352.309,0.192
352.389,0.192
352.429,0.16
352.509,0.16
352.589,0.16
352.672,0.16
352.709,0.16
352.789,0.144
352.829,0.144
352.909,0.144
352.989,0.144
353.029,0.136
353.109,0.12
353.189,0.12
353.229,0.12
353.309,0.12
353.389,0.12
353.429,0.12
353.509,0.12
353.589,0.12
353.629,0.064
353.709,0.12
353.789,0.208
353.828,0.144
353.909,0.208
353.989,0.208
354.029,0.144
354.109,0.152
354.189,0.152
354.228,0.152
354.332,0.152
354.389,0.152
354.428,0.096
354.509,0.096
354.589,0.096
354.628,0.096
354.709,0.096
354.789,0.136
354.828,0.136
354.909,0.136
354.989,0.136
355.029,0.136
355.109,0.168
355.189,0.16
355.229,0.16
355.309,0.152
355.389,0.144
355.429,0.224
355.509,0.224
355.589,0.224
355.629,0.224
355.709,0.224
355.789,0.216
355.829,0.208
355.909,0.216
355.993,0.216
356.028,0.184
356.109,0.248
356.189,0.248
356.228,0.192
356.309,0.248
356.389,0.248
356.429,0.16
356.509,0.232
356.589,0.232
356.629,0.152
356.709,0.232
356.789,0.2
356.829,0.152
356.909,0.192
356.989,0.2
357.029,0.144
357.109,0.376
357.189,0.32
357.229,0.312
357.309,0.312
357.389,0.312
357.429,0.352
357.509,0.36
357.589,0.36
357.652,0.352
357.709,0.352
357.788,0.256
357.829,0.256
357.909,0.256
357.989,0.248
358.029,0.232
358.109,0.28
358.189,0.28
358.229,0.272
358.309,0.272
358.389,0.272
358.428,0.344
358.509,0.344
358.589,0.344
358.629,0.336
358.709,0.344
358.789,0.352
358.829,0.264
358.909,0.328
358.989,0.32
359.029,0.224
359.109,0.392
359.189,0.384
359.229,0.328
359.332,0.392
359.389,0.368
359.429,0.288
359.509,0.352
359.589,0.344
359.629,0.24
359.709,0.336
359.789,0.288
359.828,0.24
359.909,0.296
359.988,0.328
360.029,0.248
360.109,0.28
360.189,0.272
360.228,0.272
360.309,0.272
360.389,0.272
360.429,0.224
360.509,0.232
360.589,0.232
360.629,0.224
360.709,0.248
360.789,0.296
360.829,0.248
360.909,0.296
361.013,0.296
361.03,0.224
361.109,0.248
361.189,0.248
361.229,0.2
361.309,0.248
361.389,0.248
361.429,0.272
361.509,0.272
361.589,0.312
361.629,0.264
361.709,0.272
361.789,0.312
361.829,0.264
361.909,0.312
361.989,0.272
362.029,0.264
362.109,0.336
362.189,0.336
362.229,0.336
362.309,0.344
362.389,0.336
362.429,0.232
362.509,0.28
362.589,0.28
362.672,0.136
362.709,0.28
362.789,0.368
362.829,0.216
362.909,0.368
362.989,0.368
363.029,0.208
363.109,0.32
363.189,0.208
363.228,0.192
363.309,0.208
363.389,0.208
363.429,0.248
363.509,0.256
363.589,0.256
363.629,0.24
363.709,0.248
363.789,0.264
363.829,0.256
363.909,0.272
363.989,0.28
364.029,0.104
364.109,0.216
364.189,0.216
364.229,0.096
364.312,0.208
364.389,0.224
364.429,0.08
364.504,0.208
364.584,0.184
364.623,0.08
364.704,0.144
364.784,0.112
364.824,0.096
364.904,0.096
364.984,0.096
365.024,0.096
365.104,0.088
365.184,0.088
365.224,0.088
365.304,0.088
365.384,0.088
365.424,0.072
365.504,0.08
365.584,0.072
365.624,0.072
365.704,0.08
365.784,0.064
365.824,0.064
365.904,0.064
366.027,0.064
366.064,0.04
366.104,0.08
366.184,0.08
366.224,0
366.304,0.08
366.384,0.08
366.424,0.008
366.524,0.064
366.584,0.064
366.624,0.032
366.704,0.056
366.784,0.008
366.824,0
366.904,0
366.984,0
367.024,0
367.104,0.008
367.184,0.016
367.224,0.008
367.304,0.032
367.384,0.008
367.424,0.024
367.504,0.04
367.584,0.04
367.667,0.016
367.704,0.032
367.784,0.056
367.824,0.04
367.904,0.072
367.984,0.048
368.024,0.04
368.104,0.072
368.184,0.064
368.224,0.048
368.304,0.064
368.384,0.064
368.424,0.088
368.504,0.104
368.584,0.096
368.624,0.088
368.704,0.096
368.784,0.144
368.823,0.144
368.904,0.136
368.984,0.136
369.024,0.136
369.104,0.16
369.184,0.16
369.223,0.16
369.327,0.16
369.384,0.16
369.423,0.168
369.504,0.168
369.584,0.168
369.624,0.168
369.704,0.168
369.784,0.2
369.824,0.2
369.904,0.2
369.984,0.2
370.024,0.2
370.104,0.232
370.184,0.232
370.224,0.232
370.304,0.232
370.384,0.232
370.424,0.176
370.504,0.224
370.584,0.224
370.624,0.176
370.704,0.224
370.784,0.256
370.824,0.184
370.904,0.256
371.027,0.256
371.044,0.184
371.104,0.232
371.184,0.232
371.224,0.176
371.304,0.24
371.384,0.232
371.424,0.216
371.504,0.304
371.584,0.304
371.624,0.12
371.704,0.288
371.784,0.264
371.824,0.104
371.904,0.224
371.984,0.232
372.024,0.04
372.104,0.248
372.184,0.216
372.224,0.032
372.304,0.248
372.384,0.248
372.424,0.072
372.504,0.224
372.584,0.224
372.627,0.048
372.704,0.224
372.784,0.168
372.824,0.04
372.904,0.16
372.984,0.136
373.024,0.032
373.104,0.096
373.184,0.064
373.224,0.048
373.304,0.056
373.384,0.056
373.424,0.048
373.504,0.048
373.584,0.056
373.624,0.048
373.704,0.056
373.784,0.056
373.824,0
373.904,0.056
373.984,0.056
374.024,0.008
374.104,0.048
374.184,0.064
374.224,0
374.347,0.072
374.384,0.064
374.424,0.016
374.504,0.072
374.584,0.072
374.624,0.016
374.704,0.048
374.784,0.064
374.824,0.056
374.904,0.056
374.984,0.056
375.024,0.032
375.104,0.04
375.184,0.04
375.224,0.04
375.304,0.04
375.384,0.04
375.424,0.016
375.504,0.04
375.584,0.048
375.624,0.016
375.704,0.048
375.784,0.048
375.824,0.016
375.904,0.056
375.988,0.056
376.024,0.008
376.104,0.088
376.184,0.088
376.224,0
376.304,0.088
376.384,0.088
376.424,0.008
376.504,0.096
376.584,0.08
376.624,0
376.704,0.072
376.784,0.08
376.824,0
376.904,0.064
376.984,0.072
377.024,0
377.104,0.04
377.184,0.04
377.224,0
377.304,0.04
377.384,0.032
377.424,0
377.504,0.008
377.584,0.008
377.668,0
377.704,0
377.784,0
377.824,0
377.904,0
377.984,0
378.024,0
378.104,0
378.184,0
378.224,0
378.304,0
378.384,0
378.424,0
378.504,0
378.584,0
378.624,0
378.704,0
378.784,0
378.824,0
378.904,0
378.984,0
379.024,0
379.104,0.008
379.184,0
379.224,0.008
379.347,0.008
379.384,0.008
379.424,0
379.504,0
379.584,0
379.624,0
379.704,0
379.784,0
379.824,0
379.904,0
379.984,0
380.024,0
380.104,0
380.184,0.008
380.224,0
380.304,0.032
380.384,0.024
380.424,0
380.504,0.008
380.584,0.008
380.624,0
380.704,0
380.784,0
380.824,0
380.904,0
381.008,0
381.025,0
381.104,0
381.184,0
381.223,0
381.304,0
381.384,0
381.423,0
381.497,0
381.577,0
381.616,0
381.697,0
381.777,0.008
381.817,0
381.897,0.008
381.977,0
382.017,0
382.097,0
