0.119987,0.125061
0.1,0.125061
0.119987,0.125061
0.2,0.125061
0.280013,0.125061
0.319987,0.181413
0.4,0.181413
0.480013,0.181413
0.519987,0.181413
0.6,0.181413
0.680013,0.20248
0.719987,0.20248
0.8,0.20248
0.880013,0.20248
0.919987,0.20248
1,0.213384
1.08001,0.213384
1.11999,0.213384
1.2,0.213384
1.30404,0.213384
1.32103,0.224278
1.4,0.224278
1.48001,0.224278
1.54004,0.224278
1.6,0.224278
1.68001,0.229807
1.71999,0.229807
1.8,0.229807
1.88001,0.229807
1.91999,0.229807
2,0.231463
2.08001,0.231463
2.11999,0.231463
2.2,0.231463
2.28001,0.231463
2.31999,0.232947
2.4,0.232947
2.48001,0.232947
2.51999,0.232947
2.6,0.232947
2.68001,0.23628
2.71999,0.23628
2.8,0.23628
2.88001,0.23628
2.964,0.23628
3,0.242093
3.08001,0.242093
3.11999,0.242093
3.2,0.242093
3.28001,0.242093
3.31999,0.242795
3.4,0.242795
3.48001,0.242795
3.51999,0.242795
3.6,0.242795
3.68001,0.245081
3.71999,0.245081
3.8,0.245081
3.88001,0.245081
3.91999,0.245081
4,0.242581
4.08001,0.242581
4.11999,0.242581
4.2,0.242581
4.28001,0.242581
4.31999,0.241951
4.4,0.241951
4.48001,0.241951
4.51999,0.241951
4.64401,0.241951
4.68001,0.24564
4.71999,0.24564
4.8,0.24564
4.88001,0.24564
4.91999,0.24564
5,0.249533
5.08001,0.249533
5.11999,0.249533
5.2,0.249533
5.28001,0.249533
5.31999,0.258679
5.4,0.258679
5.48001,0.258679
5.51999,0.258679
5.6,0.258679
5.68001,0.295671
5.71999,0.295671
5.8,0.295671
5.88001,0.295671
5.91999,0.295671
6,0.314848
6.08001,0.314848
6.11999,0.314848
6.21999,0.314848
6.32298,0.314848
6.34004,0.316789
6.4,0.316789
6.48001,0.316789
6.51999,0.316789
6.6,0.316789
6.68001,0.31686
6.71999,0.31686
6.8,0.31686
6.88001,0.31686
6.91999,0.31686
7,0.31936
7.08001,0.31936
7.11999,0.31936
7.2,0.31936
7.28001,0.31936
7.31999,0.36002
7.4,0.36002
7.48001,0.36002
7.51999,0.36002
7.6,0.36002
7.68001,0.38063
7.71999,0.38063
7.8,0.38063
7.88001,0.38063
7.92298,0.38063
8,0.392561
8.08001,0.392561
8.11999,0.392561
8.2,0.392561
8.28001,0.392561
8.31999,0.39438
8.4,0.39438
8.48001,0.39438
8.51999,0.39438
8.6,0.39438
8.68001,0.405407
8.71999,0.405407
8.8,0.405407
8.88001,0.405407
8.91999,0.405407
9,0.411331
9.08001,0.411331
9.11999,0.411331
9.2,0.411331
9.28001,0.411331
9.31999,0.417287
9.4,0.417287
9.48001,0.417287
9.51999,0.417287
9.64303,0.417287
9.68001,0.407348
9.71999,0.407348
9.8,0.407348
9.88001,0.407348
9.91999,0.407348
10,0.40749
10.08,0.40749
10.12,0.40749
10.2,0.40749
10.28,0.40749
10.32,0.40877
10.4,0.40877
10.48,0.40877
10.52,0.40877
10.6,0.40877
10.68,0.405203
10.72,0.405203
10.8,0.405203
10.88,0.405203
10.92,0.405203
11,0.40185
11.08,0.40185
11.12,0.40185
11.2,0.40185
11.323,0.40185
11.34,0.405071
11.4,0.405071
11.48,0.405071
11.52,0.405071
11.6,0.405071
11.68,0.40123
11.72,0.40123
11.8,0.40123
11.88,0.40123
11.92,0.40123
12,0.397967
12.08,0.397967
12.12,0.397967
12.2,0.397967
12.28,0.397967
12.32,0.388425
12.4,0.388425
12.48,0.388425
12.52,0.388425
12.6,0.388425
12.68,0.381524
12.72,0.381524
12.8,0.381524
12.88,0.381524
12.963,0.381524
13,0.368943
13.08,0.368943
13.12,0.368943
13.2,0.368943
13.28,0.368943
13.32,0.369065
13.4,0.369065
13.48,0.369065
13.52,0.369065
13.6,0.369065
13.68,0.36811
13.72,0.36811
13.8,0.36811
13.88,0.36811
13.92,0.36811
14,0.366758
14.08,0.366758
14.12,0.366758
14.2,0.366758
14.28,0.366758
14.32,0.365996
14.4,0.365996
14.48,0.365996
14.52,0.365996
14.643,0.365996
14.68,0.365315
14.72,0.365315
14.8,0.365315
14.88,0.365315
14.92,0.365315
15,0.366799
15.08,0.366799
15.12,0.366799
15.2,0.366799
15.28,0.366799
15.32,0.368394
15.4,0.368394
15.48,0.368394
15.52,0.368394
15.6,0.368394
15.68,0.370498
15.72,0.370498
15.8,0.370498
15.88,0.370498
15.92,0.370498
16,0.371677
16.08,0.371677
16.12,0.371677
16.2,0.371677
16.323,0.371677
16.34,0.379278
16.4,0.379278
16.48,0.379278
16.52,0.379278
16.6,0.379278
16.68,0.373079
16.72,0.373079
16.8,0.373079
16.88,0.373079
16.92,0.373079
17,0.375376
17.08,0.375376
17.12,0.375376
17.2,0.375376
17.28,0.375376
17.32,0.378181
17.4,0.378181
17.48,0.378181
17.52,0.378181
17.6,0.378181
17.68,0.380142
17.72,0.380142
17.8,0.380142
17.88,0.380142
17.964,0.380142
18.02,0.38061
18.08,0.38061
18.12,0.38061
18.2,0.38061
18.28,0.38061
18.32,0.382998
18.4,0.382998
18.48,0.382998
18.52,0.382998
18.6,0.382998
18.68,0.382937
18.72,0.382937
18.8,0.382937
18.88,0.382937
18.92,0.382937
19,0.381545
19.08,0.381545
19.12,0.381545
19.2,0.381545
19.28,0.381545
19.32,0.376128
19.4,0.376128
19.48,0.376128
19.52,0.376128
19.643,0.376128
19.68,0.377978
19.72,0.377978
19.8,0.377978
19.88,0.377978
19.92,0.377978
20,0.378791
20.08,0.378791
20.12,0.378791
20.2,0.378791
20.28,0.378791
20.32,0.379665
20.4,0.379665
20.48,0.379665
20.52,0.379665
20.6,0.379665
20.68,0.380132
20.721,0.380132
20.8,0.380132
20.88,0.380132
20.92,0.380132
21,0.3819
21.08,0.3819
21.12,0.3819
21.2,0.3819
21.323,0.3819
21.34,0.382947
21.4,0.382947
21.48,0.382947
21.52,0.382947
21.62,0.382947
21.68,0.382754
21.72,0.382754
21.8,0.382754
21.88,0.382754
21.92,0.382754
22,0.383872
22.08,0.383872
22.12,0.383872
22.2,0.383872
22.28,0.383872
22.32,0.385335
22.4,0.385335
22.48,0.385335
22.52,0.385335
22.6,0.385335
22.68,0.385152
22.72,0.385152
22.8,0.385152
22.88,0.385152
22.963,0.385152
23,0.379045
23.08,0.379045
23.12,0.379045
23.2,0.379045
23.28,0.379045
23.32,0.377866
23.4,0.377866
23.48,0.377866
23.52,0.377866
23.6,0.377866
23.68,0.378506
23.72,0.378506
23.8,0.378506
23.88,0.378506
23.92,0.378506
24,0.379827
24.08,0.379827
24.12,0.379827
24.2,0.379827
24.28,0.379827
24.32,0.381352
24.4,0.381352
24.48,0.381352
24.52,0.381352
24.643,0.381352
24.68,0.383628
24.71,0.383628
24.79,0.383628
24.87,0.383628
24.91,0.383628
24.99,0.383811
25.07,0.383811
25.11,0.383811
25.19,0.383811
25.27,0.383811
25.33,0.383679
25.39,0.383679
25.47,0.383679
25.51,0.383679
25.59,0.383679
25.67,0.389817
25.71,0.389817
25.8,0.389817
25.88,0.389817
25.92,0.389817
26,0.392602
26.08,0.392602
26.12,0.392602
26.2,0.392602
26.304,0.392602
26.321,0.397022
26.4,0.397022
26.48,0.397022
26.52,0.397022
26.6,0.397022
26.68,0.398902
26.72,0.398902
26.8,0.398902
26.88,0.398902
26.92,0.398902
27,0.400752
27.08,0.400752
27.12,0.400752
27.2,0.400752
27.28,0.400752
27.32,0.405661
27.4,0.405661
27.48,0.405661
27.52,0.405661
27.6,0.405661
27.68,0.411626
27.72,0.411626
27.8,0.411626
27.88,0.411626
27.963,0.411626
28.02,0.425122
28.08,0.425122
28.12,0.425122
28.2,0.425122
28.28,0.425122
28.32,0.428059
28.4,0.428059
28.48,0.428059
28.52,0.428059
28.6,0.428059
28.68,0.432236
28.71,0.432236
28.79,0.432236
28.87,0.432236
28.91,0.432236
28.99,0.434634
29.07,0.434634
29.11,0.434634
29.19,0.434634
29.27,0.434634
29.31,0.436839
29.39,0.436839
29.47,0.436839
29.51,0.436839
29.613,0.436839
29.67,0.439085
29.71,0.439085
29.79,0.439085
29.87,0.439085
29.91,0.439085
29.99,0.437348
30.07,0.437348
30.11,0.437348
30.19,0.437348
30.27,0.437348
30.31,0.437541
30.39,0.437541
30.47,0.437541
30.51,0.437541
30.59,0.437541
30.67,0.439898
30.71,0.439898
30.8,0.439898
30.88,0.439898
30.92,0.439898
31,0.440925
31.08,0.440925
31.12,0.440925
31.2,0.440925
31.283,0.440925
31.32,0.433557
31.4,0.433557
31.48,0.433557
31.52,0.433557
31.6,0.433557
31.68,0.436758
31.72,0.436758
31.8,0.436758
31.88,0.436758
31.92,0.436758
32,0.438425
32.08,0.438425
32.12,0.438425
32.2,0.438425
32.28,0.438425
32.32,0.442195
32.4,0.442195
32.48,0.442195
32.52,0.442195
32.6,0.442195
32.68,0.442988
32.709,0.442988
32.79,0.442988
32.87,0.442988
32.934,0.442988
32.99,0.441463
33.07,0.441463
33.11,0.441463
33.19,0.441463
33.27,0.441463
33.31,0.46938
33.41,0.46938
33.47,0.46938
33.51,0.46938
33.59,0.46938
33.67,0.518496
33.71,0.518496
33.79,0.518496
33.87,0.518496
33.91,0.518496
33.99,0.538852
34.07,0.538852
34.11,0.538852
34.19,0.538852
34.27,0.538852
34.31,0.54753
34.39,0.54753
34.47,0.54753
34.51,0.54753
34.634,0.54753
34.67,0.519329
34.71,0.519329
34.8,0.519329
34.88,0.519329
34.92,0.519329
35,0.519756
35.08,0.519756
35.12,0.519756
35.2,0.519756
35.28,0.519756
35.32,0.525844
35.4,0.525844
35.48,0.525844
35.52,0.525844
35.6,0.525844
35.68,0.536656
35.71,0.536656
35.79,0.536656
35.87,0.536656
35.91,0.536656
35.99,0.540447
36.07,0.540447
36.11,0.540447
36.19,0.540447
36.295,0.540447
36.312,0.54063
36.39,0.54063
36.47,0.54063
36.51,0.54063
36.59,0.54063
36.67,0.549929
36.71,0.549929
36.79,0.549929
36.87,0.549929
36.91,0.549929
36.99,0.549654
37.07,0.549654
37.11,0.549654
37.19,0.549654
37.27,0.549654
37.31,0.552033
37.39,0.552033
37.47,0.552033
37.51,0.552033
37.59,0.552033
37.67,0.547378
37.714,0.547378
37.79,0.547378
37.87,0.547378
37.954,0.547378
38.01,0.561707
38.07,0.561707
38.11,0.561707
38.19,0.561707
38.27,0.561707
38.31,0.58748
38.39,0.58748
38.47,0.58748
38.51,0.58748
38.59,0.58748
38.67,0.615467
38.71,0.615467
38.8,0.615467
38.88,0.615467
38.92,0.615467
39,0.632287
39.08,0.632287
39.12,0.632287
39.2,0.632287
39.28,0.632287
39.32,0.638384
39.4,0.638384
39.48,0.638384
39.52,0.638384
39.644,0.638384
39.68,0.627602
39.72,0.627602
39.8,0.627602
39.88,0.627602
39.92,0.627602
40,0.63627
40.08,0.63627
40.12,0.63627
40.2,0.63627
40.28,0.63627
40.32,0.651372
40.4,0.651372
40.48,0.651372
40.52,0.651372
40.6,0.651372
40.68,0.661931
40.709,0.661931
40.79,0.661931
40.87,0.661931
40.91,0.661931
40.99,0.675467
41.07,0.675467
41.11,0.675467
41.19,0.675467
41.315,0.675467
41.332,0.674807
41.39,0.674807
41.47,0.674807
41.51,0.674807
41.59,0.674807
41.67,0.690305
41.71,0.690305
41.79,0.690305
41.87,0.690305
41.91,0.690305
41.99,0.691189
42.07,0.691189
42.11,0.691189
42.19,0.691189
42.27,0.691189
42.31,0.690285
42.39,0.690285
42.47,0.690285
42.51,0.690285
42.59,0.690285
42.67,0.690661
42.71,0.690661
42.8,0.690661
42.88,0.690661
42.964,0.690661
43.02,0.69687
43.08,0.69687
43.12,0.69687
43.2,0.69687
43.28,0.69687
43.32,0.70811
43.4,0.70811
43.48,0.70811
43.52,0.70811
43.6,0.70811
43.68,0.710386
43.72,0.710386
43.8,0.710386
43.88,0.710386
43.92,0.710386
44,0.714624
44.08,0.714624
44.12,0.714624
44.2,0.714624
44.28,0.714624
44.32,0.722541
44.4,0.722541
44.48,0.722541
44.52,0.722541
44.644,0.722541
44.68,0.730041
44.708,0.730041
44.79,0.730041
44.87,0.730041
44.91,0.730041
44.99,0.736738
45.07,0.736738
45.11,0.736738
45.19,0.736738
45.27,0.736738
45.31,0.742805
45.39,0.742805
45.47,0.742805
45.51,0.742805
45.59,0.742805
45.67,0.746748
45.71,0.746748
45.79,0.746748
45.87,0.746748
45.91,0.746748
45.99,0.751321
46.07,0.751321
46.11,0.751321
46.19,0.751321
46.315,0.751321
46.332,0.753232
46.39,0.753232
46.47,0.753232
46.51,0.753232
46.59,0.753232
46.67,0.755864
46.71,0.755864
46.8,0.755864
46.88,0.755864
46.92,0.755864
47,0.754421
47.08,0.754421
47.12,0.754421
47.2,0.754421
47.28,0.754421
47.32,0.754522
47.4,0.754522
47.48,0.754522
47.52,0.754522
47.6,0.754522
47.68,0.754522
47.72,0.754522
47.8,0.754522
47.88,0.754522
47.964,0.754522
48,0.742622
48.08,0.742622
48.12,0.742622
48.2,0.742622
48.28,0.742622
48.32,0.743242
48.4,0.743242
48.48,0.743242
48.52,0.743242
48.6,0.743242
48.68,0.743079
48.708,0.743079
48.8,0.743079
48.88,0.743079
48.92,0.743079
49,0.738415
49.08,0.738415
49.12,0.738415
49.2,0.738415
49.28,0.738415
49.32,0.734096
49.4,0.734096
49.48,0.734096
49.52,0.734096
49.646,0.734096
49.68,0.722957
49.72,0.722957
49.8,0.722957
49.88,0.722957
49.92,0.722957
50,0.720274
50.08,0.720274
50.12,0.720274
50.2,0.720274
50.28,0.720274
50.32,0.718953
50.4,0.718953
50.48,0.718953
50.52,0.718953
50.6,0.718953
50.68,0.717652
50.72,0.717652
50.8,0.717652
50.88,0.717652
50.92,0.717652
51,0.711829
51.08,0.711829
51.12,0.711829
51.2,0.711829
51.326,0.711829
51.343,0.694319
51.4,0.694319
51.48,0.694319
51.52,0.694319
51.6,0.694319
51.68,0.695488
51.72,0.695488
51.8,0.695488
51.88,0.695488
51.92,0.695488
52,0.697398
52.08,0.697398
52.12,0.697398
52.2,0.697398
52.28,0.697398
52.32,0.704909
52.4,0.704909
52.48,0.704909
52.52,0.704909
52.6,0.704909
52.68,0.723384
52.708,0.723384
52.8,0.723384
52.88,0.723384
52.966,0.723384
53.02,0.752805
53.08,0.752805
53.12,0.752805
53.2,0.752805
53.28,0.752805
53.32,0.767154
53.4,0.767154
53.48,0.767154
53.52,0.767154
53.6,0.767154
53.68,0.782703
53.72,0.782703
53.8,0.782703
53.88,0.782703
53.92,0.782703
54,0.787439
54.08,0.787439
54.12,0.787439
54.2,0.787439
54.28,0.787439
54.32,0.785996
54.4,0.785996
54.48,0.785996
54.52,0.785996
54.646,0.785996
54.68,0.770132
54.72,0.770132
54.79,0.770132
54.87,0.770132
54.91,0.770132
54.99,0.76312
55.07,0.76312
55.11,0.76312
55.19,0.76312
55.27,0.76312
55.31,0.764797
55.39,0.764797
55.47,0.764797
55.51,0.764797
55.59,0.764797
55.67,0.758913
55.71,0.758913
55.79,0.758913
55.87,0.758913
55.91,0.758913
55.99,0.757978
56.07,0.757978
56.11,0.757978
56.19,0.757978
56.316,0.757978
56.333,0.750854
56.39,0.750854
56.47,0.750854
56.51,0.750854
56.59,0.750854
56.67,0.753252
56.71,0.753252
56.79,0.753252
56.87,0.753252
56.91,0.753252
56.99,0.753415
57.07,0.753415
57.11,0.753415
57.19,0.753415
57.27,0.753415
57.31,0.753882
57.39,0.753882
57.47,0.753882
57.51,0.753882
57.59,0.753882
57.67,0.754248
57.712,0.754248
57.79,0.754248
57.87,0.754248
57.955,0.754248
58.01,0.754146
58.07,0.754146
58.11,0.754146
58.19,0.754146
58.27,0.754146
58.31,0.754797
58.39,0.754797
58.47,0.754797
58.51,0.754797
59.636,0.754797
58.6165,0.755224
59.71,0.755224
58.7365,0.755224
58.8165,0.755224
58.8565,0.755224
58.9365,0.753161
59.0165,0.753161
59.0565,0.753161
59.1365,0.753161
59.2165,0.753161
59.2565,0.754299
59.3365,0.754299
59.4165,0.754299
59.4565,0.754299
59.5365,0.754299
59.6165,0.753852
59.6565,0.753852
59.7365,0.753852
59.8165,0.753852
59.8565,0.753852
59.9365,0.753547
60.0165,0.753547
60.0565,0.753547
60.1365,0.753547
60.2625,0.753547
60.2965,0.752917
60.3365,0.752917
60.4165,0.752917
60.4565,0.752917
60.5365,0.752917
60.6165,0.753323
60.6565,0.753323
60.7365,0.753323
60.8165,0.753323
60.8565,0.753323
60.9365,0.753659
61.0165,0.753659
61.0565,0.753659
61.1365,0.753659
61.2165,0.753659
61.2565,0.753923
61.3365,0.753923
61.4165,0.753923
61.4565,0.753923
61.5365,0.753923
61.6165,0.753821
61.6565,0.753821
61.7365,0.753821
61.8165,0.753821
61.9025,0.753821
61.9365,0.750965
62.0165,0.750965
62.0565,0.750965
62.1365,0.750965
62.2165,0.750965
62.2565,0.751677
62.3365,0.751677
62.4165,0.751677
62.4565,0.751677
62.5365,0.751677
62.6165,0.75622
62.6565,0.75622
62.7365,0.75622
62.8165,0.75622
62.8565,0.75622
62.9365,0.756667
63.0165,0.756667
63.0565,0.756667
63.1365,0.756667
63.2165,0.756667
63.2565,0.757327
63.3365,0.757327
63.4165,0.757327
63.4565,0.757327
63.5825,0.757327
63.6365,0.75686
63.6585,0.75686
63.7365,0.75686
63.8165,0.75686
63.8765,0.75686
63.9365,0.760366
64.0165,0.760366
64.0565,0.760366
64.1365,0.760366
64.2165,0.760366
64.2565,0.763313
64.3365,0.763313
64.4165,0.763313
64.4565,0.763313
64.5365,0.763313
64.6165,0.767063
64.6565,0.767063
64.7365,0.767063
64.8165,0.767063
64.8565,0.767063
64.9365,0.769096
65.0165,0.769096
65.0565,0.769096
65.1365,0.769096
65.2625,0.769096
65.2795,0.767378
65.3365,0.767378
65.4165,0.767378
65.4565,0.767378
65.5365,0.767378
65.6165,0.765488
65.6565,0.765488
65.7365,0.765488
65.8165,0.765488
65.8565,0.765488
65.9375,0.763171
66.0165,0.763171
66.0565,0.763171
66.1365,0.763171
66.2165,0.763171
66.2565,0.763059
66.3365,0.763059
66.4165,0.763059
66.4565,0.763059
66.5365,0.763059
66.6165,0.761301
66.6565,0.761301
66.7365,0.761301
66.8165,0.761301
66.9025,0.761301
66.9365,0.758506
67.0165,0.758506
67.0565,0.758506
67.1365,0.758506
67.2165,0.758506
68.5815,0.763994
67.3239,0.763994
68.6565,0.763994
67.444,0.763994
67.5239,0.763994
67.564,0.766596
67.644,0.766596
67.7239,0.766596
67.764,0.766596
67.844,0.766596
67.9239,0.765955
67.984,0.765955
68.044,0.765955
68.1239,0.765955
68.164,0.765955
68.244,0.767307
68.3239,0.767307
68.364,0.767307
68.444,0.767307
68.5239,0.767307
68.564,0.767906
68.644,0.767906
68.7239,0.767906
68.764,0.767906
68.844,0.767906
68.97,0.76374
68.987,0.76374
69.044,0.76374
69.1239,0.76374
69.164,0.76374
69.244,0.763689
69.3239,0.763689
69.364,0.763689
69.444,0.763689
69.5239,0.763689
69.564,0.763577
69.644,0.763577
69.7239,0.763577
69.764,0.763577
69.844,0.763577
69.9239,0.764634
69.964,0.764634
70.044,0.764634
70.1239,0.764634
70.164,0.764634
70.244,0.76502
70.3239,0.76502
70.364,0.76502
70.4539,0.76502
70.534,0.76502
70.6209,0.762896
70.6539,0.762896
70.734,0.762896
70.7739,0.762896
70.8539,0.762896
70.934,0.763232
70.9739,0.763232
71.054,0.763232
71.134,0.763232
71.1739,0.763232
71.254,0.765112
71.334,0.765112
71.3739,0.765112
71.4539,0.765112
71.534,0.765112
71.5739,0.765915
71.6539,0.765915
71.734,0.765915
71.7739,0.765915
71.8539,0.765915
71.934,0.766839
71.9739,0.766839
72.054,0.766839
72.134,0.766839
72.1739,0.766839
72.301,0.767307
72.334,0.767307
72.3739,0.767307
72.4539,0.767307
72.534,0.767307
72.5739,0.770142
72.6539,0.770142
72.734,0.770142
72.7739,0.770142
72.8539,0.770142
72.934,0.769583
72.9739,0.769583
73.054,0.769583
73.134,0.769583
73.1739,0.769583
73.254,0.769746
73.334,0.769746
73.3739,0.769746
73.4539,0.769746
73.534,0.769746
73.5739,0.769228
73.6539,0.769228
73.734,0.769228
73.7739,0.769228
73.8539,0.769228
73.981,0.767764
73.998,0.767764
74.054,0.767764
74.134,0.767764
74.1739,0.767764
74.254,0.76873
74.334,0.76873
74.361,0.76873
74.4539,0.76873
74.534,0.76873
74.5739,0.767896
74.6739,0.767896
74.734,0.767896
74.7739,0.767896
74.8539,0.767896
74.934,0.770955
74.9739,0.770955
75.054,0.770955
75.134,0.770955
75.1739,0.770955
75.254,0.776565
75.334,0.776565
75.3739,0.776565
75.4539,0.776565
75.534,0.776565
75.6209,0.772571
75.6539,0.772571
75.734,0.772571
75.7739,0.772571
75.8539,0.772571
75.934,0.773679
75.9739,0.773679
76.054,0.773679
76.134,0.773679
76.1739,0.773679
76.254,0.776697
76.334,0.776697
76.359,0.776697
76.4539,0.776697
76.534,0.776697
76.5739,0.777093
76.6539,0.777093
76.734,0.777093
76.7739,0.777093
76.8539,0.777093
76.934,0.77126
76.9739,0.77126
77.054,0.77126
77.134,0.77126
77.1739,0.77126
77.301,0.775254
77.356,0.775254
77.3739,0.775254
77.4539,0.775254
77.534,0.775254
77.5739,0.777937
77.6539,0.777937
77.734,0.777937
77.794,0.777937
77.8539,0.777937
77.934,0.774868
77.9739,0.774868
78.054,0.774868
78.134,0.774868
78.1739,0.774868
78.254,0.772937
78.334,0.772937
78.364,0.772937
78.444,0.772937
78.5239,0.772937
78.564,0.770193
78.644,0.770193
78.7239,0.770193
78.764,0.770193
78.844,0.770193
78.97,0.76501
78.987,0.76501
79.044,0.76501
79.1239,0.76501
79.164,0.76501
79.244,0.764614
79.3239,0.764614
79.3679,0.764614
79.444,0.764614
79.5239,0.764614
79.564,0.765661
79.645,0.765661
79.7239,0.765661
79.764,0.765661
79.844,0.765661
79.9239,0.767154
79.964,0.767154
80.044,0.767154
80.1239,0.767154
80.164,0.767154
80.244,0.767266
80.3239,0.767266
80.364,0.767266
80.444,0.767266
80.5239,0.767266
80.609,0.764065
80.644,0.764065
80.7239,0.764065
80.764,0.764065
80.844,0.764065
80.9239,0.765041
80.964,0.765041
81.044,0.765041
81.1239,0.765041
81.164,0.765041
81.244,0.765935
81.3239,0.765935
81.364,0.765935
81.444,0.765935
81.5239,0.765935
81.564,0.767531
81.644,0.767531
81.7239,0.767531
81.764,0.767531
81.844,0.767531
81.9239,0.769258
81.964,0.769258
82.044,0.769258
82.1239,0.769258
82.164,0.769258
82.25,0.769888
82.3239,0.769888
82.3679,0.769888
82.444,0.769888
82.5239,0.769888
82.564,0.773059
82.644,0.773059
82.7239,0.773059
82.764,0.773059
82.844,0.773059
82.9239,0.773963
82.964,0.773963
83.044,0.773963
83.1239,0.773963
83.164,0.773963
83.244,0.768049
83.3239,0.768049
83.364,0.768049
83.444,0.768049
83.5239,0.768049
83.564,0.767439
83.644,0.767439
83.7239,0.767439
83.764,0.767439
83.844,0.767439
83.97,0.762581
83.987,0.762581
84.044,0.762581
84.1239,0.762581
84.164,0.762581
84.244,0.763222
84.3239,0.763222
84.364,0.763222
84.444,0.763222
84.5239,0.763222
84.564,0.764868
84.644,0.764868
84.7239,0.764868
84.764,0.764868
84.844,0.764868
84.9239,0.765132
84.964,0.765132
85.044,0.765132
85.1239,0.765132
85.164,0.765132
85.244,0.765031
85.3239,0.765031
85.364,0.765031
85.444,0.765031
85.5239,0.765031
85.609,0.762175
85.644,0.762175
85.7239,0.762175
85.764,0.762175
85.844,0.762175
85.9239,0.76499
85.964,0.76499
86.044,0.76499
86.1239,0.76499
86.164,0.76499
86.244,0.76939
86.3239,0.76939
86.364,0.76939
86.4539,0.76939
86.534,0.76939
86.5739,0.773984
86.6539,0.773984
86.734,0.773984
86.7739,0.773984
86.8539,0.773984
86.934,0.773018
86.9739,0.773018
87.054,0.773018
87.134,0.773018
87.1739,0.773018
87.301,0.774319
87.334,0.774319
87.3569,0.774319
87.4539,0.774319
87.534,0.774319
87.5739,0.7706
87.6539,0.7706
87.734,0.7706
87.7739,0.7706
87.8539,0.7706
87.934,0.769837
87.9739,0.769837
88.054,0.769837
88.134,0.769837
88.1739,0.769837
88.2539,0.769614
88.334,0.769614
88.358,0.769614
88.4539,0.769614
88.534,0.769614
88.5739,0.769299
88.6539,0.769299
88.734,0.769299
88.7739,0.769299
88.8539,0.769299
88.98,0.76688
88.997,0.76688
89.054,0.76688
89.134,0.76688
89.1739,0.76688
89.2539,0.769715
89.334,0.769715
89.3569,0.769715
89.4539,0.769715
89.534,0.769715
89.5739,0.769177
89.6539,0.769177
89.734,0.769177
89.7739,0.769177
89.8539,0.769177
89.934,0.770894
89.9739,0.770894
90.054,0.770894
90.134,0.770894
90.1739,0.770894
90.2539,0.7731
90.334,0.7731
90.361,0.7731
90.4539,0.7731
90.534,0.7731
90.62,0.773333
90.6539,0.773333
90.734,0.773333
90.7739,0.773333
90.8539,0.773333
90.934,0.774797
90.9739,0.774797
91.054,0.774797
91.134,0.774797
91.1739,0.774797
91.2539,0.777398
91.3349,0.777398
91.358,0.777398
91.444,0.777398
91.5239,0.777398
91.564,0.776545
91.644,0.776545
91.7239,0.776545
91.764,0.776545
91.844,0.776545
91.9239,0.773496
91.964,0.773496
92.044,0.773496
92.1239,0.773496
92.164,0.773496
92.289,0.76502
92.3239,0.76502
92.364,0.76502
92.444,0.76502
92.5239,0.76502
92.564,0.764136
92.644,0.764136
92.7239,0.764136
92.764,0.764136
92.844,0.764136
92.9239,0.761839
92.964,0.761839
93.044,0.761839
93.1239,0.761839
93.164,0.761839
93.244,0.761372
93.3239,0.761372
93.365,0.761372
93.444,0.761372
93.5239,0.761372
93.564,0.761433
93.644,0.761433
93.7239,0.761433
93.764,0.761433
93.844,0.761433
93.95,0.759766
93.967,0.759766
94.044,0.759766
94.1239,0.759766
94.164,0.759766
94.244,0.761992
94.3239,0.761992
94.364,0.761992
94.444,0.761992
94.5239,0.761992
94.564,0.76625
94.644,0.76625
94.7239,0.76625
94.764,0.76625
94.844,0.76625
94.9239,0.769289
94.964,0.769289
95.044,0.769289
95.1239,0.769289
95.164,0.769289
95.244,0.775132
95.3239,0.775132
95.364,0.775132
95.444,0.775132
95.5239,0.775132
95.609,0.777642
95.644,0.777642
95.7239,0.777642
95.764,0.777642
95.844,0.777642
95.9239,0.788984
95.964,0.788984
96.044,0.788984
96.1239,0.788984
96.164,0.788984
96.244,0.798191
96.3239,0.798191
96.364,0.798191
96.444,0.798191
96.5239,0.798191
96.564,0.798069
96.644,0.798069
96.7239,0.798069
96.764,0.798069
96.844,0.798069
96.9239,0.799868
96.964,0.799868
97.044,0.799868
97.1239,0.799868
97.164,0.799868
97.289,0.795061
97.3239,0.795061
97.364,0.795061
97.444,0.795061
97.5239,0.795061
97.564,0.798272
97.644,0.798272
97.7239,0.798272
97.764,0.798272
97.844,0.798272
97.9239,0.787327
97.964,0.787327
98.044,0.787327
98.1239,0.787327
98.164,0.787327
98.244,0.765163
98.3239,0.765163
98.364,0.765163
98.444,0.765163
98.5239,0.765163
98.564,0.739848
98.644,0.739848
98.7239,0.739848
98.764,0.739848
98.844,0.739848
98.969,0.703242
98.986,0.703242
99.044,0.703242
99.1239,0.703242
99.164,0.703242
99.244,0.685965
99.3239,0.685965
99.3659,0.685965
99.444,0.685965
99.5239,0.685965
99.564,0.65812
99.644,0.65812
99.7239,0.65812
99.764,0.65812
99.844,0.65812
99.9239,0.639614
99.964,0.639614
100.044,0.639614
100.124,0.639614
100.164,0.639614
100.244,0.635295
100.324,0.635295
100.364,0.635295
100.444,0.635295
100.524,0.635295
100.608,0.614939
100.644,0.614939
100.724,0.614939
100.764,0.614939
100.844,0.614939
100.924,0.598821
100.964,0.598821
101.044,0.598821
101.124,0.598821
101.164,0.598821
101.244,0.593984
101.324,0.593984
101.364,0.593984
101.444,0.593984
101.524,0.593984
101.564,0.600417
101.644,0.600417
101.724,0.600417
101.764,0.600417
101.844,0.600417
101.924,0.584685
101.964,0.584685
102.044,0.584685
102.124,0.584685
102.164,0.584685
102.288,0.566433
102.324,0.566433
102.367,0.566433
102.444,0.566433
102.524,0.566433
102.564,0.543994
102.644,0.543994
102.724,0.543994
102.764,0.543994
102.844,0.543994
102.924,0.5319
102.964,0.5319
103.044,0.5319
103.124,0.5319
103.164,0.5319
103.244,0.534065
103.324,0.534065
103.364,0.534065
103.444,0.534065
103.524,0.534065
103.564,0.547815
103.644,0.547815
103.724,0.547815
103.764,0.547815
103.844,0.547815
103.948,0.566433
103.965,0.566433
104.064,0.566433
104.124,0.566433
104.164,0.566433
104.244,0.579146
104.324,0.579146
104.364,0.579146
104.444,0.579146
104.524,0.579146
104.564,0.569116
104.644,0.569116
104.724,0.569116
104.764,0.569116
104.844,0.569116
104.924,0.570904
104.964,0.570904
105.044,0.570904
105.124,0.570904
105.164,0.570904
105.244,0.582459
105.324,0.582459
105.364,0.582459
105.444,0.582459
105.524,0.582459
105.587,0.579258
105.644,0.579258
105.724,0.579258
105.764,0.579258
105.844,0.579258
105.924,0.56315
105.964,0.56315
106.044,0.56315
106.124,0.56315
106.164,0.56315
106.244,0.592917
106.324,0.592917
106.364,0.592917
106.444,0.592917
106.524,0.592917
106.564,0.63689
106.644,0.63689
106.724,0.63689
106.764,0.63689
106.844,0.63689
106.924,0.676982
106.964,0.676982
107.044,0.676982
107.124,0.676982
107.164,0.676982
107.268,0.67687
107.344,0.67687
107.364,0.67687
107.444,0.67687
107.524,0.67687
107.564,0.689878
107.644,0.689878
107.724,0.689878
107.764,0.689878
107.844,0.689878
107.924,0.656118
107.964,0.656118
108.044,0.656118
108.124,0.656118
108.164,0.656118
108.244,0.659776
108.324,0.659776
108.364,0.659776
108.455,0.659776
108.535,0.659776
108.554,0.688476
108.635,0.688476
108.714,0.688476
108.754,0.688476
108.835,0.688476
108.939,0.702398
108.956,0.702398
109.034,0.702398
109.114,0.702398
109.154,0.702398
109.235,0.727063
109.314,0.727063
109.357,0.727063
109.434,0.727063
109.515,0.727063
109.554,0.765783
109.635,0.765783
109.714,0.765783
109.754,0.765783
109.834,0.765783
109.915,0.774959
109.955,0.774959
110.034,0.774959
110.114,0.774959
110.154,0.774959
110.235,0.747104
110.314,0.747104
110.357,0.747104
110.434,0.747104
110.515,0.747104
110.579,0.733028
110.635,0.733028
110.714,0.733028
110.754,0.733028
110.834,0.733028
110.914,0.696982
110.955,0.696982
111.034,0.696982
111.114,0.696982
111.154,0.696982
111.235,0.68438
111.314,0.68438
111.357,0.68438
111.434,0.68438
111.515,0.68438
111.554,0.656443
111.635,0.656443
111.714,0.656443
111.754,0.656443
111.834,0.656443
111.914,0.634278
111.955,0.634278
112.034,0.634278
112.114,0.634278
112.154,0.634278
112.278,0.621535
112.314,0.621535
112.357,0.621535
112.434,0.621535
112.515,0.621535
112.554,0.636687
112.635,0.636687
112.714,0.636687
112.754,0.636687
112.834,0.636687
112.914,0.686555
112.955,0.686555
113.034,0.686555
113.114,0.686555
113.154,0.686555
113.235,0.700671
113.314,0.700671
113.357,0.700671
113.434,0.700671
113.515,0.700671
113.554,0.685904
113.635,0.685904
113.714,0.685904
113.754,0.685904
113.834,0.685904
113.939,0.626799
113.974,0.626799
114.034,0.626799
114.114,0.626799
114.154,0.626799
114.234,0.570925
114.314,0.570925
114.357,0.570925
114.434,0.570925
114.514,0.570925
114.554,0.540315
114.634,0.540315
114.714,0.540315
114.754,0.540315
114.834,0.540315
114.914,0.5244
114.954,0.5244
115.034,0.5244
115.114,0.5244
115.154,0.5244
115.235,0.484736
115.335,0.484736
115.357,0.484736
115.454,0.484736
115.514,0.484736
115.558,0.511128
115.634,0.511128
115.714,0.511128
115.754,0.511128
115.834,0.511128
115.914,0.489624
115.974,0.489624
116.034,0.489624
116.114,0.489624
116.154,0.489624
116.235,0.468415
116.314,0.468415
116.357,0.468415
116.434,0.468415
116.514,0.468415
116.554,0.456921
116.634,0.456921
116.714,0.456921
116.754,0.456921
116.834,0.456921
116.914,0.457287
116.954,0.457287
117.034,0.457287
117.114,0.457287
117.154,0.457287
117.278,0.431626
117.314,0.431626
117.357,0.431626
117.434,0.431626
117.514,0.431626
117.554,0.425549
117.634,0.425549
117.714,0.425549
117.754,0.425549
117.834,0.425549
117.914,0.452693
117.955,0.452693
118.034,0.452693
118.114,0.452693
118.154,0.452693
118.234,0.424929
118.314,0.424929
118.357,0.424929
118.434,0.424929
118.514,0.424929
118.554,0.399482
118.634,0.399482
118.714,0.399482
118.754,0.399482
118.834,0.399482
118.939,0.375528
118.974,0.375528
119.034,0.375528
119.114,0.375528
119.154,0.375528
119.234,0.394136
119.314,0.394136
119.357,0.394136
119.434,0.394136
119.514,0.394136
119.554,0.40065
119.635,0.40065
119.714,0.40065
119.754,0.40065
119.834,0.40065
119.914,0.418283
119.955,0.418283
120.034,0.418283
120.114,0.418283
120.154,0.418283
120.234,0.417073
120.314,0.417073
120.357,0.417073
120.434,0.417073
120.514,0.417073
120.598,0.39499
120.634,0.39499
120.714,0.39499
120.754,0.39499
120.834,0.39499
120.914,0.382876
120.954,0.382876
121.034,0.382876
121.114,0.382876
121.154,0.382876
121.234,0.402652
121.314,0.402652
121.357,0.402652
121.434,0.402652
121.514,0.402652
121.554,0.441169
121.634,0.441169
121.714,0.441169
121.754,0.441169
121.834,0.441169
121.914,0.470823
121.954,0.470823
122.034,0.470823
122.114,0.470823
122.154,0.470823
122.238,0.469461
122.314,0.469461
122.357,0.469461
122.434,0.469461
122.514,0.469461
122.554,0.446646
122.634,0.446646
122.714,0.446646
122.754,0.446646
122.834,0.446646
122.914,0.404624
122.954,0.404624
123.034,0.404624
123.114,0.404624
123.154,0.404624
123.234,0.343689
123.314,0.343689
123.354,0.343689
123.434,0.343689
123.514,0.343689
123.554,0.300965
123.634,0.300965
123.714,0.300965
123.754,0.300965
123.834,0.300965
123.979,0.277134
123.996,0.277134
124.034,0.277134
124.114,0.277134
124.154,0.277134
124.234,0.292612
124.314,0.292612
124.357,0.292612
124.434,0.292612
124.514,0.292612
124.554,0.383537
124.634,0.383537
124.714,0.383537
124.754,0.383537
124.834,0.383537
124.914,0.382591
124.954,0.382591
125.034,0.382591
125.114,0.382591
125.154,0.382591
125.235,0.379055
125.314,0.379055
125.357,0.379055
125.434,0.379055
125.515,0.379055
125.598,0.400386
125.655,0.400386
125.714,0.400386
125.754,0.400386
125.854,0.400386
125.914,0.427358
125.954,0.427358
126.034,0.427358
126.114,0.427358
126.154,0.427358
126.234,0.434502
126.314,0.434502
126.357,0.434502
126.434,0.434502
126.514,0.434502
126.554,0.466128
126.634,0.466128
126.714,0.466128
126.754,0.466128
126.834,0.466128
126.914,0.485457
126.954,0.485457
127.034,0.485457
127.114,0.485457
127.154,0.485457
127.238,0.455203
127.314,0.455203
127.357,0.455203
127.434,0.455203
127.514,0.455203
127.554,0.37623
127.634,0.37623
127.714,0.37623
127.754,0.37623
127.834,0.37623
127.914,0.302358
127.954,0.302358
128.034,0.302358
128.114,0.302358
128.154,0.302358
128.234,0.280864
128.314,0.280864
128.357,0.280864
128.434,0.280864
128.514,0.280864
128.554,0.233933
128.634,0.233933
128.714,0.233933
128.754,0.233933
128.834,0.233933
128.918,0.195722
128.954,0.195722
129.034,0.195722
129.114,0.195722
129.154,0.195722
129.234,0.188039
129.314,0.188039
129.357,0.188039
129.434,0.188039
129.514,0.188039
129.554,0.176138
129.635,0.176138
129.714,0.176138
129.754,0.176138
129.834,0.176138
129.914,0.14065
129.954,0.14065
130.034,0.14065
130.114,0.14065
130.154,0.14065
130.234,0.0991768
130.314,0.0991768
130.357,0.0991768
130.434,0.0991768
130.514,0.0991768
130.598,0.0635264
130.635,0.0635264
130.714,0.0635264
130.754,0.0635264
130.834,0.0635264
130.914,0.0175102
130.954,0.0175102
131.034,0.0175102
131.114,0.0175102
131.154,0.0175102
131.234,0.00121951
131.314,0.00121951
131.357,0.00121951
131.434,0.00121951
131.514,0.00121951
131.554,0.00129065
131.634,0.00129065
131.714,0.00129065
131.754,0.00129065
131.834,0.00129065
131.914,0.00247967
131.954,0.00247967
132.034,0.00247967
132.114,0.00247967
132.154,0.00247967
132.278,0.0209858
132.314,0.0209858
132.357,0.0209858
132.434,0.0209858
132.514,0.0209858
132.554,0.0208435
132.634,0.0208435
132.714,0.0208435
132.754,0.0208435
132.834,0.0208435
132.914,0.0213923
132.955,0.0213923
133.034,0.0213923
133.114,0.0213923
133.154,0.0213923
133.234,0.0449797
133.314,0.0449797
133.357,0.0449797
133.434,0.0449797
133.514,0.0449797
133.554,0.145498
133.634,0.145498
133.714,0.145498
133.754,0.145498
133.835,0.145498
133.958,0.291504
133.975,0.291504
134.035,0.291504
134.134,0.291504
134.154,0.291504
134.234,0.369817
134.314,0.369817
134.357,0.369817
134.434,0.369817
134.514,0.369817
134.554,0.444492
134.634,0.444492
134.714,0.444492
134.754,0.444492
134.834,0.444492
134.914,0.481748
134.954,0.481748
135.034,0.481748
135.114,0.481748
135.154,0.481748
135.234,0.489685
135.314,0.489685
135.359,0.489685
135.434,0.489685
135.514,0.489685
135.558,0.384909
135.634,0.384909
135.714,0.384909
135.754,0.384909
135.834,0.384909
135.914,0.274451
135.954,0.274451
136.034,0.274451
136.114,0.274451
136.154,0.274451
136.234,0.180407
136.314,0.180407
136.357,0.180407
136.434,0.180407
136.514,0.180407
136.554,0.0776016
136.634,0.0776016
136.714,0.0776016
136.754,0.0776016
136.834,0.0776016
136.914,0.0579268
136.954,0.0579268
137.034,0.0579268
137.114,0.0579268
137.154,0.0579268
137.238,0.0675813
137.314,0.0675813
137.357,0.0675813
137.434,0.0675813
137.514,0.0675813
137.554,0.042622
137.634,0.042622
137.714,0.042622
137.754,0.042622
137.834,0.042622
137.914,0.0302337
137.955,0.0302337
138.034,0.0302337
138.114,0.0302337
138.154,0.0302337
138.234,0.00425813
138.314,0.00425813
138.354,0.00425813
138.434,0.00425813
138.514,0.00425813
138.554,0.0060874
138.634,0.0060874
138.714,0.0060874
138.754,0.0060874
138.834,0.0060874
138.959,0.0154472
138.976,0.0154472
139.034,0.0154472
139.114,0.0154472
139.154,0.0154472
139.234,0.022063
139.314,0.022063
139.357,0.022063
139.434,0.022063
139.514,0.022063
139.554,0.0247459
139.634,0.0247459
139.714,0.0247459
139.754,0.0247459
139.834,0.0247459
139.914,0.0336179
139.954,0.0336179
140.034,0.0336179
140.114,0.0336179
140.154,0.0336179
140.234,0.0593089
140.314,0.0593089
140.357,0.0593089
140.434,0.0593089
140.514,0.0593089
140.598,0.0980996
140.634,0.0980996
140.714,0.0980996
140.754,0.0980996
140.834,0.0980996
140.934,0.1194
140.954,0.1194
141.034,0.1194
141.114,0.1194
141.154,0.1194
141.234,0.145671
141.314,0.145671
141.354,0.145671
141.434,0.145671
141.514,0.145671
141.554,0.209939
141.634,0.209939
141.714,0.209939
141.754,0.209939
141.834,0.209939
141.914,0.263963
141.954,0.263963
142.034,0.263963
142.114,0.263963
142.154,0.263963
142.277,0.325508
142.314,0.325508
142.357,0.325508
142.434,0.325508
142.514,0.325508
142.554,0.35315
142.634,0.35315
142.714,0.35315
142.754,0.35315
142.834,0.35315
142.914,0.386026
142.954,0.386026
143.034,0.386026
143.114,0.386026
143.154,0.386026
143.234,0.393659
143.314,0.393659
143.357,0.393659
143.434,0.393659
143.514,0.393659
143.554,0.444319
143.634,0.444319
143.715,0.444319
143.754,0.444319
143.834,0.444319
143.917,0.470864
143.954,0.470864
144.034,0.470864
144.114,0.470864
144.154,0.470864
144.234,0.468801
144.314,0.468801
144.357,0.468801
144.434,0.468801
144.514,0.468801
144.554,0.446341
144.634,0.446341
144.714,0.446341
144.754,0.446341
144.835,0.446341
144.914,0.365701
144.954,0.365701
145.034,0.365701
145.114,0.365701
145.154,0.365701
145.234,0.290041
145.314,0.290041
145.357,0.290041
145.434,0.290041
145.514,0.290041
145.598,0.207978
145.634,0.207978
145.714,0.207978
145.754,0.207978
145.834,0.207978
145.914,0.114248
145.954,0.114248
146.034,0.114248
146.114,0.114248
146.154,0.114248
146.234,0.0564533
146.314,0.0564533
146.357,0.0564533
146.434,0.0564533
146.514,0.0564533
146.554,0.0292175
146.634,0.0292175
146.714,0.0292175
146.754,0.0292175
146.834,0.0292175
146.914,0.0266565
146.954,0.0266565
147.034,0.0266565
147.114,0.0266565
147.154,0.0266565
147.278,0.0393598
147.314,0.0393598
147.357,0.0393598
147.434,0.0393598
147.514,0.0393598
147.554,0.0393598
147.634,0.0393598
147.714,0.0393598
147.754,0.0393598
147.834,0.0393598
147.914,0.0406809
147.954,0.0406809
148.035,0.0406809
148.114,0.0406809
148.154,0.0406809
148.234,0.0401626
148.314,0.0401626
148.357,0.0401626
148.434,0.0401626
148.514,0.0401626
148.554,0.0405183
148.634,0.0405183
148.714,0.0405183
148.754,0.0405183
148.834,0.0405183
148.959,0.0397256
148.976,0.0397256
149.034,0.0397256
149.114,0.0397256
149.154,0.0397256
149.234,0.0389634
149.314,0.0389634
149.357,0.0389634
149.434,0.0389634
149.514,0.0389634
149.554,0.0419207
149.634,0.0419207
149.714,0.0419207
149.754,0.0419207
149.834,0.0419207
149.914,0.0459451
149.954,0.0459451
150.034,0.0459451
150.114,0.0459451
150.154,0.0459451
150.234,0.0473069
150.314,0.0473069
150.357,0.0473069
150.434,0.0473069
150.514,0.0473069
150.599,0.045813
150.634,0.045813
150.714,0.045813
150.754,0.045813
150.834,0.045813
150.914,0.0571341
150.954,0.0571341
151.034,0.0571341
151.114,0.0571341
151.154,0.0571341
151.234,0.0878354
151.314,0.0878354
151.357,0.0878354
151.434,0.0878354
151.514,0.0878354
151.554,0.0908943
151.634,0.0908943
151.714,0.0908943
151.754,0.0908943
151.834,0.0908943
151.914,0.0954268
151.954,0.0954268
152.034,0.0954268
152.114,0.0954268
152.154,0.0954268
152.278,0.119472
152.314,0.119472
152.357,0.119472
152.434,0.119472
152.514,0.119472
152.554,0.115691
152.634,0.115691
152.714,0.115691
152.754,0.115691
152.834,0.115691
152.914,0.117693
152.954,0.117693
153.034,0.117693
153.114,0.117693
153.154,0.117693
153.234,0.125112
153.314,0.125112
153.357,0.125112
153.434,0.125112
153.514,0.125112
153.554,0.126677
153.634,0.126677
153.714,0.126677
153.754,0.126677
153.834,0.126677
153.958,0.083811
153.975,0.083811
154.034,0.083811
154.114,0.083811
154.154,0.083811
154.234,0.0877642
154.314,0.0877642
154.357,0.0877642
154.434,0.0877642
154.514,0.0877642
154.554,0.0762094
154.634,0.0762094
154.715,0.0762094
154.754,0.0762094
154.834,0.0762094
154.914,0.0628862
154.954,0.0628862
155.034,0.0628862
155.114,0.0628862
155.154,0.0628862
155.234,0.0600711
155.314,0.0600711
155.357,0.0600711
155.434,0.0600711
155.514,0.0600711
155.598,0.0679776
155.634,0.0679776
155.714,0.0679776
155.754,0.0679776
155.834,0.0679776
155.914,0.0621748
155.954,0.0621748
156.034,0.0621748
156.114,0.0621748
156.154,0.0621748
156.234,0.0493902
156.315,0.0493902
156.358,0.0493902
156.434,0.0493902
156.514,0.0493902
156.554,0.0459654
156.634,0.0459654
156.714,0.0459654
156.754,0.0459654
156.834,0.0459654
156.914,0.034939
156.954,0.034939
157.034,0.034939
157.114,0.034939
157.154,0.034939
157.278,0.0442175
157.335,0.0442175
157.357,0.0442175
157.434,0.0442175
157.514,0.0442175
157.554,0.0485569
157.634,0.0485569
157.714,0.0485569
157.754,0.0485569
157.834,0.0485569
157.914,0.0487602
157.954,0.0487602
158.034,0.0487602
158.114,0.0487602
158.154,0.0487602
158.234,0.0486179
158.314,0.0486179
158.357,0.0486179
158.434,0.0486179
158.514,0.0486179
158.554,0.0471138
158.634,0.0471138
158.714,0.0471138
158.754,0.0471138
158.834,0.0471138
158.959,0.140254
158.976,0.140254
159.034,0.140254
159.114,0.140254
159.154,0.140254
159.234,0.167561
159.314,0.167561
159.357,0.167561
159.454,0.167561
159.534,0.167561
159.554,0.149085
159.634,0.149085
159.714,0.149085
159.754,0.149085
159.834,0.149085
159.914,0.14374
159.954,0.14374
160.034,0.14374
160.114,0.14374
160.154,0.14374
160.234,0.146108
160.314,0.146108
160.357,0.146108
160.434,0.146108
160.514,0.146108
160.579,0.165234
160.634,0.165234
160.714,0.165234
160.754,0.165234
160.834,0.165234
160.914,0.139248
160.954,0.139248
161.034,0.139248
161.114,0.139248
161.154,0.139248
161.234,0.0863415
161.314,0.0863415
161.357,0.0863415
161.434,0.0863415
161.514,0.0863415
161.554,0.0231606
161.634,0.0231606
161.714,0.0231606
161.754,0.0231606
161.834,0.0231606
161.914,0.0260163
161.954,0.0260163
162.034,0.0260163
162.114,0.0260163
162.154,0.0260163
162.279,0.123486
162.314,0.123486
162.357,0.123486
162.434,0.123486
162.514,0.123486
162.554,0.1425
162.634,0.1425
162.714,0.1425
162.754,0.1425
162.834,0.1425
162.914,0.150447
162.954,0.150447
163.034,0.150447
163.114,0.150447
163.154,0.150447
163.234,0.155884
163.314,0.155884
163.357,0.155884
163.434,0.155884
163.514,0.155884
163.554,0.157236
163.634,0.157236
163.714,0.157236
163.754,0.157236
163.834,0.157236
163.959,0.150173
163.994,0.150173
164.034,0.150173
164.114,0.150173
164.154,0.150173
164.234,0.10373
164.314,0.10373
164.357,0.10373
164.434,0.10373
164.514,0.10373
164.554,0.0630183
164.635,0.0630183
164.714,0.0630183
164.754,0.0630183
164.834,0.0630183
164.914,0.038689
164.954,0.038689
165.034,0.038689
165.114,0.038689
165.154,0.038689
165.234,0.0441667
165.314,0.0441667
165.357,0.0441667
165.434,0.0441667
165.514,0.0441667
165.599,0.0588516
165.634,0.0588516
165.714,0.0588516
165.754,0.0588516
165.834,0.0588516
165.914,0.0591057
165.954,0.0591057
166.034,0.0591057
166.114,0.0591057
166.154,0.0591057
166.234,0.0607825
166.314,0.0607825
166.358,0.0607825
166.434,0.0607825
166.514,0.0607825
166.554,0.0609045
166.634,0.0609045
166.714,0.0609045
166.754,0.0609045
166.834,0.0609045
166.914,0.062002
166.954,0.062002
167.034,0.062002
167.114,0.062002
167.154,0.062002
167.279,0.126514
167.314,0.126514
167.357,0.126514
167.434,0.126514
167.534,0.126514
167.554,0.16686
167.634,0.16686
167.714,0.16686
167.754,0.16686
167.834,0.16686
167.914,0.163516
167.954,0.163516
168.034,0.163516
168.114,0.163516
168.154,0.163516
168.234,0.145671
168.314,0.145671
168.358,0.145671
168.434,0.145671
168.514,0.145671
168.554,0.152124
168.634,0.152124
168.714,0.152124
168.754,0.152124
168.834,0.152124
168.94,0.152652
168.957,0.152652
169.034,0.152652
169.114,0.152652
169.154,0.152652
169.234,0.161596
169.314,0.161596
169.357,0.161596
169.434,0.161596
169.514,0.161596
169.554,0.187967
169.655,0.187967
169.714,0.187967
169.754,0.187967
169.834,0.187967
169.914,0.178496
169.954,0.178496
170.034,0.178496
170.114,0.178496
170.154,0.178496
170.234,0.137083
170.314,0.137083
170.357,0.137083
170.434,0.137083
170.514,0.137083
170.599,0.0990346
170.634,0.0990346
170.714,0.0990346
170.754,0.0990346
170.834,0.0990346
170.914,0.0430081
170.954,0.0430081
171.034,0.0430081
171.114,0.0430081
171.154,0.0430081
171.234,0.0357012
171.314,0.0357012
171.357,0.0357012
171.434,0.0357012
171.514,0.0357012
171.554,0.0510671
171.634,0.0510671
171.714,0.0510671
171.754,0.0510671
171.834,0.0510671
171.914,0.0544715
171.954,0.0544715
172.034,0.0544715
172.114,0.0544715
172.154,0.0544715
172.279,0.0559045
172.334,0.0559045
172.357,0.0559045
172.434,0.0559045
172.514,0.0559045
172.554,0.0555183
172.634,0.0555183
172.714,0.0555183
172.754,0.0555183
172.834,0.0555183
172.914,0.0551016
172.954,0.0551016
173.034,0.0551016
173.114,0.0551016
173.154,0.0551016
173.234,0.0543902
173.314,0.0543902
173.357,0.0543902
173.434,0.0543902
173.514,0.0543902
173.554,0.0548476
173.634,0.0548476
173.714,0.0548476
173.754,0.0548476
173.834,0.0548476
173.96,0.0702134
173.977,0.0702134
174.034,0.0702134
174.114,0.0702134
174.154,0.0702134
174.234,0.0706199
174.314,0.0706199
174.357,0.0706199
174.434,0.0706199
174.514,0.0706199
174.554,0.0698272
174.634,0.0698272
174.714,0.0698272
174.754,0.0698272
174.834,0.0698272
174.914,0.107165
174.954,0.107165
175.034,0.107165
175.114,0.107165
175.154,0.107165
175.234,0.136596
175.314,0.136596
175.357,0.136596
175.434,0.136596
175.514,0.136596
175.599,0.145732
175.634,0.145732
175.714,0.145732
175.754,0.145732
175.834,0.145732
175.914,0.224431
175.954,0.224431
176.034,0.224431
176.114,0.224431
176.154,0.224431
176.234,0.303425
176.314,0.303425
176.357,0.303425
176.434,0.303425
176.514,0.303425
176.554,0.328455
176.634,0.328455
176.714,0.328455
176.754,0.328455
176.834,0.328455
176.914,0.324553
176.954,0.324553
177.034,0.324553
177.114,0.324553
177.154,0.324553
177.278,0.326738
177.314,0.326738
177.357,0.326738
177.434,0.326738
177.514,0.326738
177.554,0.300203
177.634,0.300203
177.714,0.300203
177.754,0.300203
177.834,0.300203
177.914,0.263394
177.955,0.263394
178.034,0.263394
178.114,0.263394
178.154,0.263394
178.234,0.264644
178.314,0.264644
178.357,0.264644
178.434,0.264644
178.514,0.264644
178.554,0.262124
178.634,0.262124
178.714,0.262124
178.754,0.262124
178.834,0.262124
178.919,0.274665
178.954,0.274665
179.034,0.274665
179.114,0.274665
179.154,0.274665
179.234,0.224116
179.314,0.224116
179.357,0.224116
179.434,0.224116
179.514,0.224116
179.554,0.153272
179.634,0.153272
179.714,0.153272
179.754,0.153272
179.834,0.153272
179.914,0.0755691
179.954,0.0755691
180.034,0.0755691
180.114,0.0755691
180.154,0.0755691
180.234,0.064187
180.314,0.064187
180.357,0.064187
180.434,0.064187
180.514,0.064187
180.599,0.0834858
180.634,0.0834858
180.714,0.0834858
180.754,0.0834858
180.834,0.0834858
180.914,0.0743496
180.954,0.0743496
181.034,0.0743496
181.114,0.0743496
181.154,0.0743496
181.234,0.0702134
181.314,0.0702134
181.357,0.0702134
181.434,0.0702134
181.514,0.0702134
181.554,0.0706402
181.634,0.0706402
181.714,0.0706402
181.754,0.0706402
181.834,0.0706402
181.914,0.119522
181.954,0.119522
182.034,0.119522
182.114,0.119522
182.154,0.119522
182.279,0.163191
182.314,0.163191
182.36,0.163191
182.434,0.163191
182.514,0.163191
182.554,0.17249
182.634,0.17249
182.714,0.17249
182.754,0.17249
182.834,0.17249
182.914,0.184715
182.955,0.184715
183.034,0.184715
183.114,0.184715
183.154,0.184715
183.234,0.196789
183.314,0.196789
183.354,0.196789
183.434,0.196789
183.514,0.196789
183.554,0.199888
183.634,0.199888
183.714,0.199888
183.754,0.199888
183.834,0.199888
183.959,0.222896
183.976,0.222896
184.034,0.222896
184.114,0.222896
184.154,0.222896
184.234,0.225935
184.314,0.225935
184.357,0.225935
184.434,0.225935
184.514,0.225935
184.554,0.226799
184.635,0.226799
184.714,0.226799
184.754,0.226799
184.834,0.226799
184.914,0.227907
184.954,0.227907
185.034,0.227907
185.114,0.227907
185.154,0.227907
185.234,0.230518
185.314,0.230518
185.358,0.230518
185.434,0.230518
185.514,0.230518
185.599,0.239593
185.634,0.239593
185.714,0.239593
185.754,0.239593
185.834,0.239593
185.914,0.238425
185.954,0.238425
186.034,0.238425
186.114,0.238425
186.154,0.238425
186.234,0.236839
186.315,0.236839
186.357,0.236839
186.434,0.236839
186.514,0.236839
186.554,0.234695
186.634,0.234695
186.714,0.234695
186.754,0.234695
186.834,0.234695
186.914,0.235122
186.954,0.235122
187.034,0.235122
187.114,0.235122
187.154,0.235122
187.279,0.231911
187.314,0.231911
187.357,0.231911
187.434,0.231911
187.514,0.231911
187.574,0.231453
187.634,0.231453
187.714,0.231453
187.754,0.231453
187.834,0.231453
187.914,0.232967
187.954,0.232967
188.034,0.232967
188.114,0.232967
188.154,0.232967
188.234,0.237988
188.314,0.237988
188.357,0.237988
188.434,0.237988
188.514,0.237988
188.554,0.238526
188.634,0.238526
188.714,0.238526
188.754,0.238526
188.834,0.238526
188.959,0.248404
188.976,0.248404
189.034,0.248404
189.114,0.248404
189.154,0.248404
189.234,0.248323
189.314,0.248323
189.357,0.248323
189.434,0.248323
189.514,0.248323
189.554,0.249248
189.634,0.249248
189.714,0.249248
189.754,0.249248
189.834,0.249248
189.914,0.249004
189.954,0.249004
190.034,0.249004
190.114,0.249004
190.154,0.249004
190.234,0.249187
190.314,0.249187
190.357,0.249187
190.434,0.249187
190.514,0.249187
190.599,0.253242
190.634,0.253242
190.714,0.253242
190.754,0.253242
190.834,0.253242
190.914,0.257378
190.954,0.257378
191.034,0.257378
191.114,0.257378
191.154,0.257378
191.234,0.26003
191.314,0.26003
191.358,0.26003
191.434,0.26003
191.514,0.26003
191.554,0.261026
191.634,0.261026
191.714,0.261026
191.754,0.261026
191.834,0.261026
191.914,0.267398
191.954,0.267398
192.034,0.267398
192.114,0.267398
192.154,0.267398
192.258,0.262713
192.314,0.262713
192.358,0.262713
192.434,0.262713
192.514,0.262713
192.554,0.268272
192.634,0.268272
192.714,0.268272
192.754,0.268272
192.834,0.268272
192.914,0.263191
192.955,0.263191
193.034,0.263191
193.114,0.263191
193.155,0.263191
193.234,0.259197
193.314,0.259197
193.357,0.259197
193.434,0.259197
193.514,0.259197
193.554,0.25501
193.634,0.25501
193.714,0.25501
193.754,0.25501
193.834,0.25501
193.939,0.257276
193.956,0.257276
194.034,0.257276
194.115,0.257276
194.154,0.257276
194.234,0.2581
194.314,0.2581
194.357,0.2581
194.434,0.2581
194.514,0.2581
194.554,0.253902
194.635,0.253902
194.714,0.253902
194.754,0.253902
194.834,0.253902
194.914,0.256006
194.954,0.256006
195.034,0.256006
195.114,0.256006
195.154,0.256006
195.234,0.261961
195.314,0.261961
195.357,0.261961
195.434,0.261961
195.514,0.261961
195.598,0.264441
195.654,0.264441
195.714,0.264441
195.774,0.264441
195.834,0.264441
195.914,0.265518
195.954,0.265518
196.034,0.265518
196.114,0.265518
196.154,0.265518
196.234,0.279939
196.314,0.279939
196.357,0.279939
196.434,0.279939
196.515,0.279939
196.554,0.303852
196.634,0.303852
196.714,0.303852
196.754,0.303852
196.834,0.303852
196.914,0.313323
196.954,0.313323
197.055,0.313323
197.114,0.313323
197.154,0.313323
197.278,0.27
197.314,0.27
197.357,0.27
197.434,0.27
197.514,0.27
197.554,0.277551
197.634,0.277551
197.714,0.277551
197.754,0.277551
197.834,0.277551
197.914,0.284024
197.954,0.284024
198.034,0.284024
198.114,0.284024
198.154,0.284024
198.234,0.2931
198.314,0.2931
198.358,0.2931
198.434,0.2931
198.514,0.2931
198.554,0.305681
198.634,0.305681
198.714,0.305681
198.754,0.305681
198.834,0.305681
198.938,0.301575
198.955,0.301575
199.034,0.301575
199.114,0.301575
199.154,0.301575
199.234,0.346453
199.314,0.346453
199.358,0.346453
199.434,0.346453
199.514,0.346453
199.554,0.383476
199.634,0.383476
199.714,0.383476
199.754,0.383476
199.834,0.383476
199.914,0.396138
199.954,0.396138
200.034,0.396138
200.114,0.396138
200.154,0.396138
200.234,0.4056
200.314,0.4056
200.357,0.4056
200.434,0.4056
200.514,0.4056
200.558,0.440945
200.634,0.440945
200.714,0.440945
200.754,0.440945
200.834,0.440945
200.914,0.461138
200.954,0.461138
201.034,0.461138
201.114,0.461138
201.154,0.461138
201.234,0.46752
201.314,0.46752
201.357,0.46752
201.434,0.46752
201.514,0.46752
201.554,0.468486
201.634,0.468486
201.714,0.468486
201.754,0.468486
201.834,0.468486
201.914,0.464807
201.954,0.464807
202.034,0.464807
202.114,0.464807
202.154,0.464807
202.258,0.449522
202.314,0.449522
202.357,0.449522
202.434,0.449522
202.514,0.449522
202.554,0.458984
202.634,0.458984
202.714,0.458984
202.754,0.458984
202.834,0.458984
202.914,0.455417
202.954,0.455417
203.034,0.455417
203.114,0.455417
203.154,0.455417
203.234,0.452835
203.314,0.452835
203.357,0.452835
203.434,0.452835
203.514,0.452835
203.554,0.455051
203.634,0.455051
203.714,0.455051
203.754,0.455051
203.834,0.455051
203.939,0.480457
203.956,0.480457
204.034,0.480457
204.114,0.480457
204.154,0.480457
204.234,0.504563
204.314,0.504563
204.358,0.504563
204.434,0.504563
204.514,0.504563
204.554,0.509502
204.634,0.509502
204.714,0.509502
204.754,0.509502
204.834,0.509502
204.914,0.509512
204.954,0.509512
205.034,0.509512
205.114,0.509512
205.154,0.509512
205.234,0.504593
205.314,0.504593
205.358,0.504593
205.434,0.504593
205.514,0.504593
205.598,0.505061
205.634,0.505061
205.714,0.505061
205.754,0.505061
205.834,0.505061
205.914,0.49874
205.954,0.49874
206.034,0.49874
206.114,0.49874
206.154,0.49874
206.234,0.492967
206.314,0.492967
206.357,0.492967
206.434,0.492967
206.514,0.492967
206.554,0.493526
206.634,0.493526
206.714,0.493526
206.754,0.493526
206.834,0.493526
206.914,0.496646
206.954,0.496646
207.034,0.496646
207.114,0.496646
207.154,0.496646
207.277,0.496758
207.314,0.496758
207.357,0.496758
207.434,0.496758
207.514,0.496758
207.554,0.497795
207.634,0.497795
207.714,0.497795
207.754,0.497795
207.834,0.497795
207.914,0.502195
207.954,0.502195
208.034,0.502195
208.114,0.502195
208.154,0.502195
208.234,0.500691
208.314,0.500691
208.357,0.500691
208.434,0.500691
208.514,0.500691
208.554,0.498923
208.634,0.498923
208.714,0.498923
208.754,0.498923
208.834,0.498923
208.958,0.496362
208.975,0.496362
209.034,0.496362
209.114,0.496362
209.154,0.496362
209.234,0.504177
209.314,0.504177
209.357,0.504177
209.434,0.504177
209.514,0.504177
209.554,0.506118
209.634,0.506118
209.714,0.506118
209.754,0.506118
209.834,0.506118
209.914,0.506179
209.954,0.506179
210.034,0.506179
210.114,0.506179
210.154,0.506179
210.234,0.507215
210.314,0.507215
210.357,0.507215
210.434,0.507215
210.514,0.507215
210.598,0.507185
210.654,0.507185
210.714,0.507185
210.754,0.507185
210.834,0.507185
210.914,0.507967
210.954,0.507967
211.034,0.507967
211.114,0.507967
211.154,0.507967
211.234,0.509726
211.314,0.509726
211.357,0.509726
211.434,0.509726
211.514,0.509726
211.554,0.513913
211.634,0.513913
211.714,0.513913
211.754,0.513913
211.834,0.513913
211.914,0.527246
211.954,0.527246
212.034,0.527246
212.114,0.527246
212.154,0.527246
212.278,0.535193
212.314,0.535193
212.357,0.535193
212.434,0.535193
212.514,0.535193
212.554,0.551494
212.634,0.551494
212.714,0.551494
212.754,0.551494
212.834,0.551494
212.914,0.566961
212.954,0.566961
213.034,0.566961
213.114,0.566961
213.154,0.566961
213.234,0.572886
213.314,0.572886
213.357,0.572886
213.424,0.572886
213.505,0.572886
213.544,0.579756
213.625,0.579756
213.705,0.579756
213.744,0.579756
213.824,0.579756
213.969,0.582083
214.005,0.582083
214.024,0.582083
214.104,0.582083
214.144,0.582083
214.225,0.584583
214.304,0.584583
214.345,0.584583
214.424,0.584583
214.505,0.584583
214.544,0.592429
214.625,0.592429
214.704,0.592429
214.744,0.592429
214.824,0.592429
214.904,0.599055
214.945,0.599055
215.024,0.599055
215.104,0.599055
215.144,0.599055
215.225,0.609726
215.304,0.609726
215.345,0.609726
215.424,0.609726
215.505,0.609726
215.609,0.613364
215.664,0.613364
215.704,0.613364
215.744,0.613364
215.824,0.613364
215.904,0.615884
215.945,0.615884
216.024,0.615884
216.104,0.615884
216.144,0.615884
216.225,0.617998
216.304,0.617998
216.345,0.617998
216.424,0.617998
216.505,0.617998
216.544,0.620224
216.625,0.620224
216.705,0.620224
216.744,0.620224
216.825,0.620224
216.904,0.619339
216.945,0.619339
217.024,0.619339
217.104,0.619339
217.144,0.619339
217.289,0.617469
217.306,0.617469
217.345,0.617469
217.424,0.617469
217.505,0.617469
217.544,0.617856
217.625,0.617856
217.704,0.617856
217.744,0.617856
217.824,0.617856
217.904,0.619573
217.945,0.619573
218.024,0.619573
218.104,0.619573
218.144,0.619573
218.225,0.621047
218.304,0.621047
218.345,0.621047
218.424,0.621047
218.505,0.621047
218.544,0.617693
218.625,0.617693
218.704,0.617693
218.744,0.617693
218.824,0.617693
218.969,0.598638
218.986,0.598638
219.024,0.598638
219.104,0.598638
219.144,0.598638
219.225,0.596677
219.304,0.596677
219.345,0.596677
219.424,0.596677
219.504,0.596677
219.544,0.599319
219.625,0.599319
219.704,0.599319
219.744,0.599319
219.824,0.599319
219.904,0.598984
219.945,0.598984
220.024,0.598984
220.104,0.598984
220.144,0.598984
220.225,0.600346
220.304,0.600346
220.345,0.600346
220.424,0.600346
220.505,0.600346
220.589,0.59563
220.625,0.59563
220.704,0.59563
220.744,0.59563
220.824,0.59563
220.904,0.597002
220.944,0.597002
221.024,0.597002
221.104,0.597002
221.144,0.597002
221.224,0.59686
221.305,0.59686
221.345,0.59686
221.424,0.59686
221.505,0.59686
221.544,0.597764
221.625,0.597764
221.704,0.597764
221.744,0.597764
221.824,0.597764
221.904,0.599776
221.945,0.599776
222.024,0.599776
222.104,0.599776
222.144,0.599776
222.29,0.598781
222.307,0.598781
222.345,0.598781
222.444,0.598781
222.505,0.598781
222.544,0.601748
222.625,0.601748
222.704,0.601748
222.744,0.601748
222.824,0.601748
222.904,0.602622
222.945,0.602622
223.024,0.602622
223.104,0.602622
223.144,0.602622
223.225,0.601189
223.304,0.601189
223.344,0.601189
223.424,0.601189
223.504,0.601189
223.544,0.60127
223.625,0.60127
223.704,0.60127
223.744,0.60127
223.824,0.60127
223.97,0.596443
223.987,0.596443
224.024,0.596443
224.104,0.596443
224.144,0.596443
224.225,0.595823
224.304,0.595823
224.345,0.595823
224.424,0.595823
224.505,0.595823
224.544,0.595386
224.625,0.595386
224.704,0.595386
224.744,0.595386
224.824,0.595386
224.904,0.596717
224.944,0.596717
225.024,0.596717
225.104,0.596717
225.144,0.596717
225.224,0.59687
225.304,0.59687
225.345,0.59687
225.424,0.59687
225.505,0.59687
225.589,0.593394
225.645,0.593394
225.704,0.593394
225.744,0.593394
225.824,0.593394
225.904,0.59501
225.945,0.59501
226.024,0.59501
226.104,0.59501
226.144,0.59501
226.224,0.596911
226.305,0.596911
226.344,0.596911
226.425,0.596911
226.505,0.596911
226.544,0.597175
226.624,0.597175
226.704,0.597175
226.744,0.597175
226.824,0.597175
226.904,0.598089
226.945,0.598089
227.024,0.598089
227.104,0.598089
227.144,0.598089
227.29,0.595742
227.325,0.595742
227.364,0.595742
227.434,0.595742
227.514,0.595742
227.554,0.596026
227.634,0.596026
227.714,0.596026
227.754,0.596026
227.834,0.596026
227.914,0.596992
227.955,0.596992
228.034,0.596992
228.114,0.596992
228.154,0.596992
228.234,0.596992
228.314,0.596992
228.354,0.596992
228.434,0.596992
228.514,0.596992
228.554,0.597236
228.634,0.597236
228.714,0.597236
228.754,0.597236
228.834,0.597236
228.959,0.5794
228.976,0.5794
229.034,0.5794
229.114,0.5794
229.154,0.5794
229.254,0.58002
229.314,0.58002
229.354,0.58002
229.434,0.58002
229.514,0.58002
229.554,0.579512
229.634,0.579512
229.714,0.579512
229.754,0.579512
229.834,0.579512
229.914,0.580031
229.954,0.580031
230.034,0.580031
230.114,0.580031
230.154,0.580031
230.234,0.580915
230.314,0.580915
230.357,0.580915
230.434,0.580915
230.514,0.580915
230.599,0.573445
230.634,0.573445
230.714,0.573445
230.754,0.573445
230.834,0.573445
230.914,0.575081
230.954,0.575081
231.034,0.575081
231.114,0.575081
231.154,0.575081
231.234,0.57561
231.314,0.57561
231.357,0.57561
231.434,0.57561
231.514,0.57561
231.554,0.576138
231.634,0.576138
231.714,0.576138
231.754,0.576138
231.834,0.576138
231.914,0.576453
231.954,0.576453
232.034,0.576453
232.114,0.576453
232.154,0.576453
232.279,0.57628
232.314,0.57628
232.354,0.57628
232.434,0.57628
232.514,0.57628
232.554,0.576596
232.634,0.576596
232.714,0.576596
232.754,0.576596
232.834,0.576596
232.914,0.578039
232.955,0.578039
233.034,0.578039
233.114,0.578039
233.154,0.578039
233.234,0.577927
233.314,0.577927
233.356,0.577927
233.434,0.577927
233.514,0.577927
233.554,0.578344
233.634,0.578344
233.714,0.578344
233.754,0.578344
233.834,0.578344
233.959,0.577205
233.976,0.577205
234.034,0.577205
234.114,0.577205
234.154,0.577205
234.234,0.577734
234.314,0.577734
234.357,0.577734
234.434,0.577734
234.514,0.577734
234.554,0.57812
234.634,0.57812
234.714,0.57812
234.754,0.57812
234.834,0.57812
234.914,0.57877
234.954,0.57877
235.034,0.57877
235.114,0.57877
235.154,0.57877
235.234,0.579116
235.314,0.579116
235.354,0.579116
235.434,0.579116
235.514,0.579116
235.599,0.576443
235.634,0.576443
235.714,0.576443
235.754,0.576443
235.834,0.576443
235.914,0.57624
235.954,0.57624
236.034,0.57624
236.114,0.57624
236.154,0.57624
236.234,0.577439
236.315,0.577439
236.357,0.577439
236.434,0.577439
236.514,0.577439
236.554,0.578638
236.634,0.578638
236.714,0.578638
236.754,0.578638
236.834,0.578638
236.914,0.579888
236.954,0.579888
237.034,0.579888
237.114,0.579888
237.154,0.579888
237.28,0.578659
237.314,0.578659
237.356,0.578659
237.434,0.578659
237.514,0.578659
237.554,0.578171
237.634,0.578171
237.714,0.578171
237.754,0.578171
238.96,0.578171
237.86,0.575325
239.034,0.575325
237.98,0.575325
238.02,0.575325
238.1,0.575325
238.18,0.576352
238.222,0.576352
238.3,0.576352
238.38,0.576352
238.42,0.576352
238.5,0.578049
238.58,0.578049
238.62,0.578049
238.7,0.578049
238.78,0.578049
238.82,0.578608
238.9,0.578608
238.98,0.578608
239.02,0.578608
239.1,0.578608
239.18,0.578913
239.222,0.578913
239.3,0.578913
239.38,0.578913
239.465,0.578913
239.5,0.576514
239.58,0.576514
239.62,0.576514
239.7,0.576514
239.78,0.576514
239.82,0.577276
239.9,0.577276
239.98,0.577276
240.02,0.577276
240.1,0.577276
240.18,0.578963
240.22,0.578963
240.291,0.578963
240.37,0.578963
240.41,0.578963
240.49,0.578669
240.57,0.578669
240.61,0.578669
240.69,0.578669
240.77,0.578669
240.81,0.579329
240.89,0.579329
240.97,0.579329
241.01,0.579329
241.136,0.579329
241.171,0.581301
241.21,0.581301
241.29,0.581301
241.37,0.581301
241.41,0.581301
241.49,0.580417
241.57,0.580417
241.61,0.580417
241.69,0.580417
241.77,0.580417
241.811,0.581585
241.89,0.581585
241.97,0.581585
242.01,0.581585
242.091,0.581585
242.17,0.582307
242.21,0.582307
242.29,0.582307
242.37,0.582307
242.41,0.582307
242.49,0.582581
242.57,0.582581
242.61,0.582581
242.69,0.582581
242.817,0.582581
242.85,0.580285
242.89,0.580285
242.97,0.580285
243.01,0.580285
243.09,0.580285
243.17,0.580945
243.21,0.580945
243.29,0.580945
243.37,0.580945
243.41,0.580945
243.491,0.583069
243.57,0.583069
243.61,0.583069
243.69,0.583069
243.771,0.583069
243.811,0.583638
243.89,0.583638
243.97,0.583638
244.01,0.583638
244.09,0.583638
244.17,0.584075
244.211,0.584075
244.29,0.584075
244.37,0.584075
244.456,0.584075
244.49,0.582419
244.57,0.582419
244.61,0.582419
244.69,0.582419
244.77,0.582419
244.81,0.583181
244.89,0.583181
244.97,0.583181
245.01,0.583181
245.09,0.583181
245.171,0.583669
245.211,0.583669
245.29,0.583669
245.37,0.583669
245.41,0.583669
245.49,0.585193
245.57,0.585193
245.61,0.585193
245.69,0.585193
245.77,0.585193
245.81,0.584797
245.89,0.584797
245.97,0.584797
246.01,0.584797
246.137,0.584797
246.17,0.582358
246.21,0.582358
246.29,0.582358
246.37,0.582358
246.41,0.582358
246.49,0.583181
246.59,0.583181
246.61,0.583181
246.69,0.583181
246.77,0.583181
246.811,0.583608
246.89,0.583608
246.97,0.583608
247.01,0.583608
247.09,0.583608
247.17,0.584634
247.21,0.584634
247.29,0.584634
247.37,0.584634
247.41,0.584634
247.49,0.585356
247.57,0.585356
247.61,0.585356
247.69,0.585356
247.797,0.585356
247.814,0.58436
247.89,0.58436
247.97,0.58436
248.01,0.58436
248.09,0.58436
248.17,0.585315
248.211,0.585315
248.29,0.585315
248.37,0.585315
248.41,0.585315
248.49,0.584919
248.57,0.584919
248.61,0.584919
248.69,0.584919
248.77,0.584919
248.81,0.584766
248.89,0.584766
248.97,0.584766
249.01,0.584766
249.09,0.584766
249.17,0.584888
249.21,0.584888
249.29,0.584888
249.37,0.584888
249.457,0.584888
249.49,0.585285
249.57,0.585285
249.61,0.585285
249.69,0.585285
249.77,0.585285
249.81,0.585996
249.89,0.585996
249.97,0.585996
250.01,0.585996
250.09,0.585996
250.171,0.587276
250.21,0.587276
250.29,0.587276
250.37,0.587276
250.41,0.587276
250.49,0.587876
250.57,0.587876
250.61,0.587876
250.69,0.587876
250.77,0.587876
250.81,0.589411
250.89,0.589411
250.97,0.589411
251.01,0.589411
251.136,0.589411
251.17,0.58687
251.21,0.58687
251.29,0.58687
251.37,0.58687
251.41,0.58687
251.49,0.586758
251.57,0.586758
251.61,0.586758
251.69,0.586758
251.77,0.586758
251.811,0.591596
251.89,0.591596
251.97,0.591596
252.01,0.591596
252.09,0.591596
252.171,0.59999
252.21,0.59999
252.29,0.59999
252.37,0.59999
252.41,0.59999
252.49,0.608384
252.57,0.608384
252.61,0.608384
252.69,0.608384
252.816,0.608384
252.833,0.615549
252.89,0.615549
252.97,0.615549
253.01,0.615549
253.09,0.615549
253.17,0.621575
253.21,0.621575
253.29,0.621575
253.37,0.621575
253.41,0.621575
253.491,0.627388
253.571,0.627388
253.61,0.627388
253.69,0.627388
253.77,0.627388
253.81,0.626108
253.89,0.626108
253.97,0.626108
254.01,0.626108
254.091,0.626108
254.17,0.621717
254.211,0.621717
254.29,0.621717
254.37,0.621717
254.455,0.621717
254.51,0.595711
254.57,0.595711
254.61,0.595711
254.69,0.595711
254.77,0.595711
254.81,0.599522
254.89,0.599522
254.97,0.599522
255.01,0.599522
255.09,0.599522
255.17,0.599868
255.211,0.599868
255.29,0.599868
255.37,0.599868
255.41,0.599868
255.49,0.600427
255.57,0.600427
255.61,0.600427
255.69,0.600427
255.77,0.600427
255.811,0.600854
255.89,0.600854
255.97,0.600854
256.011,0.600854
256.135,0.600854
256.17,0.597459
256.21,0.597459
256.29,0.597459
256.37,0.597459
256.41,0.597459
256.49,0.596738
256.57,0.596738
256.61,0.596738
256.69,0.596738
256.77,0.596738
256.811,0.597774
256.89,0.597774
256.971,0.597774
257.01,0.597774
257.09,0.597774
257.171,0.598953
257.211,0.598953
257.291,0.598953
257.371,0.598953
257.41,0.598953
257.491,0.598984
257.571,0.598984
257.61,0.598984
257.691,0.598984
257.816,0.598984
257.833,0.595213
257.89,0.595213
257.97,0.595213
258.01,0.595213
258.09,0.595213
258.17,0.595874
258.21,0.595874
258.29,0.595874
258.37,0.595874
258.41,0.595874
258.491,0.594563
258.57,0.594563
258.61,0.594563
258.69,0.594563
258.77,0.594563
258.81,0.597114
258.89,0.597114
258.971,0.597114
259.01,0.597114
259.09,0.597114
259.17,0.592581
259.21,0.592581
259.29,0.592581
259.37,0.592581
259.436,0.592581
259.49,0.594177
259.57,0.594177
259.61,0.594177
259.69,0.594177
259.77,0.594177
259.81,0.59437
259.89,0.59437
259.97,0.59437
260.01,0.59437
260.09,0.59437
260.17,0.594431
260.211,0.594431
260.29,0.594431
260.37,0.594431
260.41,0.594431
260.49,0.596504
260.57,0.596504
260.61,0.596504
260.691,0.596504
260.77,0.596504
260.811,0.596453
260.891,0.596453
260.97,0.596453
261.01,0.596453
261.136,0.596453
261.171,0.594553
261.21,0.594553
261.29,0.594553
261.37,0.594553
261.41,0.594553
261.49,0.594197
261.57,0.594197
261.61,0.594197
261.69,0.594197
261.77,0.594197
261.811,0.593191
261.891,0.593191
261.97,0.593191
262.01,0.593191
262.09,0.593191
262.17,0.593039
262.21,0.593039
262.29,0.593039
262.37,0.593039
262.41,0.593039
262.491,0.593333
262.57,0.593333
262.611,0.593333
262.69,0.593333
262.797,0.593333
262.814,0.588689
262.89,0.588689
262.97,0.588689
263.01,0.588689
263.09,0.588689
263.17,0.588811
263.21,0.588811
263.29,0.588811
263.37,0.588811
263.41,0.588811
263.491,0.589258
263.57,0.589258
263.61,0.589258
263.691,0.589258
263.77,0.589258
263.81,0.59003
263.89,0.59003
263.97,0.59003
264.01,0.59003
264.09,0.59003
264.17,0.590711
264.21,0.590711
264.29,0.590711
264.37,0.590711
264.455,0.590711
264.49,0.590488
264.57,0.590488
264.61,0.590488
264.69,0.590488
264.77,0.590488
264.81,0.590793
264.89,0.590793
264.97,0.590793
265.01,0.590793
265.09,0.590793
265.171,0.590742
265.211,0.590742
265.29,0.590742
265.37,0.590742
265.41,0.590742
265.491,0.591697
265.57,0.591697
265.61,0.591697
265.691,0.591697
265.77,0.591697
265.81,0.591362
265.891,0.591362
265.97,0.591362
266.01,0.591362
266.136,0.591362
266.17,0.587906
266.21,0.587906
266.29,0.587906
266.37,0.587906
266.41,0.587906
266.49,0.587287
266.57,0.587287
266.61,0.587287
266.69,0.587287
266.77,0.587287
266.811,0.58815
266.891,0.58815
266.971,0.58815
267.01,0.58815
267.09,0.58815
267.17,0.588415
267.21,0.588415
267.29,0.588415
267.37,0.588415
267.41,0.588415
267.49,0.588577
267.57,0.588577
267.61,0.588577
267.69,0.588577
267.816,0.588577
267.833,0.587947
267.89,0.587947
267.97,0.587947
268.01,0.587947
268.091,0.587947
268.17,0.589228
268.211,0.589228
268.29,0.589228
268.37,0.589228
268.41,0.589228
268.491,0.589207
268.571,0.589207
268.61,0.589207
268.69,0.589207
268.771,0.589207
268.81,0.589472
268.89,0.589472
268.97,0.589472
269.01,0.589472
269.09,0.589472
269.17,0.588862
269.21,0.588862
269.29,0.588862
269.37,0.588862
269.456,0.588862
269.49,0.584858
269.57,0.584858
269.61,0.584858
269.69,0.584858
269.77,0.584858
269.81,0.586738
269.891,0.586738
269.97,0.586738
270.01,0.586738
270.09,0.586738
270.171,0.586504
270.211,0.586504
270.291,0.586504
270.371,0.586504
270.41,0.586504
270.491,0.587409
270.57,0.587409
270.61,0.587409
270.691,0.587409
270.77,0.587409
270.811,0.587297
270.891,0.587297
270.97,0.587297
271.01,0.587297
277.816,0.587297
277.833,0.586382
271.157,0.586382
271.237,0.586382
271.277,0.586382
271.358,0.586382
271.437,0.586524
271.477,0.586524
271.557,0.586524
271.637,0.586524
271.677,0.586524
271.778,0.586839
271.837,0.586839
271.877,0.586839
271.957,0.586839
272.037,0.586839
272.077,0.586931
272.157,0.586931
272.237,0.586931
272.278,0.586931
272.357,0.586931
272.438,0.587449
272.477,0.587449
272.558,0.587449
272.638,0.587449
272.722,0.587449
272.778,0.582988
272.837,0.582988
272.877,0.582988
272.977,0.582988
273.037,0.582988
273.077,0.585518
273.157,0.585518
273.237,0.585518
273.277,0.585518
273.357,0.585518
273.438,0.586504
273.477,0.586504
273.557,0.586504
273.637,0.586504
273.677,0.586504
273.758,0.586677
273.838,0.586677
273.877,0.586677
273.958,0.586677
274.038,0.586677
274.077,0.587835
274.158,0.587835
274.238,0.587835
274.277,0.587835
274.383,0.587835
274.437,0.587927
274.477,0.587927
274.557,0.587927
274.637,0.587927
274.677,0.587927
274.757,0.587083
274.837,0.587083
274.878,0.587083
274.957,0.587083
275.038,0.587083
275.078,0.586575
275.157,0.586575
275.237,0.586575
275.278,0.586575
275.357,0.586575
275.438,0.587906
275.477,0.587906
275.558,0.587906
275.638,0.587906
275.677,0.587906
275.758,0.590213
275.838,0.590213
275.877,0.590213
275.958,0.590213
276.082,0.590213
276.099,0.590976
276.158,0.590976
276.237,0.590976
276.277,0.590976
276.357,0.590976
276.437,0.594248
276.477,0.594248
276.557,0.594248
276.637,0.594248
276.677,0.594248
276.758,0.598862
276.837,0.598862
276.877,0.598862
276.958,0.598862
277.037,0.598862
277.077,0.598272
277.158,0.598272
277.237,0.598272
277.277,0.598272
277.358,0.598272
277.437,0.600904
277.477,0.600904
277.558,0.600904
277.637,0.600904
277.722,0.600904
277.757,0.603547
277.837,0.603547
277.877,0.603547
277.957,0.603547
278.037,0.603547
278.077,0.609268
278.157,0.609268
278.237,0.609268
278.277,0.609268
278.357,0.609268
278.438,0.610203
278.478,0.610203
278.558,0.610203
278.637,0.610203
278.677,0.610203
278.757,0.61186
278.837,0.61186
278.877,0.61186
278.957,0.61186
279.038,0.61186
279.078,0.605864
279.157,0.605864
279.237,0.605864
279.278,0.605864
279.362,0.605864
279.437,0.588333
279.477,0.588333
279.557,0.588333
279.637,0.588333
279.677,0.588333
279.758,0.581016
279.837,0.581016
279.877,0.581016
279.957,0.581016
280.037,0.581016
280.078,0.586423
280.158,0.586423
280.238,0.586423
280.277,0.586423
280.358,0.586423
280.438,0.58123
280.478,0.58123
280.557,0.58123
280.637,0.58123
280.677,0.58123
280.757,0.567124
280.838,0.567124
280.877,0.567124
280.957,0.567124
281.083,0.567124
281.1,0.545112
281.157,0.545112
281.237,0.545112
281.277,0.545112
281.357,0.545112
281.437,0.529065
281.478,0.529065
281.557,0.529065
281.637,0.529065
281.678,0.529065
281.758,0.518059
281.838,0.518059
281.877,0.518059
281.958,0.518059
282.038,0.518059
282.078,0.513943
282.158,0.513943
282.238,0.513943
282.277,0.513943
282.358,0.513943
282.438,0.52811
282.478,0.52811
282.568,0.52811
282.647,0.52811
282.711,0.52811
282.767,0.557642
282.847,0.557642
282.887,0.557642
282.987,0.557642
283.047,0.557642
283.087,0.585986
283.167,0.585986
283.247,0.585986
283.287,0.585986
283.367,0.585986
283.448,0.611189
283.487,0.611189
283.567,0.611189
283.647,0.611189
283.687,0.611189
283.767,0.628709
283.847,0.628709
283.887,0.628709
283.967,0.628709
284.047,0.628709
284.087,0.633039
284.167,0.633039
284.247,0.633039
284.287,0.633039
284.391,0.633039
284.447,0.636159
284.491,0.636159
284.567,0.636159
284.647,0.636159
284.687,0.636159
284.767,0.625762
284.847,0.625762
284.887,0.625762
284.967,0.625762
285.047,0.625762
285.088,0.582571
285.168,0.582571
285.248,0.582571
285.288,0.582571
285.367,0.582571
285.448,0.521402
285.491,0.521402
285.568,0.521402
285.647,0.521402
285.687,0.521402
285.767,0.513892
285.848,0.513892
285.887,0.513892
285.968,0.513892
286.072,0.513892
286.089,0.524685
286.167,0.524685
286.247,0.524685
286.287,0.524685
286.367,0.524685
286.447,0.520965
286.491,0.520965
286.567,0.520965
286.647,0.520965
286.687,0.520965
286.768,0.515783
286.849,0.515783
286.887,0.515783
286.967,0.515783
287.047,0.515783
287.088,0.525488
287.167,0.525488
287.249,0.525488
287.287,0.525488
287.37,0.525488
287.449,0.560549
287.491,0.560549
287.569,0.560549
287.647,0.560549
287.734,0.560549
287.768,0.550234
287.847,0.550234
287.887,0.550234
287.968,0.550234
288.047,0.550234
288.089,0.553364
288.167,0.553364
288.247,0.553364
288.288,0.553364
288.367,0.553364
288.449,0.534187
288.491,0.534187
288.568,0.534187
288.649,0.534187
288.688,0.534187
288.768,0.520163
288.849,0.520163
288.889,0.520163
288.967,0.520163
289.049,0.520163
289.089,0.517856
289.169,0.517856
289.249,0.517856
289.288,0.517856
289.391,0.517856
289.449,0.560071
289.488,0.560071
289.568,0.560071
289.649,0.560071
289.688,0.560071
289.768,0.569055
289.849,0.569055
289.889,0.569055
289.968,0.569055
290.049,0.569055
290.088,0.562673
290.169,0.562673
290.249,0.562673
290.288,0.562673
290.368,0.562673
290.449,0.559644
290.491,0.559644
290.568,0.559644
290.649,0.559644
290.688,0.559644
290.768,0.573862
290.849,0.573862
290.889,0.573862
290.968,0.573862
291.092,0.573862
291.109,0.564421
291.169,0.564421
291.249,0.564421
291.288,0.564421
291.368,0.564421
291.449,0.560843
291.491,0.560843
291.568,0.560843
291.649,0.560843
291.689,0.560843
291.768,0.535864
291.849,0.535864
291.889,0.535864
291.968,0.535864
292.049,0.535864
292.088,0.496047
292.169,0.496047
292.249,0.496047
292.289,0.496047
292.368,0.496047
292.449,0.453567
292.491,0.453567
292.568,0.453567
292.649,0.453567
292.732,0.453567
292.787,0.434543
292.849,0.434543
292.888,0.434543
292.968,0.434543
293.048,0.434543
293.088,0.402907
293.169,0.402907
293.249,0.402907
293.288,0.402907
293.368,0.402907
293.449,0.395671
293.491,0.395671
293.568,0.395671
293.649,0.395671
293.688,0.395671
293.77,0.426179
293.849,0.426179
293.889,0.426179
293.968,0.426179
294.049,0.426179
294.088,0.473283
294.169,0.473283
294.25,0.473283
294.288,0.473283
294.372,0.473283
294.449,0.490803
294.492,0.490803
294.568,0.490803
294.649,0.490803
294.688,0.490803
294.768,0.512937
294.849,0.512937
294.889,0.512937
294.968,0.512937
295.049,0.512937
295.088,0.541606
295.169,0.541606
295.249,0.541606
295.288,0.541606
295.368,0.541606
295.449,0.574807
295.491,0.574807
295.568,0.574807
295.649,0.574807
295.688,0.574807
295.769,0.594482
295.849,0.594482
295.889,0.594482
295.969,0.594482
296.092,0.594482
296.109,0.631839
296.169,0.631839
296.249,0.631839
296.288,0.631839
296.368,0.631839
296.449,0.657327
296.491,0.657327
296.568,0.657327
296.649,0.657327
296.689,0.657327
296.769,0.682785
296.849,0.682785
296.889,0.682785
296.969,0.682785
297.049,0.682785
297.088,0.67689
297.169,0.67689
297.249,0.67689
297.288,0.67689
297.368,0.67689
297.449,0.627002
297.491,0.627002
297.568,0.627002
297.649,0.627002
297.711,0.627002
297.768,0.602226
297.849,0.602226
297.889,0.602226
297.968,0.602226
298.049,0.602226
298.088,0.614096
298.169,0.614096
298.249,0.614096
298.288,0.614096
298.369,0.614096
298.449,0.641423
298.491,0.641423
298.568,0.641423
298.649,0.641423
298.689,0.641423
298.768,0.616697
298.849,0.616697
298.889,0.616697
298.968,0.616697
299.049,0.616697
299.089,0.593343
299.169,0.593343
299.249,0.593343
299.288,0.593343
299.412,0.593343
299.449,0.61375
299.491,0.61375
299.568,0.61375
299.649,0.61375
299.688,0.61375
299.768,0.598293
299.849,0.598293
299.889,0.598293
299.969,0.598293
300.049,0.598293
300.089,0.572927
300.17,0.572927
300.249,0.572927
300.288,0.572927
300.368,0.572927
300.449,0.494228
300.491,0.494228
300.568,0.494228
300.649,0.494228
300.689,0.494228
300.768,0.429766
300.849,0.429766
300.889,0.429766
300.969,0.429766
301.071,0.429766
301.088,0.45815
301.17,0.45815
301.249,0.45815
301.288,0.45815
301.368,0.45815
301.449,0.532073
301.492,0.532073
301.568,0.532073
301.649,0.532073
301.688,0.532073
301.768,0.559949
301.849,0.559949
301.889,0.559949
301.968,0.559949
302.049,0.559949
302.088,0.556382
302.169,0.556382
302.249,0.556382
302.288,0.556382
302.368,0.556382
302.428,0.546484
302.491,0.546484
302.568,0.546484
302.649,0.546484
302.692,0.546484
302.768,0.533872
302.849,0.533872
302.889,0.533872
302.968,0.533872
303.049,0.533872
303.088,0.533699
303.169,0.533699
303.228,0.533699
303.288,0.533699
303.368,0.533699
303.449,0.558709
303.491,0.558709
303.568,0.558709
303.629,0.558709
303.688,0.558709
303.768,0.602195
303.828,0.602195
303.889,0.602195
303.948,0.602195
304.028,0.602195
304.088,0.659807
304.148,0.659807
304.228,0.659807
304.288,0.659807
304.372,0.659807
304.428,0.726087
304.468,0.726087
304.548,0.726087
304.628,0.726087
304.668,0.726087
304.748,0.751524
304.828,0.751524
304.868,0.751524
304.948,0.751524
305.028,0.751524
305.068,0.739431
305.148,0.739431
305.228,0.739431
305.268,0.739431
305.348,0.739431
305.428,0.769299
305.468,0.769299
305.548,0.769299
305.628,0.769299
305.668,0.769299
305.748,0.764817
305.828,0.764817
305.868,0.764817
305.948,0.764817
306.092,0.764817
306.109,0.715325
306.148,0.715325
306.228,0.715325
306.267,0.715325
306.348,0.715325
306.428,0.68687
306.468,0.68687
306.548,0.68687
306.628,0.68687
306.668,0.68687
306.748,0.653628
306.828,0.653628
306.868,0.653628
306.948,0.653628
307.028,0.653628
307.068,0.604827
307.148,0.604827
307.228,0.604827
307.267,0.604827
307.348,0.604827
307.428,0.532195
307.468,0.532195
307.548,0.532195
307.628,0.532195
307.692,0.532195
307.748,0.489878
307.828,0.489878
307.867,0.489878
307.948,0.489878
308.028,0.489878
308.068,0.475976
308.148,0.475976
308.228,0.475976
308.268,0.475976
308.348,0.475976
308.428,0.512856
308.468,0.512856
308.548,0.512856
308.628,0.512856
308.668,0.512856
308.748,0.517409
308.848,0.517409
308.868,0.517409
308.948,0.517409
309.028,0.517409
309.068,0.505518
309.148,0.505518
309.228,0.505518
309.268,0.505518
309.412,0.505518
309.429,0.537744
309.468,0.537744
309.548,0.537744
309.628,0.537744
309.667,0.537744
309.748,0.532348
309.828,0.532348
309.867,0.532348
309.947,0.532348
310.028,0.532348
310.068,0.496037
310.148,0.496037
310.228,0.496037
310.267,0.496037
310.348,0.496037
310.427,0.430244
310.468,0.430244
310.557,0.430244
310.637,0.430244
310.677,0.430244
310.757,0.411433
310.837,0.411433
310.877,0.411433
310.957,0.411433
311.061,0.411433
311.078,0.386372
311.157,0.386372
311.237,0.386372
311.277,0.386372
311.357,0.386372
311.437,0.330508
311.477,0.330508
311.557,0.330508
311.637,0.330508
311.738,0.330508
311.818,0.287805
311.898,0.287805
311.938,0.287805
312.018,0.287805
312.098,0.287805
312.138,0.296392
312.218,0.296392
312.298,0.296392
312.337,0.296392
312.418,0.296392
312.498,0.334035
312.538,0.334035
312.617,0.334035
312.698,0.334035
312.78,0.334035
312.817,0.308862
312.897,0.308862
312.937,0.308862
313.017,0.308862
313.097,0.308862
313.137,0.308272
313.217,0.308272
313.297,0.308272
313.337,0.308272
313.417,0.308272
313.498,0.319461
313.537,0.319461
313.617,0.319461
313.697,0.319461
313.737,0.319461
313.817,0.342276
313.898,0.342276
313.937,0.342276
314.017,0.342276
314.098,0.342276
314.138,0.381687
314.217,0.381687
314.298,0.381687
314.337,0.381687
314.421,0.381687
314.497,0.42003
314.537,0.42003
314.618,0.42003
314.697,0.42003
314.737,0.42003
314.817,0.447063
314.897,0.447063
314.937,0.447063
315.017,0.447063
315.097,0.447063
315.138,0.440386
315.217,0.440386
315.297,0.440386
315.337,0.440386
315.417,0.440386
315.497,0.421626
315.538,0.421626
315.617,0.421626
315.698,0.421626
315.737,0.421626
315.818,0.411911
315.897,0.411911
315.937,0.411911
316.017,0.411911
316.122,0.411911
316.139,0.406311
316.217,0.406311
316.297,0.406311
316.337,0.406311
316.418,0.406311
316.498,0.394055
316.538,0.394055
316.617,0.394055
316.698,0.394055
316.737,0.394055
316.818,0.35624
316.897,0.35624
316.937,0.35624
317.017,0.35624
317.118,0.35624
317.138,0.30498
317.218,0.30498
317.297,0.30498
317.337,0.30498
317.417,0.30498
317.498,0.260193
317.538,0.260193
317.617,0.260193
317.697,0.260193
317.781,0.260193
317.817,0.244329
317.897,0.244329
317.937,0.244329
318.017,0.244329
318.097,0.244329
318.137,0.192287
318.217,0.192287
318.297,0.192287
318.337,0.192287
318.417,0.192287
318.518,0.138679
318.538,0.138679
318.617,0.138679
318.698,0.138679
318.737,0.138679
318.818,0.0735874
318.897,0.0735874
318.938,0.0735874
319.018,0.0735874
319.098,0.0735874
319.138,0.0189634
319.217,0.0189634
319.297,0.0189634
319.337,0.0189634
319.461,0.0189634
319.517,0.0182622
319.537,0.0182622
319.617,0.0182622
319.697,0.0182622
319.737,0.0182622
319.817,0.0381504
319.897,0.0381504
319.937,0.0381504
320.017,0.0381504
320.097,0.0381504
320.138,0.0369207
320.217,0.0369207
320.298,0.0369207
320.338,0.0369207
320.418,0.0369207
320.498,0.0350407
320.538,0.0350407
320.617,0.0350407
320.698,0.0350407
320.737,0.0350407
320.817,0.0394512
320.897,0.0394512
320.937,0.0394512
321.017,0.0394512
321.142,0.0394512
321.159,0.054248
321.217,0.054248
321.297,0.054248
321.338,0.054248
321.417,0.054248
321.497,0.0543902
321.537,0.0543902
321.617,0.0543902
321.697,0.0543902
321.737,0.0543902
321.818,0.0534451
321.898,0.0534451
321.937,0.0534451
326.135,0.0534451
322.041,0.0534451
326.207,0.0546646
322.162,0.0546646
322.201,0.0546646
322.281,0.0546646
322.361,0.0546646
322.402,0.0548984
322.481,0.0548984
322.562,0.0548984
322.601,0.0548984
322.682,0.0548984
322.762,0.0565244
322.802,0.0565244
322.882,0.0565244
322.962,0.0565244
323.002,0.0565244
323.082,0.0562398
323.162,0.0562398
323.202,0.0562398
323.281,0.0562398
323.362,0.0562398
323.401,0.0575813
323.481,0.0575813
323.562,0.0575813
323.648,0.0575813
323.682,0.0575813
323.761,0.057876
323.801,0.057876
323.881,0.057876
323.961,0.057876
324.001,0.057876
324.081,0.0578557
324.162,0.0578557
324.202,0.0578557
324.282,0.0578557
324.362,0.0578557
324.402,0.0582622
324.482,0.0582622
324.562,0.0582622
324.602,0.0582622
324.682,0.0582622
324.762,0.0565549
324.801,0.0565549
324.881,0.0565549
324.962,0.0565549
325.001,0.0565549
325.082,0.0581301
325.162,0.0581301
325.201,0.0581301
325.328,0.0581301
325.362,0.0581301
325.401,0.0549898
325.481,0.0549898
325.561,0.0549898
325.601,0.0549898
325.681,0.0549898
325.761,0.0550915
325.801,0.0550915
325.881,0.0550915
325.962,0.0550915
326.002,0.0550915
326.082,0.0540346
326.162,0.0540346
326.202,0.0540346
326.282,0.0540346
326.362,0.0540346
326.402,0.0560366
326.482,0.0560366
326.562,0.0560366
326.602,0.0560366
326.682,0.0560366
326.762,0.0561585
326.801,0.0561585
326.882,0.0561585
327.008,0.0561585
327.025,0.0561585
327.081,0.0559146
327.162,0.0559146
327.201,0.0559146
327.281,0.0559146
327.361,0.0559146
327.401,0.0626321
327.481,0.0626321
327.562,0.0626321
327.601,0.0626321
327.682,0.0626321
327.762,0.128384
327.802,0.128384
327.882,0.128384
327.962,0.128384
328.002,0.128384
328.082,0.156494
328.162,0.156494
328.202,0.156494
328.282,0.156494
328.362,0.156494
328.402,0.256148
328.482,0.256148
328.562,0.256148
328.647,0.256148
328.682,0.256148
328.762,0.252226
328.802,0.252226
328.882,0.252226
328.962,0.252226
329.002,0.252226
329.082,0.237378
329.162,0.237378
329.201,0.237378
329.281,0.237378
329.362,0.237378
329.402,0.240467
329.481,0.240467
329.562,0.240467
329.601,0.240467
329.681,0.240467
329.761,0.216006
329.801,0.216006
329.881,0.216006
329.961,0.216006
330.001,0.216006
330.081,0.186535
330.162,0.186535
330.201,0.186535
330.308,0.186535
330.362,0.186535
330.402,0.185854
330.482,0.185854
330.562,0.185854
330.602,0.185854
330.682,0.185854
330.762,0.15938
330.802,0.15938
330.882,0.15938
330.961,0.15938
331.002,0.15938
331.082,0.183049
331.162,0.183049
331.202,0.183049
331.282,0.183049
331.362,0.183049
331.402,0.190152
331.482,0.190152
331.562,0.190152
331.601,0.190152
331.682,0.190152
331.762,0.209787
331.802,0.209787
331.882,0.209787
332.007,0.209787
332.024,0.209787
332.081,0.24062
332.161,0.24062
332.201,0.24062
332.281,0.24062
332.361,0.24062
332.401,0.234593
332.481,0.234593
332.561,0.234593
332.601,0.234593
332.682,0.234593
332.762,0.241433
332.801,0.241433
332.882,0.241433
332.962,0.241433
333.002,0.241433
333.082,0.234888
333.162,0.234888
333.202,0.234888
333.282,0.234888
333.362,0.234888
333.402,0.216484
333.482,0.216484
333.562,0.216484
333.647,0.216484
333.682,0.216484
333.761,0.155976
333.801,0.155976
333.882,0.155976
333.962,0.155976
334.001,0.155976
334.081,0.0748679
334.162,0.0748679
334.201,0.0748679
334.281,0.0748679
334.362,0.0748679
334.402,0.0412195
334.482,0.0412195
334.562,0.0412195
334.602,0.0412195
334.682,0.0412195
334.762,0.0265752
334.802,0.0265752
334.882,0.0265752
334.962,0.0265752
335.002,0.0265752
335.082,0.0375
335.162,0.0375
335.202,0.0375
335.327,0.0375
335.362,0.0375
335.401,0.0519004
335.482,0.0519004
335.562,0.0519004
335.602,0.0519004
335.682,0.0519004
335.762,0.054248
335.801,0.054248
335.882,0.054248
335.962,0.054248
336.002,0.054248
336.082,0.0566362
336.162,0.0566362
336.202,0.0566362
336.282,0.0566362
336.362,0.0566362
336.402,0.073252
336.482,0.073252
336.562,0.073252
336.602,0.073252
336.682,0.073252
336.762,0.0905386
336.801,0.0905386
336.882,0.0905386
337.006,0.0905386
337.042,0.0905386
337.082,0.0958333
337.162,0.0958333
337.202,0.0958333
337.282,0.0958333
337.362,0.0958333
337.402,0.0957927
337.482,0.0957927
337.562,0.0957927
337.601,0.0957927
337.682,0.0957927
337.762,0.147053
337.801,0.147053
337.882,0.147053
337.962,0.147053
338.002,0.147053
338.081,0.1794
338.162,0.1794
338.201,0.1794
338.281,0.1794
338.361,0.1794
338.402,0.183191
338.482,0.183191
338.561,0.183191
338.605,0.183191
338.681,0.183191
338.761,0.164868
338.801,0.164868
338.882,0.164868
338.962,0.164868
339.002,0.164868
339.082,0.164594
339.162,0.164594
339.202,0.164594
339.282,0.164594
339.362,0.164594
339.402,0.149898
339.482,0.149898
339.562,0.149898
339.602,0.149898
339.682,0.149898
339.762,0.148648
339.801,0.148648
339.881,0.148648
339.961,0.148648
340.002,0.148648
340.082,0.176199
340.162,0.176199
340.202,0.176199
340.326,0.176199
340.362,0.176199
340.401,0.1519
340.482,0.1519
340.561,0.1519
340.601,0.1519
340.682,0.1519
340.762,0.079187
340.801,0.079187
340.881,0.079187
340.961,0.079187
341.002,0.079187
341.082,0.0190752
341.162,0.0190752
341.202,0.0190752
341.282,0.0190752
341.362,0.0190752
341.401,0.023374
341.482,0.023374
341.562,0.023374
341.602,0.023374
341.682,0.023374
341.762,0.0361484
341.802,0.0361484
341.882,0.0361484
342.006,0.0361484
342.023,0.0361484
342.082,0.0747358
342.162,0.0747358
342.202,0.0747358
342.282,0.0747358
342.382,0.0747358
342.401,0.0812805
342.482,0.0812805
342.561,0.0812805
342.601,0.0812805
342.682,0.0812805
342.762,0.0803862
342.801,0.0803862
342.881,0.0803862
342.961,0.0803862
343.001,0.0803862
343.081,0.0794004
343.162,0.0794004
343.202,0.0794004
343.282,0.0794004
343.362,0.0794004
343.402,0.0801118
343.482,0.0801118
343.562,0.0801118
343.646,0.0801118
343.682,0.0801118
343.762,0.076189
343.801,0.076189
343.901,0.076189
343.961,0.076189
344.001,0.076189
344.082,0.0770325
344.162,0.0770325
344.201,0.0770325
344.281,0.0770325
344.362,0.0770325
344.402,0.0778659
344.482,0.0778659
344.562,0.0778659
344.602,0.0778659
344.682,0.0778659
344.761,0.0784248
344.802,0.0784248
344.882,0.0784248
344.961,0.0784248
345.001,0.0784248
345.082,0.0793089
345.162,0.0793089
345.202,0.0793089
345.327,0.0793089
345.361,0.0793089
345.402,0.0823679
345.481,0.0823679
345.562,0.0823679
345.601,0.0823679
345.682,0.0823679
345.762,0.0817683
345.802,0.0817683
345.882,0.0817683
345.962,0.0817683
352.008,0.0817683
346.052,0.0731809
352.082,0.0731809
346.189,0.0731809
346.229,0.0731809
346.308,0.0731809
346.389,0.074065
346.429,0.074065
346.509,0.074065
346.589,0.074065
346.628,0.074065
346.709,0.0721646
346.789,0.0721646
346.829,0.0721646
346.908,0.0721646
346.989,0.0721646
347.029,0.0736585
347.109,0.0736585
347.189,0.0736585
347.229,0.0736585
347.309,0.0736585
347.388,0.0732724
347.429,0.0732724
347.508,0.0732724
347.589,0.0732724
347.674,0.0732724
347.709,0.0755081
347.789,0.0755081
347.829,0.0755081
347.908,0.0755081
347.988,0.0755081
348.028,0.0714533
348.108,0.0714533
348.189,0.0714533
348.228,0.0714533
348.308,0.0714533
348.389,0.072002
348.429,0.072002
348.509,0.072002
348.589,0.072002
348.628,0.072002
348.709,0.0716972
348.789,0.0716972
348.828,0.0716972
348.909,0.0716972
348.989,0.0716972
349.028,0.0724695
349.108,0.0724695
349.189,0.0724695
349.228,0.0724695
349.355,0.0724695
349.389,0.0751524
349.429,0.0751524
349.508,0.0751524
349.589,0.0751524
349.628,0.0751524
349.709,0.0761484
349.788,0.0761484
349.829,0.0761484
349.909,0.0761484
349.989,0.0761484
350.029,0.0771138
350.109,0.0771138
350.189,0.0771138
350.229,0.0771138
350.309,0.0771138
350.389,0.162022
350.429,0.162022
350.509,0.162022
350.589,0.162022
350.629,0.162022
350.709,0.189207
350.789,0.189207
350.829,0.189207
350.909,0.189207
351.034,0.189207
351.051,0.154868
351.109,0.154868
351.189,0.154868
351.229,0.154868
351.309,0.154868
351.389,0.151524
351.429,0.151524
351.509,0.151524
351.589,0.151524
351.628,0.151524
351.709,0.154228
351.789,0.154228
351.829,0.154228
351.909,0.154228
351.989,0.154228
352.029,0.158577
352.109,0.158577
352.189,0.158577
352.229,0.158577
352.309,0.158577
352.389,0.205488
352.429,0.205488
352.509,0.205488
352.589,0.205488
352.672,0.205488
352.709,0.235457
352.789,0.235457
352.829,0.235457
352.909,0.235457
352.989,0.235457
353.029,0.238089
353.109,0.238089
353.189,0.238089
353.229,0.238089
353.309,0.238089
353.389,0.233262
353.429,0.233262
353.509,0.233262
353.589,0.233262
353.629,0.233262
353.709,0.240681
353.789,0.240681
353.828,0.240681
353.909,0.240681
353.989,0.240681
354.029,0.239939
354.109,0.239939
354.189,0.239939
354.228,0.239939
354.332,0.239939
354.389,0.246606
354.428,0.246606
354.509,0.246606
354.589,0.246606
354.628,0.246606
354.709,0.247663
354.789,0.247663
354.828,0.247663
354.909,0.247663
354.989,0.247663
355.029,0.291057
355.109,0.291057
355.189,0.291057
355.229,0.291057
355.309,0.291057
355.389,0.314441
355.429,0.314441
355.509,0.314441
355.589,0.314441
355.629,0.314441
355.709,0.314106
355.789,0.314106
355.829,0.314106
355.909,0.314106
355.993,0.314106
356.028,0.319126
356.109,0.319126
356.189,0.319126
356.228,0.319126
356.309,0.319126
356.389,0.332856
356.429,0.332856
356.509,0.332856
356.589,0.332856
356.629,0.332856
356.709,0.37811
356.789,0.37811
356.829,0.37811
356.909,0.37811
356.989,0.37811
357.029,0.399614
357.109,0.399614
357.189,0.399614
357.229,0.399614
357.309,0.399614
357.389,0.412012
357.429,0.412012
357.509,0.412012
357.589,0.412012
357.652,0.412012
357.709,0.431982
357.788,0.431982
357.829,0.431982
357.909,0.431982
357.989,0.431982
358.029,0.43565
358.109,0.43565
358.189,0.43565
358.229,0.43565
358.309,0.43565
358.389,0.435722
358.428,0.435722
358.509,0.435722
358.589,0.435722
358.629,0.435722
358.709,0.44878
358.789,0.44878
358.829,0.44878
358.909,0.44878
358.989,0.44878
359.029,0.497226
359.109,0.497226
359.189,0.497226
359.229,0.497226
359.332,0.497226
359.389,0.527551
359.429,0.527551
359.509,0.527551
359.589,0.527551
359.629,0.527551
359.709,0.530285
359.789,0.530285
359.828,0.530285
359.909,0.530285
359.988,0.530285
360.029,0.537053
360.109,0.537053
360.189,0.537053
360.228,0.537053
360.309,0.537053
360.389,0.541778
360.429,0.541778
360.509,0.541778
360.589,0.541778
360.629,0.541778
360.709,0.558516
360.789,0.558516
360.829,0.558516
360.909,0.558516
361.013,0.558516
361.03,0.603018
361.109,0.603018
361.189,0.603018
361.229,0.603018
361.309,0.603018
361.389,0.623831
361.429,0.623831
361.509,0.623831
361.589,0.623831
361.629,0.623831
361.709,0.639919
361.789,0.639919
361.829,0.639919
361.909,0.639919
361.989,0.639919
362.029,0.675193
362.109,0.675193
362.189,0.675193
362.229,0.675193
362.309,0.675193
362.389,0.699888
362.429,0.699888
362.509,0.699888
362.589,0.699888
362.672,0.699888
362.709,0.721331
362.789,0.721331
362.829,0.721331
362.909,0.721331
362.989,0.721331
363.029,0.704787
363.109,0.704787
363.189,0.704787
363.228,0.704787
363.309,0.704787
363.389,0.696067
363.429,0.696067
363.509,0.696067
363.589,0.696067
363.629,0.696067
363.709,0.685762
363.789,0.685762
363.829,0.685762
363.909,0.685762
363.989,0.685762
364.029,0.661839
364.109,0.661839
364.189,0.661839
364.229,0.661839
364.312,0.661839
364.389,0.624685
364.429,0.624685
364.504,0.624685
364.584,0.624685
364.623,0.624685
364.704,0.614553
364.784,0.614553
364.824,0.614553
364.904,0.614553
364.984,0.614553
365.024,0.628547
365.104,0.628547
365.184,0.628547
365.224,0.628547
365.304,0.628547
365.384,0.649299
365.424,0.649299
365.504,0.649299
365.584,0.649299
365.624,0.649299
365.704,0.668608
365.784,0.668608
365.824,0.668608
365.904,0.668608
366.027,0.668608
366.064,0.680173
366.104,0.680173
366.184,0.680173
366.224,0.680173
366.304,0.680173
366.384,0.689207
366.424,0.689207
366.524,0.689207
366.584,0.689207
366.624,0.689207
366.704,0.690254
366.784,0.690254
366.824,0.690254
366.904,0.690254
366.984,0.690254
367.024,0.687907
367.104,0.687907
367.184,0.687907
367.224,0.687907
367.304,0.687907
367.384,0.68685
367.424,0.68685
367.504,0.68685
367.584,0.68685
367.667,0.68685
367.704,0.698486
367.784,0.698486
367.824,0.698486
367.904,0.698486
367.984,0.698486
368.024,0.729238
368.104,0.729238
368.184,0.729238
368.224,0.729238
368.304,0.729238
368.384,0.740447
368.424,0.740447
368.504,0.740447
368.584,0.740447
368.624,0.740447
368.704,0.738902
368.784,0.738902
368.823,0.738902
368.904,0.738902
368.984,0.738902
369.024,0.744085
369.104,0.744085
369.184,0.744085
369.223,0.744085
369.327,0.744085
369.384,0.729654
369.423,0.729654
369.504,0.729654
369.584,0.729654
369.624,0.729654
369.704,0.738394
369.784,0.738394
369.824,0.738394
369.904,0.738394
369.984,0.738394
370.024,0.760193
370.104,0.760193
370.184,0.760193
370.224,0.760193
370.304,0.760193
370.384,0.784594
370.424,0.784594
370.504,0.784594
370.584,0.784594
370.624,0.784594
370.704,0.827317
370.784,0.827317
370.824,0.827317
370.904,0.827317
371.027,0.827317
371.044,0.860549
371.104,0.860549
371.184,0.860549
371.224,0.860549
371.304,0.860549
371.384,0.878455
371.424,0.878455
371.504,0.878455
371.584,0.878455
371.624,0.878455
371.704,0.877754
371.784,0.877754
371.824,0.877754
371.904,0.877754
371.984,0.877754
372.024,0.87252
372.104,0.87252
372.184,0.87252
372.224,0.87252
372.304,0.87252
372.384,0.856778
372.424,0.856778
372.504,0.856778
372.584,0.856778
372.627,0.856778
372.704,0.835671
372.784,0.835671
372.824,0.835671
372.904,0.835671
372.984,0.835671
373.024,0.829065
373.104,0.829065
373.184,0.829065
373.224,0.829065
373.304,0.829065
373.384,0.832114
373.424,0.832114
373.504,0.832114
373.584,0.832114
373.624,0.832114
373.704,0.852632
373.784,0.852632
373.824,0.852632
373.904,0.852632
373.984,0.852632
374.024,0.866667
374.104,0.866667
374.184,0.866667
374.224,0.866667
374.347,0.866667
374.384,0.857947
374.424,0.857947
374.504,0.857947
374.584,0.857947
374.624,0.857947
374.704,0.85876
374.784,0.85876
374.824,0.85876
374.904,0.85876
374.984,0.85876
375.024,0.862022
375.104,0.862022
375.184,0.862022
375.224,0.862022
375.304,0.862022
375.384,0.865528
375.424,0.865528
375.504,0.865528
375.584,0.865528
375.624,0.865528
375.704,0.870793
375.784,0.870793
375.824,0.870793
375.904,0.870793
375.988,0.870793
376.024,0.840498
376.104,0.840498
376.184,0.840498
376.224,0.840498
376.304,0.840498
376.384,0.843679
376.424,0.843679
376.504,0.843679
376.584,0.843679
376.624,0.843679
376.704,0.846535
376.784,0.846535
376.824,0.846535
376.904,0.846535
376.984,0.846535
377.024,0.849319
377.104,0.849319
377.184,0.849319
377.224,0.849319
377.304,0.849319
377.384,0.853984
377.424,0.853984
377.504,0.853984
377.584,0.853984
377.668,0.853984
377.704,0.844096
377.784,0.844096
377.824,0.844096
377.904,0.844096
377.984,0.844096
378.024,0.852957
378.104,0.852957
378.184,0.852957
378.224,0.852957
378.304,0.852957
378.384,0.859329
378.424,0.859329
378.504,0.859329
378.584,0.859329
378.624,0.859329
378.704,0.869512
378.784,0.869512
378.824,0.869512
378.904,0.869512
378.984,0.869512
379.024,0.877409
379.104,0.877409
379.184,0.877409
379.224,0.877409
379.347,0.877409
379.384,0.872012
379.424,0.872012
379.504,0.872012
379.584,0.872012
379.624,0.872012
379.704,0.870376
379.784,0.870376
379.824,0.870376
379.904,0.870376
379.984,0.870376
380.024,0.868222
380.104,0.868222
380.184,0.868222
380.224,0.868222
380.304,0.868222
380.384,0.86252
380.424,0.86252
380.504,0.86252
380.584,0.86252
380.624,0.86252
380.704,0.853018
380.784,0.853018
380.824,0.853018
380.904,0.853018
381.008,0.853018
381.025,0.820102
381.104,0.820102
381.184,0.820102
381.223,0.820102
381.304,0.820102
381.384,0.81935
381.423,0.81935
381.497,0.81935
381.577,0.81935
381.616,0.81935
381.697,0.819888
381.777,0.819888
381.817,0.819888
381.897,0.819888
381.977,0.819888
382.017,0.821189
382.097,0.821189
