0,10960
0,10888
0.1,10915
0.119987,10977
0.2,11021
0.280013,11040
0.319987,10963
0.4,11033
0.480013,11023
0.519987,11068
0.6,11046
0.680013,10997
0.719987,11023
0.8,11142
0.880013,11149
0.919987,11148
1,11238
1.08001,11238
1.11999,11279
1.2,11286
1.30404,11291
1.32103,11272
1.4,11323
1.48001,11325
1.54004,11332
1.6,11354
1.68001,11343
1.71999,11343
1.8,11369
1.88001,11338
1.91999,11334
2,11345
2.08001,11337
2.11999,11338
2.2,11359
2.28001,11345
2.31999,11316
2.4,11330
2.48001,11344
2.51999,11363
2.6,11346
2.68001,11329
2.71999,11317
2.8,11306
2.88001,11540
2.964,11542
3,11530
3.08001,11513
3.11999,11513
3.2,11525
3.28001,11534
3.31999,11497
3.4,11502
3.48001,11493
3.51999,11505
3.6,11488
3.68001,11475
3.71999,11481
3.8,11516
3.88001,11481
3.91999,11414
4,11431
4.08001,11474
4.11999,11405
4.2,11403
4.28001,11365
4.31999,11359
4.4,11355
4.48001,11372
4.51999,11522
4.64401,11525
4.68001,11518
4.71999,11514
4.8,11540
4.88001,11488
4.91999,11434
5,11451
5.08001,11453
5.11999,11409
5.2,11417
5.28001,11391
5.31999,11368
5.4,11395
5.48001,11397
5.51999,11367
5.6,11357
5.68001,11305
5.71999,11314
5.8,11306
5.88001,11306
5.91999,11319
6,11390
6.08001,11401
6.11999,11371
6.21999,11175
6.32298,11201
6.34004,11160
6.4,11185
6.48001,11190
6.51999,11200
6.6,11204
6.68001,11243
6.71999,11267
6.8,11284
6.88001,11251
6.91999,11243
7,11256
7.08001,11281
7.11999,11241
7.2,11246
7.28001,11234
7.31999,11249
7.4,11222
7.48001,11250
7.51999,11193
7.6,11189
7.68001,11212
7.71999,11178
7.8,11181
7.88001,11506
7.92298,11509
8,11543
8.08001,11551
8.11999,11550
8.2,11550
8.28001,11507
8.31999,11520
8.4,11525
8.48001,11525
8.51999,11524
8.6,11520
8.68001,11534
8.71999,11541
8.8,11544
8.88001,11552
8.91999,11554
9,11556
9.08001,11551
9.11999,11553
9.2,11549
9.28001,11553
9.31999,11555
9.4,11548
9.48001,11532
9.51999,11220
9.64303,11222
9.68001,11241
9.71999,11240
9.8,11258
9.88001,11212
9.91999,11229
10,11220
10.08,11219
10.12,11216
10.2,11237
10.28,11240
10.32,11176
10.4,11202
10.48,11222
10.52,11223
10.6,11231
10.68,11242
10.72,11251
10.8,11199
10.88,11214
10.92,11231
11,11197
11.08,11203
11.12,11213
11.2,11501
11.323,11516
11.34,11524
11.4,11532
11.48,11524
11.52,11501
11.6,11509
11.68,11523
11.72,11526
11.8,11566
11.88,11571
11.92,11556
12,11529
12.08,11549
12.12,11543
12.2,11541
12.28,11474
12.32,11453
12.4,11461
12.48,11453
12.52,11450
12.6,11455
12.68,11445
12.72,11453
12.8,11455
12.88,11290
12.963,11307
13,11243
13.08,11230
13.12,11228
13.2,11234
13.28,11255
13.32,11271
13.4,11276
13.48,11254
13.52,11247
13.6,11230
13.68,11231
13.72,11218
13.8,11232
13.88,11239
13.92,11217
14,11226
14.08,11227
14.12,11233
14.2,11170
14.28,11167
14.32,11140
14.4,11130
14.48,11119
14.52,11035
14.643,11039
14.68,11045
14.72,11042
14.8,11035
14.88,11031
14.92,11027
15,11020
15.08,11037
15.12,11095
15.2,11143
15.28,11183
15.32,11159
15.4,11174
15.48,11185
15.52,11199
15.6,11170
15.68,11160
15.72,11173
15.8,11163
15.88,11166
15.92,11187
16,11179
16.08,11186
16.12,11202
16.2,11240
16.323,11246
16.34,11241
16.4,11252
16.48,11286
16.52,11265
16.6,11216
16.68,11232
16.72,11221
16.8,11243
16.88,11246
16.92,11265
17,11267
17.08,11269
17.12,11287
17.2,11275
17.28,11280
17.32,11275
17.4,11276
17.48,11286
17.52,11280
17.6,11303
17.68,11299
17.72,11299
17.8,11300
17.88,11443
17.964,11446
18.02,11426
18.08,11464
18.12,11456
18.2,11424
18.28,11429
18.32,11423
18.4,11436
18.48,11425
18.52,11450
18.6,11479
18.68,11483
18.72,11532
18.8,11551
18.88,11487
18.92,11532
19,11554
19.08,11571
19.12,11579
19.2,11542
19.28,11576
19.32,11507
19.4,11468
19.48,11420
19.52,11619
19.643,11593
19.68,11571
19.72,11610
19.8,11640
19.88,11679
19.92,11669
20,11721
20.08,11709
20.12,11684
20.2,11682
20.28,11675
20.32,11671
20.4,11687
20.48,11698
20.52,11697
20.6,11684
20.68,11666
20.721,11700
20.8,11689
20.88,11700
20.92,11725
21,11731
21.08,11702
21.12,11742
21.2,11590
21.323,11662
21.34,11654
21.4,11624
21.48,11632
21.52,11633
21.62,11671
21.68,11679
21.72,11667
21.8,11698
21.88,11688
21.92,11729
22,11705
22.08,11712
22.12,11720
22.2,11731
22.28,11723
22.32,11717
22.4,11757
22.48,11785
22.52,11754
22.6,11762
22.68,11759
22.72,11734
22.8,11735
22.88,11396
22.963,11311
23,11310
23.08,11368
23.12,11372
23.2,11379
23.28,11412
23.32,11414
23.4,11433
23.48,11460
23.52,11497
23.6,11475
23.68,11469
23.72,11474
23.8,11474
23.88,11454
23.92,11441
24,11441
24.08,11453
24.12,11500
24.2,11509
24.28,11487
24.32,11499
24.4,11514
24.48,11528
24.52,11550
24.643,11557
24.68,11467
24.71,11448
24.79,11466
24.87,11485
24.91,11487
24.99,11488
25.07,11473
25.11,11508
25.19,11503
25.27,11506
25.33,11503
25.39,11479
25.47,11487
25.51,11517
25.59,11514
25.67,11513
25.71,11501
25.8,11511
25.88,11516
25.92,11517
26,11505
26.08,11535
26.12,11549
26.2,11679
26.304,11658
26.321,11626
26.4,11631
26.48,11628
26.52,11630
26.6,11641
26.68,11625
26.72,11642
26.8,11648
26.88,11643
26.92,11642
27,11672
27.08,11649
27.12,11654
27.2,11660
27.28,11637
27.32,11645
27.4,11652
27.48,11647
27.52,11661
27.6,11666
27.68,11651
27.72,11643
27.8,11646
27.88,11867
27.963,11852
28.02,11804
28.08,11806
28.12,11837
28.2,11845
28.28,11818
28.32,11814
28.4,11818
28.48,11802
28.52,11775
28.6,11795
28.68,11802
28.71,11798
28.79,11805
28.87,11816
28.91,11833
28.99,11790
29.07,11724
29.11,11700
29.19,11698
29.27,11704
29.31,11697
29.39,11701
29.47,11696
29.51,11746
29.613,11719
29.67,11692
29.71,11714
29.79,11735
29.87,11669
29.91,11691
29.99,11699
30.07,11722
30.11,11707
30.19,11714
30.27,11668
30.31,11662
30.39,11644
30.47,11639
30.51,11641
30.59,11639
30.67,11677
30.71,11678
30.8,11685
30.88,11692
30.92,11690
31,11654
31.08,11662
31.12,11652
31.2,11527
31.283,11475
31.32,11480
31.4,11478
31.48,11519
31.52,11509
31.6,11474
31.68,11462
31.72,11452
31.8,11459
31.88,11469
31.92,11474
32,11476
32.08,11487
32.12,11506
32.2,11521
32.28,11528
32.32,11513
32.4,11523
32.48,11500
32.52,11477
32.6,11494
32.68,11502
32.709,11512
32.79,11534
32.87,11657
32.934,11660
32.99,11665
33.07,11680
33.11,12265
33.19,13079
33.27,13533
33.31,14347
33.41,15149
33.47,15549
33.51,15883
33.59,16417
33.67,16774
33.71,17167
33.79,17359
33.87,17482
33.91,17562
33.99,17814
34.07,17847
34.11,18024
34.19,17987
34.27,18044
34.31,18046
34.39,17891
34.47,17916
34.51,17602
34.634,17703
34.67,17694
34.71,17829
34.8,17775
34.88,17827
34.92,17926
35,18099
35.08,18219
35.12,18328
35.2,18402
35.28,18483
35.32,18578
35.4,18689
35.48,18737
35.52,18886
35.6,19030
35.68,19059
35.71,19066
35.79,19070
35.87,19098
35.91,19264
35.99,19289
36.07,19379
36.11,19523
36.19,19419
36.295,19441
36.312,19531
36.39,19595
36.47,19654
36.51,19741
36.59,19763
36.67,19762
36.71,19827
36.79,19729
36.87,19668
36.91,19705
36.99,19796
37.07,19788
37.11,19834
37.19,19803
37.27,19835
37.31,19814
37.39,19819
37.47,19772
37.51,19758
37.59,19764
37.67,19813
37.714,19828
37.79,19794
37.87,19915
37.954,19870
38.01,19864
38.07,19894
38.11,19878
38.19,19881
38.27,19903
38.31,19939
38.39,19925
38.47,19902
38.51,19892
38.59,19881
38.67,19889
38.71,19874
38.8,19867
38.88,19849
38.92,19861
39,19860
39.08,19836
39.12,19842
39.2,19855
39.28,19892
39.32,20093
39.4,20393
39.48,20547
39.52,20473
39.644,20290
39.68,20213
39.72,20126
39.8,20322
39.88,20484
39.92,20835
40,21150
40.08,21311
40.12,21642
40.2,21968
40.28,22132
40.32,22422
40.4,22691
40.48,22799
40.52,23014
40.6,23086
40.68,23164
40.709,23383
40.79,23689
40.87,23848
40.91,24090
40.99,24340
41.07,24487
41.11,24789
41.19,24603
41.315,24738
41.332,25020
41.39,25265
41.47,25390
41.51,25587
41.59,25678
41.67,25735
41.71,25771
41.79,25765
41.87,25745
41.91,25735
41.99,25701
42.07,25706
42.11,25715
42.19,25706
42.27,25733
42.31,25753
42.39,25745
42.47,25759
42.51,25768
42.59,25798
42.67,25813
42.71,25832
42.8,25872
42.88,25887
42.964,25902
43.02,25920
43.08,25917
43.12,25988
43.2,25993
43.28,26040
43.32,26042
43.4,26090
43.48,26053
43.52,26046
43.6,26079
43.68,26077
43.72,26081
43.8,26116
43.88,26067
43.92,26015
44,26043
44.08,26060
44.12,26020
44.2,26064
44.28,26082
44.32,26112
44.4,26134
44.48,26146
44.52,26135
44.644,26107
44.68,26101
44.708,26128
44.79,26185
44.87,26179
44.91,26129
44.99,26172
45.07,26164
45.11,26183
45.19,26153
45.27,26163
45.31,26112
45.39,26138
45.47,26150
45.51,26149
45.59,26159
45.67,26143
45.71,26155
45.79,26195
45.87,26218
45.91,26215
45.99,26211
46.07,26228
46.11,26204
46.19,26167
46.315,26190
46.332,26224
46.39,26234
46.47,26263
46.51,26248
46.59,26231
46.67,26214
46.71,26203
46.8,26199
46.88,26176
46.92,26140
47,26146
47.08,26148
47.12,26082
47.2,26072
47.28,26059
47.32,26052
47.4,26053
47.48,26090
47.52,26029
47.6,25955
47.68,26007
47.72,25970
47.8,25927
47.88,25673
47.964,25700
48,25697
48.08,25679
48.12,25698
48.2,25688
48.28,25667
48.32,25722
48.4,25692
48.48,25713
48.52,25713
48.6,25678
48.68,25660
48.708,25621
48.8,25598
48.88,25572
48.92,25573
49,25554
49.08,25521
49.12,25510
49.2,25457
49.28,25427
49.32,25424
49.4,25422
49.48,25410
49.52,25306
49.646,25270
49.68,25281
49.72,25243
49.8,25200
49.88,25169
49.92,25203
50,25219
50.08,25200
50.12,25201
50.2,25186
50.28,25173
50.32,25177
50.4,25175
50.48,25164
50.52,25172
50.6,25124
50.68,25105
50.72,25074
50.8,25019
50.88,24976
50.92,24961
51,24939
51.08,24925
51.12,24911
51.2,24555
51.326,24560
51.343,24556
51.4,24579
51.48,24559
51.52,24574
51.6,24585
51.68,24604
51.72,24613
51.8,24665
51.88,24650
51.92,24677
52,24672
52.08,24674
52.12,24697
52.2,25005
52.28,25188
52.32,25439
52.4,25568
52.48,25717
52.52,26141
52.6,26529
52.68,26761
52.708,27203
52.8,27577
52.88,27870
52.966,28278
53.02,28608
53.08,28756
53.12,28932
53.2,28974
53.28,29118
53.32,29318
53.4,29554
53.48,29689
53.52,29878
53.6,30039
53.68,30162
53.72,30316
53.8,30392
53.88,30426
53.92,30586
54,30689
54.08,30694
54.12,30738
54.2,30806
54.28,30848
54.32,30868
54.4,30873
54.48,30881
54.52,30500
54.646,30524
54.68,30501
54.72,30464
54.79,30396
54.87,30375
54.91,30352
54.99,30329
55.07,30326
55.11,30330
55.19,30314
55.27,30306
55.31,30360
55.39,30368
55.47,30370
55.51,30336
55.59,30238
55.67,30244
55.71,30239
55.79,30233
55.87,30231
55.91,30221
55.99,30213
56.07,30217
56.11,30225
56.19,30027
56.316,30041
56.333,30036
56.39,30033
56.47,30037
56.51,30037
56.59,30051
56.67,30051
56.71,30065
56.79,30080
56.87,30082
56.91,30095
56.99,30089
57.07,30132
57.11,30114
57.19,30111
57.27,30112
57.31,30113
57.39,30131
57.47,30149
57.51,30155
57.59,30164
57.67,30158
57.712,30156
57.79,30154
57.87,30194
57.955,30200
58.01,30174
58.07,30197
58.11,30191
58.19,30196
58.27,30196
58.31,30197
58.39,30206
58.47,30195
58.51,30156
59.636,30145
58.6165,30135
59.71,30127
58.7365,30081
58.8165,30066
58.8565,30064
58.9365,30069
59.0165,30067
59.0565,30087
59.1365,30107
59.2165,30123
59.2565,30130
59.3365,30147
59.4165,30159
59.4565,30174
59.5365,30174
59.6165,30159
59.6565,30151
59.7365,30153
59.8165,30163
59.8565,30157
59.9365,30160
60.0165,30159
60.0565,30163
60.1365,30178
60.2625,30174
60.2965,30168
60.3365,30187
60.4165,30171
60.4565,30183
60.5365,30182
60.6165,30176
60.6565,30193
60.7365,30194
60.8165,30188
60.8565,30191
60.9365,30174
61.0165,30204
61.0565,30194
61.1365,30192
61.2165,30207
61.2565,30199
61.3365,30210
61.4165,30189
61.4565,30200
61.5365,30198
61.6165,30204
61.6565,30207
61.7365,30206
61.8165,30112
61.9025,30138
61.9365,30133
62.0165,30144
62.0565,30157
62.1365,30168
62.2165,30172
62.2565,30180
62.3365,30172
62.4165,30177
62.4565,30175
62.5365,30175
62.6165,30171
62.6565,30185
62.7365,30175
62.8165,30158
62.8565,30170
62.9365,30183
63.0165,30186
63.0565,30183
63.1365,30182
63.2165,30185
63.2565,30188
63.3365,30197
63.4165,30196
63.4565,30167
63.5825,30181
63.6365,30169
63.6585,30178
63.7365,30194
63.8165,30196
63.8765,30223
63.9365,30244
64.0165,30251
64.0565,30275
64.1365,30312
64.2165,30327
64.2565,30338
64.3365,30341
64.4165,30344
64.4565,30386
64.5365,30478
64.6165,30498
64.6565,30498
64.7365,30506
64.8165,30484
64.8565,30400
64.9365,30368
65.0165,30373
65.0565,30379
65.1365,30375
65.2625,30372
65.2795,30361
65.3365,30361
65.4165,30373
65.4565,30401
65.5365,30400
65.6165,30385
65.6565,30380
65.7365,30386
65.8165,30387
65.8565,30395
65.9375,30392
66.0165,30375
66.0565,30371
66.1365,30363
66.2165,30375
66.2565,30382
66.3365,30385
66.4165,30379
66.4565,30368
66.5365,30376
66.6165,30364
66.6565,30361
66.7365,30365
66.8165,30314
66.9025,30309
66.9365,30323
67.0165,30304
67.0565,30315
67.1365,30329
67.2165,30359
68.5815,30361
67.3239,30345
68.6565,30363
67.444,30355
67.5239,30341
67.564,30322
67.644,30322
67.7239,30328
67.764,30324
67.844,30328
67.9239,30348
67.984,30345
68.044,30356
68.1239,30351
68.164,30353
68.244,30336
68.3239,30340
68.364,30338
68.444,30353
68.5239,30347
68.564,30336
68.644,30335
68.7239,30326
68.764,30325
68.844,30327
68.97,30331
68.987,30333
69.044,30337
69.1239,30360
69.164,30360
69.244,30347
69.3239,30362
69.364,30378
69.444,30384
69.5239,30389
69.564,30373
69.644,30371
69.7239,30388
69.764,30391
69.844,30396
69.9239,30391
69.964,30400
70.044,30399
70.1239,30399
70.164,30403
70.244,30395
70.3239,30394
70.364,30392
70.4539,30394
70.534,30344
70.6209,30357
70.6539,30365
70.734,30389
70.7739,30398
70.8539,30336
70.934,30354
70.9739,30389
71.054,30384
71.134,30391
71.1739,30402
71.254,30408
71.334,30408
71.3739,30407
71.4539,30394
71.534,30402
71.5739,30403
71.6539,30408
71.734,30396
71.7739,30408
71.8539,30416
71.934,30420
71.9739,30395
72.054,30416
72.134,30398
72.1739,30373
72.301,30380
72.334,30378
72.3739,30406
72.4539,30418
72.534,30414
72.5739,30410
72.6539,30433
72.734,30443
72.7739,30444
72.8539,30436
72.934,30440
72.9739,30433
73.054,30422
73.134,30419
73.1739,30418
73.254,30404
73.334,30396
73.3739,30401
73.4539,30400
73.534,30404
73.5739,30416
73.6539,30420
73.734,30419
73.7739,30422
73.8539,30394
73.981,30363
73.998,30375
74.054,30371
74.134,30358
74.1739,30389
74.254,30396
74.334,30400
74.361,30402
74.4539,30408
74.534,30394
74.5739,30397
74.6739,30391
74.734,30374
74.7739,30372
74.8539,30370
74.934,30373
74.9739,30373
75.054,30368
75.134,30361
75.1739,30357
75.254,30355
75.334,30367
75.3739,30368
75.4539,30369
75.534,30353
75.6209,30373
75.6539,30388
75.734,30374
75.7739,30382
75.8539,30378
75.934,30378
75.9739,30367
76.054,30365
76.134,30368
76.1739,30386
76.254,30439
76.334,30520
76.359,30747
76.4539,30904
76.534,31024
76.5739,31075
76.6539,30986
76.734,30853
76.7739,30657
76.8539,30656
76.934,30754
76.9739,30833
77.054,30982
77.134,31082
77.1739,30840
77.301,30746
77.356,30741
77.3739,30494
77.4539,30408
77.534,30383
77.5739,30384
77.6539,30377
77.734,30399
77.794,30404
77.8539,30410
77.934,30413
77.9739,30425
78.054,30408
78.134,30410
78.1739,30400
78.254,30403
78.334,30399
78.364,30396
78.444,30388
78.5239,30382
78.564,30380
78.644,30377
78.7239,30354
78.764,30369
78.844,30237
78.97,30257
78.987,30248
79.044,30246
79.1239,30270
79.164,30261
79.244,30261
79.3239,30261
79.3679,30273
79.444,30285
79.5239,30306
79.564,30328
79.645,30333
79.7239,30329
79.764,30334
79.844,30329
79.9239,30326
79.964,30334
80.044,30331
80.1239,30333
80.164,30341
80.244,30338
80.3239,30340
80.364,30346
80.444,30342
80.5239,30321
80.609,30314
80.644,30314
80.7239,30312
80.764,30307
80.844,30324
80.9239,30351
80.964,30340
81.044,30355
81.1239,30359
81.164,30365
81.244,30354
81.3239,30372
81.364,30361
81.444,30358
81.5239,30359
81.564,30355
81.644,30348
81.7239,30350
81.764,30355
81.844,30358
81.9239,30355
81.964,30360
82.044,30355
82.1239,30357
82.164,30310
82.25,30326
82.3239,30315
82.3679,30321
82.444,30322
82.5239,30342
82.564,30378
82.644,30424
82.7239,30445
82.764,30430
82.844,30406
82.9239,30434
82.964,30484
83.044,30503
83.1239,30531
83.164,30500
83.244,30511
83.3239,30501
83.364,30499
83.444,30529
83.5239,30531
83.564,30534
83.644,30518
83.7239,30538
83.764,30537
83.844,30434
83.97,30441
83.987,30428
84.044,30436
84.1239,30445
84.164,30428
84.244,30430
84.3239,30385
84.364,30400
84.444,30400
84.5239,30401
84.564,30396
84.644,30389
84.7239,30422
84.764,30426
84.844,30414
84.9239,30419
84.964,30397
85.044,30424
85.1239,30425
85.164,30437
85.244,30394
85.3239,30394
85.364,30401
85.444,30402
85.5239,30434
85.609,30433
85.644,30427
85.7239,30431
85.764,30468
85.844,30470
85.9239,30470
85.964,30452
86.044,30504
86.1239,30504
86.164,30504
86.244,30506
86.3239,30502
86.364,30457
86.4539,30417
86.534,30371
86.5739,30364
86.6539,30359
86.734,30369
86.7739,30375
86.8539,30382
86.934,30386
86.9739,30395
87.054,30403
87.134,30390
87.1739,30421
87.301,30417
87.334,30401
87.3569,30407
87.4539,30407
87.534,30407
87.5739,30423
87.6539,30429
87.734,30418
87.7739,30435
87.8539,30433
87.934,30434
87.9739,30425
88.054,30403
88.134,30410
88.1739,30415
88.2539,30420
88.334,30407
88.358,30412
88.4539,30412
88.534,30414
88.5739,30415
88.6539,30413
88.734,30417
88.7739,30426
88.8539,30407
88.98,30432
88.997,30423
89.054,30404
89.134,30408
89.1739,30424
89.2539,30420
89.334,30419
89.3569,30411
89.4539,30389
89.534,30385
89.5739,30388
89.6539,30390
89.734,30395
89.7739,30413
89.8539,30404
89.934,30405
89.9739,30419
90.054,30418
90.134,30406
90.1739,30416
90.2539,30439
90.334,30455
90.361,30483
90.4539,30512
90.534,30550
90.62,30564
90.6539,30617
90.734,30629
90.7739,30669
90.8539,30711
90.934,30722
90.9739,30743
91.054,30827
91.134,30863
91.1739,30911
91.2539,30940
91.3349,30937
91.358,30938
91.444,30948
91.5239,30953
91.564,30955
91.644,30960
91.7239,30962
91.764,30965
91.844,30966
91.9239,30987
91.964,30983
92.044,30967
92.1239,30953
92.164,30839
92.289,30842
92.3239,30840
92.364,30817
92.444,30822
92.5239,30871
92.564,30874
92.644,30881
92.7239,30859
92.764,30818
92.844,30849
92.9239,30886
92.964,30932
93.044,30952
93.1239,30958
93.164,30945
93.244,30966
93.3239,30942
93.365,30921
93.444,30926
93.5239,30946
93.564,30954
93.644,30986
93.7239,30993
93.764,30997
93.844,30869
93.95,30908
93.967,30897
94.044,30933
94.1239,30957
94.164,30894
94.244,30949
94.3239,30993
94.364,30908
94.444,30909
94.5239,30939
94.564,30979
94.644,30982
94.7239,30986
94.764,30974
94.844,30995
94.9239,30973
94.964,31044
95.044,30922
95.1239,31001
95.164,30986
95.244,31016
95.3239,31036
95.364,31057
95.444,30975
95.5239,30722
95.609,30792
95.644,30840
95.7239,30819
95.764,30863
95.844,30806
95.9239,30771
95.964,30819
96.044,30815
96.1239,30886
96.164,30908
96.244,30862
96.3239,30915
96.364,30887
96.444,30852
96.5239,30883
96.564,31053
96.644,30912
96.7239,30896
96.764,30859
96.844,30843
96.9239,30891
96.964,30768
97.044,30667
97.1239,30678
97.164,30557
97.289,30553
97.3239,30469
97.364,30458
97.444,30556
97.5239,30589
97.564,30473
97.644,30649
97.7239,30596
97.764,30615
97.844,30725
97.9239,30621
97.964,30511
98.044,30405
98.1239,30330
98.164,30218
98.244,30221
98.3239,30036
98.364,29785
98.444,29490
98.5239,29342
98.564,28914
98.644,28498
98.7239,28130
98.764,27598
98.844,26794
98.969,26661
98.986,26249
99.044,25784
99.1239,25493
99.164,25036
99.244,24472
99.3239,24254
99.3659,23852
99.444,23299
99.5239,23032
99.564,22571
99.644,22086
99.7239,21790
99.764,21173
99.844,20645
99.9239,20458
99.964,20018
100.044,19644
100.124,19535
100.164,19185
100.244,18764
100.324,18583
100.364,18228
100.444,17962
100.524,17769
100.608,17426
100.644,17111
100.724,16906
100.764,16483
100.844,16022
100.924,15851
100.964,15428
101.044,14976
101.124,14822
101.164,14615
101.244,14517
101.324,14407
101.364,14197
101.444,14007
101.524,13799
101.564,13319
101.644,12927
101.724,12727
101.764,12373
101.844,12066
101.924,11923
101.964,11681
102.044,11389
102.124,11238
102.164,11045
102.288,10791
102.324,10688
102.367,10476
102.444,10218
102.524,10195
102.564,9992
102.644,9840
102.724,9797
102.764,9678
102.844,9541
102.924,9516
102.964,9546
103.044,9504
103.124,9664
103.164,9646
103.244,9611
103.324,9542
103.364,9568
103.444,9571
103.524,9632
103.564,9606
103.644,9628
103.724,9737
103.764,9737
103.844,9919
103.948,9839
103.965,9819
104.064,9675
104.124,9596
104.164,9609
104.244,9608
104.324,9662
104.364,9581
104.444,9768
104.524,9849
104.564,10126
104.644,10407
104.724,10516
104.764,10794
104.844,10985
104.924,11156
104.964,11482
105.044,12002
105.124,12200
105.164,12615
105.244,13022
105.324,13063
105.364,13112
105.444,13410
105.524,13206
105.587,13158
105.644,13171
105.724,13160
105.764,13164
105.844,13258
105.924,13386
105.964,13648
106.044,13985
106.124,14126
106.164,14348
106.244,14711
106.324,14883
106.364,15206
106.444,15642
106.524,15760
106.564,15944
106.644,16078
106.724,16349
106.764,16576
106.844,16607
106.924,16642
106.964,16816
107.044,16982
107.124,17081
107.164,16730
107.268,16932
107.344,16950
107.364,16881
107.444,16579
107.524,16675
107.564,16719
107.644,16289
107.724,16134
107.764,15447
107.844,15015
107.924,14932
107.964,14813
108.044,14754
108.124,14760
108.164,14736
108.244,15020
108.324,15009
108.364,15487
108.455,16054
108.535,16040
108.554,16575
108.635,16865
108.714,17084
108.754,17475
108.835,17744
108.939,17988
108.956,18442
109.034,18949
109.114,19175
109.154,19859
109.235,20850
109.314,21406
109.357,22360
109.434,23348
109.515,23829
109.554,24724
109.635,25604
109.714,26073
109.754,26724
109.834,27175
109.915,27525
109.955,28340
110.034,28708
110.114,28852
110.154,28770
110.235,28949
110.314,28986
110.357,29245
110.434,29485
110.515,29531
110.579,29770
110.635,29760
110.714,29694
110.754,29431
110.834,29238
110.914,29275
110.955,29161
111.034,28773
111.114,28631
111.154,28064
111.235,27464
111.314,27107
111.357,26380
111.434,25662
111.515,25366
111.554,24773
111.635,24153
111.714,23892
111.754,23324
111.834,22843
111.914,22727
111.955,22432
112.034,21930
112.114,21720
112.154,21260
112.278,20933
112.314,20911
112.357,20744
112.434,20623
112.515,20554
112.554,20593
112.635,20354
112.714,20254
112.754,20099
112.834,19704
112.914,19622
112.955,19357
113.034,19179
113.114,19064
113.154,18701
113.235,18332
113.314,18063
113.357,17539
113.434,16834
113.515,16410
113.554,15663
113.635,14887
113.714,14548
113.754,13750
113.834,12779
113.939,12548
113.974,11754
114.034,11091
114.114,10746
114.154,9996
114.234,9396
114.314,9104
114.357,8275
114.434,7592
114.514,7378
114.554,7253
114.634,7175
114.714,7118
114.754,6807
114.834,6646
114.914,6522
114.954,6045
115.034,5684
115.114,5519
115.154,5318
115.235,5235
115.335,5369
115.357,5441
115.454,5619
115.514,6067
115.558,5774
115.634,5469
115.714,5372
115.754,5118
115.834,5054
115.914,4958
115.974,4905
116.034,4826
116.114,4770
116.154,4592
116.235,4366
116.314,4442
116.357,4444
116.434,4380
116.514,4440
116.554,4476
116.634,4707
116.714,4874
116.754,5134
116.834,5467
116.914,5603
116.954,5726
117.034,5878
117.114,5961
117.154,5906
117.278,6503
117.314,6518
117.357,7160
117.434,7882
117.514,8204
117.554,8751
117.634,9164
117.714,9503
117.754,10154
117.834,10779
117.914,10891
117.955,10894
118.034,10867
118.114,11066
118.154,10839
118.234,10764
118.314,10790
118.357,10797
118.434,10673
118.514,10646
118.554,10531
118.634,10727
118.714,10819
118.754,11065
118.834,10636
118.939,10811
118.974,11754
119.034,12230
119.114,12599
119.154,13303
119.234,13755
119.314,14295
119.357,14668
119.434,14995
119.514,15199
119.554,15494
119.635,15684
119.714,15633
119.754,15555
119.834,15284
119.914,15205
119.955,14671
120.034,14821
120.114,14932
120.154,14736
120.234,14314
120.314,13988
120.357,13438
120.434,13017
120.514,13050
120.598,12724
120.634,12535
120.714,12482
120.754,12133
120.834,11791
120.914,11416
120.954,10997
121.034,10743
121.114,10590
121.154,10239
121.234,9914
121.314,9835
121.357,9959
121.434,10180
121.514,10226
121.554,10317
121.634,10377
121.714,10590
121.754,10936
121.834,11065
121.914,11223
121.954,11441
122.034,11482
122.114,11635
122.154,11674
122.238,11605
122.314,11376
122.357,11135
122.434,10820
122.514,10464
122.554,9962
122.634,9333
122.714,9163
122.754,8576
122.834,7919
122.914,7575
122.954,6967
123.034,6289
123.114,5967
123.154,5232
123.234,4499
123.314,4090
123.354,3491
123.434,3228
123.514,3188
123.554,3270
123.634,3408
123.714,3412
123.754,3141
123.834,2865
123.979,2819
123.996,2974
124.034,3135
124.114,3263
124.154,4131
124.234,6080
124.314,7137
124.357,9274
124.434,10658
124.514,11043
124.554,11537
124.634,11765
124.714,11986
124.754,12249
124.834,12536
124.914,12811
124.954,12978
125.034,13296
125.114,13579
125.154,13976
125.235,14220
125.314,14556
125.357,14949
125.434,15153
125.515,15580
125.598,15705
125.655,16167
125.714,16507
125.754,16687
125.854,16947
125.914,17228
125.954,17718
126.034,18310
126.114,18026
126.154,17563
126.234,17121
126.314,17025
126.357,16493
126.434,16157
126.514,15793
126.554,15097
126.634,14306
126.714,13684
126.754,12633
126.834,11698
126.914,11495
126.954,11097
127.034,10270
127.114,9669
127.154,8532
127.238,7536
127.314,7148
127.357,6419
127.434,5507
127.514,5120
127.554,4685
127.634,4173
127.714,3970
127.754,3397
127.834,2863
127.914,2593
127.954,2628
128.034,2665
128.114,2923
128.154,3024
128.234,2957
128.314,3072
128.357,2997
128.434,2982
128.514,3189
128.554,3343
128.634,3509
128.714,3491
128.754,3394
128.834,3057
128.918,3059
128.954,2896
129.034,2950
129.114,2877
129.154,2920
129.234,2939
129.314,2868
129.357,2796
129.434,2794
129.514,2903
129.554,2921
129.635,3177
129.714,3266
129.754,3318
129.834,3324
129.914,3534
129.954,3336
130.034,2855
130.114,2835
130.154,2682
130.234,2597
130.314,2548
130.357,2703
130.434,2604
130.514,2491
130.598,2327
130.635,1980
130.714,1879
130.754,1365
130.834,1125
130.914,961
130.954,684
131.034,246
131.114,4
131.154,0
131.234,0
131.314,0
131.357,0
131.434,1
131.514,18
131.554,10
131.634,0
131.714,23
131.754,67
131.834,130
131.914,305
131.954,455
132.034,466
132.114,577
132.154,1199
132.278,1095
132.314,1128
132.357,1160
132.434,1143
132.514,1099
132.554,1090
132.634,1110
132.714,1105
132.754,1114
132.834,1114
132.914,1198
132.955,1261
133.034,1340
133.114,1383
133.154,1432
133.234,1516
133.314,1509
133.357,1621
133.434,1714
133.514,1740
133.554,1855
133.634,1965
133.714,2086
133.754,2208
133.835,3118
133.958,3155
133.975,3352
134.035,3945
134.134,4045
134.154,4332
134.234,5080
134.314,5317
134.357,5828
134.434,6594
134.514,7078
134.554,7846
134.634,8613
134.714,9277
134.754,10173
134.834,11034
134.914,11649
134.954,13074
135.034,14680
135.114,15617
135.154,16409
135.234,16112
135.314,15889
135.359,15337
135.434,14716
135.514,14864
135.558,13675
135.634,12906
135.714,12533
135.754,11604
135.834,10865
135.914,10478
135.954,9598
136.034,8694
136.114,8153
136.154,6994
136.234,5873
136.314,5529
136.357,4713
136.434,4095
136.514,3611
136.554,3365
136.634,3103
136.714,2884
136.754,2895
136.834,2701
136.914,2734
136.954,2614
137.034,2683
137.114,2586
137.154,2851
137.238,2850
137.314,1979
137.357,1733
137.434,1914
137.514,1858
137.554,2291
137.634,2519
137.714,2645
137.754,2293
137.834,1401
137.914,939
137.955,651
138.034,271
138.114,58
138.154,43
138.234,46
138.314,45
138.354,53
138.434,70
138.514,92
138.554,150
138.634,320
138.714,363
138.754,421
138.834,640
138.959,709
138.976,876
139.034,967
139.114,965
139.154,996
139.234,997
139.314,990
139.357,1004
139.434,1004
139.514,1081
139.554,1082
139.634,1139
139.714,1138
139.754,1132
139.834,1180
139.914,1180
139.954,1184
140.034,1195
140.114,1204
140.154,1234
140.234,1249
140.314,1257
140.357,1323
140.434,1395
140.514,1675
140.598,1769
140.634,1846
140.714,1761
140.754,1566
140.834,1626
140.934,1531
140.954,1607
141.034,1749
141.114,1904
141.154,2216
141.234,2552
141.314,2717
141.354,3051
141.434,3500
141.514,3754
141.554,4223
141.634,4751
141.714,5037
141.754,5644
141.834,6298
141.914,6660
141.954,7351
142.034,8006
142.114,8370
142.154,9052
142.277,9647
142.314,9977
142.357,10560
142.434,11155
142.514,11438
142.554,11956
142.634,12516
142.714,12847
142.754,13447
142.834,14189
142.914,14466
142.954,14945
143.034,15454
143.114,15698
143.154,16035
143.234,16470
143.314,16944
143.357,18980
143.434,20753
143.514,21922
143.554,23437
143.634,24333
143.715,24813
143.754,25550
143.834,26114
143.917,26399
143.954,26659
144.034,26499
144.114,26319
144.154,25802
144.234,25130
144.314,24685
144.357,23797
144.434,22751
144.514,22171
144.554,21097
144.634,20076
144.714,19580
144.754,18618
144.835,17483
144.914,16852
144.954,15568
145.034,14318
145.114,13799
145.154,12566
145.234,11067
145.314,10244
145.357,8564
145.434,7176
145.514,6529
145.598,5317
145.634,4318
145.714,3833
145.754,2905
145.834,1879
145.914,1380
145.954,494
146.034,96
146.114,88
146.154,99
146.234,119
146.314,114
146.357,152
146.434,227
146.514,247
146.554,395
146.634,636
146.714,720
146.754,633
146.834,669
146.914,701
146.954,796
147.034,805
147.114,787
147.154,1505
147.278,1567
147.314,1550
147.357,1532
147.434,1531
147.514,1519
147.554,1562
147.634,1557
147.714,1609
147.754,1607
147.834,1649
147.914,1645
147.954,1523
148.035,1586
148.114,1588
148.154,1589
148.234,1694
148.314,1676
148.357,1669
148.434,1659
148.514,1564
148.554,1564
148.634,1568
148.714,1620
148.754,1619
148.834,1473
148.959,1460
148.976,1497
149.034,1398
149.114,1375
149.154,1195
149.234,1202
149.314,1339
149.357,1515
149.434,1457
149.514,1487
149.554,1618
149.634,1699
149.714,1827
149.754,1846
149.834,1877
149.914,2047
149.954,2036
150.034,1986
150.114,1970
150.154,1957
150.234,1849
150.314,1883
150.357,1797
150.434,1730
150.514,1763
150.599,1651
150.634,1644
150.714,1623
150.754,1630
150.834,1616
150.914,1596
150.954,1599
151.034,1608
151.114,1624
151.154,1633
151.234,1716
151.314,1611
151.357,1639
151.434,1641
151.514,1673
151.554,1714
151.634,1706
151.714,1747
151.754,1793
151.834,1839
151.914,1936
151.954,1910
152.034,1916
152.114,1910
152.154,2594
152.278,2582
152.314,2586
152.357,2635
152.434,2667
152.514,2598
152.554,2629
152.634,2842
152.714,2857
152.754,2975
152.834,3376
152.914,3580
152.954,3677
153.034,3938
153.114,4141
153.154,4387
153.234,4644
153.314,4860
153.357,5241
153.434,5600
153.514,5917
153.554,6124
153.634,6017
153.714,5810
153.754,5336
153.834,4584
153.958,4666
153.975,5124
154.034,5278
154.114,5540
154.154,5791
154.234,5608
154.314,5433
154.357,5306
154.434,5529
154.514,5578
154.554,5811
154.634,5347
154.715,5208
154.754,4987
154.834,4506
154.914,4269
154.954,3961
155.034,3971
155.114,3952
155.154,3893
155.234,3516
155.314,3412
155.357,3201
155.434,3077
155.514,3060
155.598,3207
155.634,3119
155.714,3321
155.754,3461
155.834,3245
155.914,3336
155.954,3190
156.034,2869
156.114,2747
156.154,2362
156.234,1741
156.315,1451
156.358,1472
156.434,1444
156.514,1450
156.554,1438
156.634,1407
156.714,1413
156.754,1345
156.834,1252
156.914,1237
156.954,1119
157.034,1109
157.114,1112
157.154,1563
157.278,1610
157.335,1573
157.357,1579
157.434,1588
157.514,1604
157.554,1619
157.634,1575
157.714,1530
157.754,1529
157.834,1530
157.914,1526
157.954,1447
158.034,1441
158.114,1446
158.154,1434
158.234,1420
158.314,1378
158.357,1384
158.434,1375
158.514,1374
158.554,1376
158.634,1989
158.714,2728
158.754,4323
158.834,6258
158.959,6410
158.976,7137
159.034,6945
159.114,6677
159.154,6570
159.234,5909
159.314,5779
159.357,5441
159.454,4791
159.534,4710
159.554,4389
159.634,4173
159.714,4054
159.754,3854
159.834,3691
159.914,3602
159.954,3408
160.034,3256
160.114,3211
160.154,3046
160.234,2878
160.314,2780
160.357,2542
160.434,2627
160.514,2125
160.579,1792
160.634,1550
160.714,1499
160.754,1365
160.834,920
160.914,906
160.954,927
161.034,980
161.114,1015
161.154,982
161.234,1026
161.314,1048
161.357,1036
161.434,967
161.514,930
161.554,942
161.634,1011
161.714,1007
161.754,1108
161.834,1116
161.914,1444
161.954,3823
162.034,6121
162.114,6906
162.154,8070
162.279,8436
162.314,8612
162.357,8846
162.434,9058
162.514,9114
162.554,9230
162.634,9350
162.714,9416
162.754,9408
162.834,9384
162.914,9440
162.954,9423
163.034,9370
163.114,9221
163.154,9004
163.234,8862
163.314,8797
163.357,8304
163.434,8107
163.514,7953
163.554,7585
163.634,7240
163.714,7195
163.754,6432
163.834,5285
163.959,4941
163.994,4357
164.034,3322
164.114,2962
164.154,2453
164.234,2057
164.314,1986
164.357,1665
164.434,1456
164.514,1440
164.554,1352
164.635,1313
164.714,1325
164.754,1167
164.834,1007
164.914,997
164.954,997
165.034,1031
165.114,1096
165.154,1169
165.234,1245
165.314,1320
165.357,1316
165.434,1380
165.514,1887
165.599,1846
165.634,1787
165.714,1787
165.754,1748
165.834,1734
165.914,1743
165.954,1757
166.034,1822
166.114,1826
166.154,1831
166.234,1811
166.314,1814
166.358,1883
166.434,1867
166.514,1835
166.554,1830
166.634,1844
166.714,1850
166.754,1839
166.834,1847
166.914,2126
166.954,3435
167.034,4997
167.114,5796
167.154,7498
167.279,9219
167.314,9979
167.357,10304
167.434,10370
167.534,10360
167.554,10343
167.634,10301
167.714,10373
167.754,10105
167.834,9923
167.914,9785
167.954,9244
168.034,8982
168.114,8715
168.154,8248
168.234,8095
168.314,7997
168.358,7840
168.434,7504
168.514,7457
168.554,7151
168.634,6870
168.714,6736
168.754,6454
168.834,5913
168.94,5768
168.957,5410
169.034,4988
169.114,4768
169.154,4523
169.234,4155
169.314,3995
169.357,3472
169.434,3167
169.514,2950
169.554,2495
169.655,2142
169.714,1951
169.754,1768
169.834,1855
169.914,2007
169.954,2188
170.034,2358
170.114,2444
170.154,2410
170.234,2418
170.314,2552
170.357,2599
170.434,2510
170.514,3017
170.599,2641
170.634,2235
170.714,2073
170.754,1600
170.834,1100
170.914,856
170.954,517
171.034,468
171.114,484
171.154,598
171.234,1199
171.314,1193
171.357,1603
171.434,1603
171.514,1612
171.554,1685
171.634,1655
171.714,1664
171.754,1743
171.834,1756
171.914,1758
171.954,1762
172.034,1772
172.114,1775
172.154,2039
172.279,1997
172.334,1947
172.357,1915
172.434,1885
172.514,1870
172.554,1832
172.634,1835
172.714,1831
172.754,1840
172.834,1861
172.914,1847
172.954,1850
173.034,1815
173.114,1820
173.154,1822
173.234,1800
173.314,1807
173.357,1804
173.434,1801
173.514,1800
173.554,1786
173.634,1794
173.714,1793
173.754,1808
173.834,2401
173.96,2371
173.977,2371
174.034,2367
174.114,2344
174.154,2355
174.234,2366
174.314,2414
174.357,2400
174.434,2389
174.514,2389
174.554,2367
174.634,2382
174.714,2386
174.754,2406
174.834,2464
174.914,2610
174.954,2932
175.034,3233
175.114,3348
175.154,3658
175.234,3973
175.314,4132
175.357,4452
175.434,4783
175.514,5292
175.599,5651
175.634,5873
175.714,6028
175.754,6306
175.834,6657
175.914,7055
175.954,8018
176.034,9898
176.114,10839
176.154,12695
176.234,14585
176.314,15326
176.357,15574
176.434,16203
176.514,16072
176.554,15892
176.634,16247
176.714,16508
176.754,16975
176.834,17613
176.914,17795
176.954,18281
177.034,18582
177.114,18950
177.154,18587
177.278,18362
177.314,17781
177.357,16817
177.434,15682
177.514,15055
177.554,13640
177.634,12432
177.714,11940
177.754,11231
177.834,10530
177.914,10263
177.955,9790
178.034,10022
178.114,9705
178.154,9618
178.234,9593
178.314,9781
178.357,9965
178.434,10107
178.514,10218
178.554,10193
178.634,10576
178.714,10643
178.754,11060
178.834,12676
178.919,12851
178.954,12128
179.034,11365
179.114,10900
179.154,10019
179.234,9395
179.314,9013
179.357,8180
179.434,7182
179.514,6834
179.554,5919
179.634,4797
179.714,4216
179.754,3168
179.834,2185
179.914,1753
179.954,1051
180.034,509
180.114,713
180.154,1194
180.234,1851
180.314,2187
180.357,2597
180.434,2544
180.514,2288
180.599,2284
180.634,2096
180.714,2069
180.754,1463
180.834,1419
180.914,1265
180.954,1227
181.034,1131
181.114,1091
181.154,1108
181.234,1115
181.314,1077
181.357,1080
181.434,1092
181.514,1094
181.554,1180
181.634,1518
181.714,1703
181.754,2179
181.834,2836
181.914,3183
181.954,3769
182.034,4252
182.114,4423
182.154,5255
182.279,5491
182.314,5627
182.36,5825
182.434,6040
182.514,6149
182.554,6381
182.634,6593
182.714,6759
182.754,7004
182.834,7218
182.914,7366
182.955,7607
183.034,7818
183.114,7847
183.154,7996
183.234,8146
183.314,8350
183.354,8459
183.434,8623
183.514,8728
183.554,8890
183.634,8963
183.714,9052
183.754,9182
183.834,10295
183.959,10365
183.976,10474
184.034,10595
184.114,10688
184.154,10774
184.234,10919
184.314,10980
184.357,11016
184.434,11004
184.514,11095
184.554,10987
184.635,11031
184.714,11108
184.754,11258
184.834,11205
184.914,11175
184.954,11236
185.034,11257
185.114,11267
185.154,11337
185.234,11473
185.314,11441
185.358,11506
185.434,11447
185.514,11928
185.599,11946
185.634,11962
185.714,12021
185.754,11979
185.834,12026
185.914,11998
185.954,11990
186.034,12066
186.114,12005
186.154,11966
186.234,11909
186.315,11931
186.357,11809
186.434,11814
186.514,11830
186.554,11879
186.634,11814
186.714,11881
186.754,11930
186.834,12010
186.914,12027
186.954,12103
187.034,12076
187.114,12070
187.154,11818
187.279,11866
187.314,11849
187.357,11884
187.434,11878
187.514,11837
187.574,11856
187.634,11902
187.714,11922
187.754,11914
187.834,11874
187.914,11851
187.954,11891
188.034,11919
188.114,11971
188.154,11990
188.234,12012
188.314,12038
188.357,12121
188.434,12116
188.514,12163
188.554,12151
188.634,12131
188.714,12144
188.754,12156
188.834,12487
188.959,12489
188.976,12485
189.034,12482
189.114,12513
189.154,12568
189.234,12616
189.314,12630
189.357,12588
189.434,12600
189.514,12600
189.554,12596
189.634,12632
189.714,12610
189.754,12686
189.834,12705
189.914,12729
189.954,12753
190.034,12699
190.114,12588
190.154,12603
190.234,12608
190.314,12661
190.357,12637
190.434,12637
190.514,12375
190.599,12458
190.634,12505
190.714,12530
190.754,12515
190.834,12490
190.914,12572
190.954,12649
191.034,12492
191.114,12526
191.154,12477
191.234,12503
191.314,12515
191.358,12482
191.434,12489
191.514,12559
191.554,12580
191.634,12669
191.714,12715
191.754,12711
191.834,12686
191.914,12760
191.954,12760
192.034,12733
192.114,12646
192.154,12273
192.258,12300
192.314,12311
192.358,12489
192.434,13017
192.514,13217
192.554,13274
192.634,13150
192.714,13025
192.754,12660
192.834,12491
192.914,12611
192.955,12506
193.034,12419
193.114,12578
193.155,12407
193.234,12352
193.314,12180
193.357,12134
193.434,12160
193.514,12160
193.554,12240
193.634,12290
193.714,12252
193.754,12267
193.834,12396
193.939,12380
193.956,12548
194.034,12541
194.115,12556
194.154,12533
194.234,12663
194.314,12578
194.357,12594
194.434,12596
194.514,12559
194.554,12590
194.635,12752
194.714,12792
194.754,12837
194.834,12734
194.914,12650
194.954,12615
195.034,12732
195.114,12811
195.154,13337
195.234,13552
195.314,13652
195.357,13709
195.434,13267
195.514,12864
195.598,12739
195.654,12584
195.714,12621
195.774,12584
195.834,12579
195.914,12615
195.954,12629
196.034,12665
196.114,12678
196.154,12720
196.234,12959
196.314,13091
196.357,13451
196.434,13666
196.515,13749
196.554,13885
196.634,13429
196.714,13272
196.754,12829
196.834,12712
196.914,12727
196.954,12294
197.055,11814
197.114,11612
197.154,10841
197.278,10876
197.314,10766
197.357,10507
197.434,10401
197.514,10370
197.554,10188
197.634,10021
197.714,9986
197.754,9906
197.834,9908
197.914,9875
197.954,9836
198.034,9769
198.114,9736
198.154,9707
198.234,9685
198.314,9640
198.358,9616
198.434,9565
198.514,9540
198.554,9515
198.634,9507
198.714,9469
198.754,9463
198.834,9158
198.938,9176
198.955,9752
199.034,10637
199.114,11017
199.154,11890
199.234,12738
199.314,13205
199.358,14266
199.434,15182
199.514,15506
199.554,16132
199.634,16582
199.714,16736
199.754,16971
199.834,17181
199.914,17285
199.954,17288
200.034,17335
200.114,17360
200.154,17327
200.234,17224
200.314,17071
200.357,16855
200.434,16797
200.514,16616
200.558,16644
200.634,16662
200.714,16608
200.754,16505
200.834,16394
200.914,16362
200.954,16224
201.034,16183
201.114,16147
201.154,16155
201.234,16129
201.314,16043
201.357,15996
201.434,15896
201.514,15853
201.554,15743
201.634,15602
201.714,15528
201.754,15413
201.834,15327
201.914,15248
201.954,15170
202.034,14992
202.114,14840
202.154,14234
202.258,13936
202.314,13827
202.357,13686
202.434,13573
202.514,13415
202.554,13217
202.634,13011
202.714,12872
202.754,12628
202.834,12403
202.914,12269
202.954,12043
203.034,11789
203.114,11592
203.154,11327
203.234,11056
203.314,10911
203.357,10629
203.434,10486
203.514,10803
203.554,11571
203.634,12241
203.714,12567
203.754,13221
203.834,13624
203.939,14071
203.956,14576
204.034,14902
204.114,15184
204.154,15466
204.234,15458
204.314,15463
204.358,15444
204.434,15429
204.514,15419
204.554,15396
204.634,15413
204.714,15370
204.754,15360
204.834,15356
204.914,15348
204.954,15356
205.034,15340
205.114,15309
205.154,15288
205.234,15264
205.314,15336
205.358,15278
205.434,15234
205.514,15374
205.598,15287
205.634,15272
205.714,15247
205.754,15171
205.834,15056
205.914,15038
205.954,15022
206.034,14962
206.114,14924
206.154,14887
206.234,14822
206.314,14749
206.357,14722
206.434,14601
206.514,14566
206.554,14571
206.634,14505
206.714,14479
206.754,14419
206.834,14250
206.914,14105
206.954,14034
207.034,14115
207.114,14185
207.154,14415
207.277,14589
207.314,14598
207.357,14472
207.434,14436
207.514,14481
207.554,14447
207.634,14375
207.714,14326
207.754,14382
207.834,14451
207.914,14420
207.954,14306
208.034,14241
208.114,14159
208.154,14007
208.234,13881
208.314,13862
208.357,13839
208.434,13839
208.514,13796
208.554,13793
208.634,13884
208.714,14002
208.754,14062
208.834,13766
208.958,13679
208.975,13671
209.034,13980
209.114,14126
209.154,14114
209.234,14078
209.314,14089
209.357,14028
209.434,14045
209.514,14153
209.554,14256
209.634,14320
209.714,14296
209.754