0,347
0,950
0.1,1723
0.119987,3412
0.2,5131
0.280013,5919
0.319987,6692
0.4,7045
0.480013,7212
0.519987,7616
0.6,7888
0.680013,7989
0.719987,8155
0.8,8281
0.880013,8349
0.919987,8430
1,8540
1.08001,8516
1.11999,8611
1.2,8949
1.30404,8984
1.32103,9021
1.4,9104
1.48001,9111
1.54004,9121
1.6,9134
1.68001,9114
1.71999,9166
1.8,9178
1.88001,9146
1.91999,9238
2,9170
2.08001,9208
2.11999,9172
2.2,9165
2.28001,9171
2.31999,9149
2.4,9188
2.48001,9217
2.51999,9205
2.6,9262
2.68001,9277
2.71999,9323
2.8,9408
2.88001,9645
2.964,9619
3,9634
3.08001,9555
3.11999,9573
3.2,9489
3.28001,9629
3.31999,9654
3.4,9592
3.48001,9675
3.51999,9685
3.6,9687
3.68001,9685
3.71999,9731
3.8,9763
3.88001,9779
3.91999,9691
4,9846
4.08001,9729
4.11999,9711
4.2,9734
4.28001,9729
4.31999,9777
4.4,9728
4.48001,9748
4.51999,9871
4.64401,9808
4.68001,9805
4.71999,9804
4.8,9837
4.88001,9787
4.91999,9815
5,9794
5.08001,9765
5.11999,9799
5.2,9818
5.28001,9753
5.31999,9722
5.4,9681
5.48001,9690
5.51999,9629
5.6,9645
5.68001,9632
5.71999,9645
5.8,9663
5.88001,9649
5.91999,9612
6,9594
6.08001,9606
6.11999,9630
6.21999,9382
6.32298,9407
6.34004,9354
6.4,9399
6.48001,9412
6.51999,9458
6.6,9478
6.68001,9486
6.71999,9535
6.8,9509
6.88001,9525
6.91999,9899
7,10978
7.08001,11542
7.11999,12649
7.2,13835
7.28001,14405
7.31999,15366
7.4,15882
7.48001,16055
7.51999,16268
7.6,16493
7.68001,16528
7.71999,16645
7.8,16761
7.88001,16715
7.92298,16809
8,16833
8.08001,16950
8.11999,16980
8.2,17037
8.28001,17042
8.31999,17005
8.4,17189
8.48001,17213
8.51999,17207
8.6,17277
8.68001,17343
8.71999,17376
8.8,17437
8.88001,17488
8.91999,17604
9,17673
9.08001,17681
9.11999,17849
9.2,17771
9.28001,17833
9.31999,17753
9.4,17821
9.48001,17858
9.51999,17381
9.64303,17309
9.68001,17439
9.71999,17436
9.8,17505
9.88001,17470
9.91999,17459
10,17385
10.08,17423
10.12,17456
10.2,17464
10.28,17505
10.32,17461
10.4,17523
10.48,17390
10.52,17279
10.6,17245
10.68,17250
10.72,17238
10.8,17096
10.88,17066
10.92,16947
11,16862
11.08,16785
11.12,16824
11.2,16849
11.323,16821
11.34,16719
11.4,16742
11.48,16767
11.52,16748
11.6,16521
11.68,16495
11.72,16410
11.8,16363
11.88,16316
11.92,16165
12,16042
12.08,16059
12.12,15907
12.2,15820
12.28,15712
12.32,15720
12.4,15609
12.48,15500
12.52,15517
12.6,15540
12.68,15487
12.72,15448
12.8,15456
12.88,14829
12.963,14890
13,14882
13.08,14831
13.12,14862
13.2,14959
13.28,14904
13.32,14897
13.4,14857
13.48,14860
13.52,14894
13.6,14849
13.68,14733
13.72,14785
13.8,14796
13.88,14794
13.92,14791
14,14817
14.08,14867
14.12,14845
14.2,14824
14.28,14830
14.32,14887
14.4,14902
14.48,14917
14.52,14804
14.643,14880
14.68,14908
14.72,14940
14.8,14930
14.88,14974
14.92,14973
15,14934
15.08,14939
15.12,14934
15.2,14971
15.28,14994
15.32,14999
15.4,15039
15.48,15064
15.52,14998
15.6,15047
15.68,15076
15.72,15033
15.8,14856
15.88,14779
15.92,14857
16,14864
16.08,14890
16.12,14959
16.2,14824
16.323,14827
16.34,14735
16.4,14806
16.48,14762
16.52,14801
16.6,14742
16.68,14719
16.72,14765
16.8,14753
16.88,14836
16.92,14846
17,14898
17.08,14873
17.12,14861
17.2,14886
17.28,14920
17.32,14937
17.4,14920
17.48,14990
17.52,15008
17.6,14991
17.68,15057
17.72,15063
17.8,15055
17.88,14936
17.964,14996
18.02,15033
18.08,15064
18.12,15074
18.2,15110
18.28,15107
18.32,15088
18.4,15089
18.48,15126
18.52,15158
18.6,15074
18.68,15097
18.72,15197
18.8,15204
18.88,15181
18.92,15199
19,15186
19.08,15206
19.12,15208
19.2,15211
19.28,15220
19.32,15210
19.4,15240
19.48,15237
19.52,15196
19.643,15257
19.68,15251
19.72,15222
19.8,15197
19.88,15202
19.92,15217
20,15260
20.08,15185
20.12,15320
20.2,15318
20.28,15294
20.32,15286
20.4,15305
20.48,15350
20.52,15327
20.6,15318
20.68,15291
20.721,15365
20.8,15463
20.88,15456
20.92,15439
21,15442
21.08,15427
21.12,15468
21.2,15588
21.323,15563
21.34,15480
21.4,15461
21.48,15510
21.52,15490
21.62,15446
21.68,15490
21.72,15579
21.8,15562
21.88,15557
21.92,15589
22,15573
22.08,15547
22.12,15628
22.2,15672
22.28,15667
22.32,15684
22.4,15691
22.48,15635
22.52,15623
22.6,15590
22.68,15645
22.72,15603
22.8,15726
22.88,15088
22.963,15037
23,14975
23.08,14962
23.12,14980
23.2,14948
23.28,14900
23.32,14873
23.4,14905
23.48,14976
23.52,14924
23.6,15005
23.68,15000
23.72,15046
23.8,15095
23.88,15103
23.92,15138
24,15151
24.08,15144
24.12,15119
24.2,15092
24.28,15093
24.32,15157
24.4,15139
24.48,15133
24.52,15093
24.643,15096
24.68,15137
24.71,15149
24.79,15112
24.87,15128
24.91,15210
24.99,15177
25.07,15210
25.11,15188
25.19,15207
25.27,15223
25.33,15209
25.39,15229
25.47,15222
25.51,15272
25.59,15201
25.67,15209
25.71,15226
25.8,15256
25.88,15256
25.92,15270
26,15290
26.08,15293
26.12,15237
26.2,15021
26.304,15110
26.321,15129
26.4,15124
26.48,15118
26.52,15106
26.6,15084
26.68,15100
26.72,15155
26.8,15161
26.88,15096
26.92,15099
27,15136
27.08,15115
27.12,15129
27.2,15071
27.28,15133
27.32,15160
27.4,15173
27.48,15178
27.52,15213
27.6,15240
27.68,15179
27.72,15234
27.8,15283
27.88,15337
27.963,15432
28.02,15450
28.08,15434
28.12,15492
28.2,15536
28.28,15545
28.32,15592
28.4,15590
28.48,15519
28.52,15536
28.6,15571
28.68,15561
28.71,15593
28.79,15595
28.87,15624
28.91,15635
28.99,15601
29.07,15637
29.11,15676
29.19,15684
29.27,15692
29.31,15788
29.39,15771
29.47,15804
29.51,15253
29.613,15409
29.67,15395
29.71,15437
29.79,15501
29.87,15457
29.91,15568
29.99,15573
30.07,15524
30.11,15522
30.19,15528
30.27,15479
30.31,15468
30.39,15450
30.47,15460
30.51,15437
30.59,15463
30.67,15450
30.71,15492
30.8,15485
30.88,15513
30.92,15495
31,15433
31.08,15405
31.12,15429
31.2,15383
31.283,15413
31.32,15422
31.4,15374
31.48,15388
31.52,15456
31.6,15423
31.68,15423
31.72,15417
31.8,15454
31.88,15451
31.92,15365
32,15347
32.08,15384
32.12,15372
32.2,15385
32.28,15393
32.32,15374
32.4,15387
32.48,15380
32.52,15408
32.6,15387
32.68,15372
32.709,15389
32.79,15367
32.87,15257
32.934,15414
32.99,15428
33.07,15356
33.11,15634
33.19,15948
33.27,16037
33.31,16374
33.41,16516
33.47,16686
33.51,16989
33.59,17170
33.67,17370
33.71,17366
33.79,17481
33.87,17439
33.91,17389
33.99,17447
34.07,17503
34.11,17461
34.19,17426
34.27,17406
34.31,16781
34.39,16723
34.47,16723
34.51,16268
34.634,16122
34.67,16117
34.71,16060
34.8,15936
34.88,15924
34.92,15868
35,15810
35.08,15733
35.12,15762
35.2,15681
35.28,15665
35.32,15660
35.4,15613
35.48,15613
35.52,15551
35.6,15538
35.68,15517
35.71,15509
35.79,15445
35.87,15415
35.91,15455
35.99,15563
36.07,15560
36.11,15684
36.19,15741
36.295,15737
36.312,15767
36.39,15931
36.47,15944
36.51,16023
36.59,15997
36.67,16001
36.71,15998
36.79,15953
36.87,15968
36.91,15977
36.99,15983
37.07,15994
37.11,15965
37.19,15924
37.27,15922
37.31,15948
37.39,15929
37.47,15823
37.51,15740
37.59,15658
37.67,15616
37.714,15984
37.79,16358
37.87,16463
37.954,16718
38.01,16988
38.07,17240
38.11,17568
38.19,17939
38.27,18183
38.31,18555
38.39,18962
38.47,19181
38.51,19642
38.59,19861
38.67,19910
38.71,20019
38.8,20390
38.88,20539
38.92,20689
39,20612
39.08,20653
39.12,20821
39.2,20795
39.28,20774
39.32,20529
39.4,20292
39.48,20151
39.52,20007
39.644,19982
39.68,20003
39.72,20076
39.8,20086
39.88,20070
39.92,20122
40,20127
40.08,20136
40.12,20145
40.2,20247
40.28,20276
40.32,20335
40.4,20376
40.48,20351
40.52,20401
40.6,20407
40.68,20404
40.709,20575
40.79,20614
40.87,20683
40.91,20740
40.99,20727
41.07,20760
41.11,20846
41.19,20744
41.315,20766
41.332,20863
41.39,21002
41.47,21029
41.51,21080
41.59,21165
41.67,21210
41.71,21202
41.79,21197
41.87,21226
41.91,21201
41.99,21212
42.07,21239
42.11,21212
42.19,21248
42.27,21234
42.31,21265
42.39,21263
42.47,21325
42.51,21323
42.59,21318
42.67,21280
42.71,21304
42.8,21315
42.88,21253
42.964,21286
43.02,21265
43.08,21239
43.12,21223
43.2,21202
43.28,21188
43.32,21181
43.4,21118
43.48,21077
43.52,21047
43.6,21016
43.68,21058
43.72,21045
43.8,21055
43.88,21030
43.92,21029
44,21009
44.08,21009
44.12,20965
44.2,20968
44.28,20959
44.32,20938
44.4,20922
44.48,20906
44.52,20851
44.644,20860
44.68,20836
44.708,20820
44.79,20834
44.87,20846
44.91,20841
44.99,20807
45.07,20815
45.11,20796
45.19,20787
45.27,20794
45.31,20792
45.39,20768
45.47,20746
45.51,20750
45.59,20755
45.67,20752
45.71,20733
45.79,20746
45.87,20750
45.91,20733
45.99,20725
46.07,20737
46.11,20730
46.19,20767
46.315,20800
46.332,20778
46.39,20756
46.47,20791
46.51,20778
46.59,20769
46.67,20760
46.71,20771
46.8,20766
46.88,20764
46.92,20746
47,20763
47.08,20757
47.12,20773
47.2,20829
47.28,20832
47.32,20879
47.4,20893
47.48,20907
47.52,20936
47.6,20959
47.68,20964
47.72,20964
47.8,20968
47.88,20768
47.964,20800
48,20779
48.08,20792
48.12,20783
48.2,20769
48.28,20744
48.32,20731
48.4,20713
48.48,20697
48.52,20703
48.6,20683
48.68,20663
48.708,20647
48.8,20600
48.88,20595
48.92,20562
49,20541
49.08,20521
49.12,20503
49.2,20485
49.28,20501
49.32,20497
49.4,20521
49.48,20515
49.52,20378
49.646,20372
49.68,20356
49.72,20316
49.8,20284
49.88,20272
49.92,20257
50,20264
50.08,20256
50.12,20266
50.2,20267
50.28,20264
50.32,20259
50.4,20242
50.48,20232
50.52,20215
50.6,20203
50.68,20172
50.72,20158
50.8,20131
50.88,20122
50.92,20102
51,20095
51.08,20079
51.12,20073
51.2,19895
51.326,19894
51.343,19898
51.4,19905
51.48,19904
51.52,19911
51.6,19910
51.68,19903
51.72,19888
51.8,19887
51.88,19897
51.92,19905
52,19949
52.08,20003
52.12,20027
52.2,20088
52.28,20155
52.32,20329
52.4,20432
52.48,20482
52.52,20578
52.6,20647
52.68,20739
52.708,20862
52.8,20976
52.88,21183
52.966,21282
53.02,21355
53.08,21413
53.12,21510
53.2,21636
53.28,21708
53.32,21812
53.4,21900
53.48,21973
53.52,22077
53.6,22074
53.68,22083
53.72,22070
53.8,21989
53.88,21990
53.92,22003
54,22005
54.08,21998
54.12,22037
54.2,22052
54.28,22045
54.32,22102
54.4,22105
54.48,22153
54.52,22012
54.646,22119
54.68,22117
54.72,22001
54.79,21891
54.87,21862
54.91,21870
54.99,21928
55.07,21989
55.11,22043
55.19,22218
55.27,22201
55.31,22065
55.39,21925
55.47,21881
55.51,21798
55.59,21740
55.67,21736
55.71,21711
55.79,21725
55.87,21741
55.91,21745
55.99,21781
56.07,21778
56.11,21799
56.19,21706
56.316,21728
56.333,21752
56.39,21751
56.47,21768
56.51,21776
56.59,21752
56.67,21748
56.71,21773
56.79,21770
56.87,21750
56.91,21760
56.99,21764
57.07,21765
57.11,21746
57.19,21782
57.27,21778
57.31,21778
57.39,21748
57.47,21738
57.51,21725
57.59,21712
57.67,21721
57.712,21729
57.79,21716
57.87,21686
57.955,21675
58.01,21682
58.07,21652
58.11,21646
58.19,21660
58.27,21673
58.31,21664
58.39,21661
58.47,21654
58.51,21665
59.636,21658
58.6165,21660
59.71,21632
58.7365,21627
58.8165,21654
58.8565,21606
58.9365,21619
59.0165,21623
59.0565,21619
59.1365,21623
59.2165,21622
59.2565,21644
59.3365,21624
59.4165,21637
59.4565,21639
59.5365,21647
59.6165,21624
59.6565,21605
59.7365,21611
59.8165,21611
59.8565,21576
59.9365,21571
60.0165,21560
60.0565,21561
60.1365,21637
60.2625,21665
60.2965,21645
60.3365,21608
60.4165,21591
60.4565,21609
60.5365,21611
60.6165,21598
60.6565,21574
60.7365,21578
60.8165,21595
60.8565,21604
60.9365,21588
61.0165,21548
61.0565,21527
61.1365,21518
61.2165,21532
61.2565,21522
61.3365,21536
61.4165,21540
61.4565,21531
61.5365,21531
61.6165,21519
61.6565,21515
61.7365,21515
61.8165,21460
61.9025,21488
61.9365,21458
62.0165,21457
62.0565,21456
62.1365,21458
62.2165,21453
62.2565,21464
62.3365,21477
62.4165,21474
62.4565,21479
62.5365,21469
62.6165,21477
62.6565,21497
62.7365,21486
62.8165,21488
62.8565,21493
62.9365,21487
63.0165,21486
63.0565,21481
63.1365,21489
63.2165,21502
63.2565,21490
63.3365,21487
63.4165,21484
63.4565,21499
63.5825,21516
63.6365,21499
63.6585,21490
63.7365,21505
63.8165,21487
63.8765,21489
63.9365,21485
64.0165,21497
64.0565,21519
64.1365,21519
64.2165,21527
64.2565,21520
64.3365,21528
64.4165,21540
64.4565,21570
64.5365,21666
64.6165,21717
64.6565,21810
64.7365,21954
64.8165,21990
64.8565,22066
64.9365,22158
65.0165,22214
65.0565,22271
65.1365,22173
65.2625,22225
65.2795,22119
65.3365,22119
65.4165,22099
65.4565,21977
65.5365,21910
65.6165,21839
65.6565,21718
65.7365,21657
65.8165,21606
65.8565,21564
65.9375,21562
66.0165,21568
66.0565,21567
66.1365,21565
66.2165,21552
66.2565,21563
66.3365,21552
66.4165,21548
66.4565,21545
66.5365,21539
66.6165,21541
66.6565,21543
66.7365,21546
66.8165,21508
66.9025,21534
66.9365,21515
67.0165,21524
67.0565,21510
67.1365,21501
67.2165,21470
68.5815,21493
67.3239,21472
68.6565,21488
67.444,21472
67.5239,21488
67.564,21485
67.644,21482
67.7239,21484
67.764,21487
67.844,21485
67.9239,21501
67.984,21498
68.044,21492
68.1239,21508
68.164,21523
68.244,21522
68.3239,21518
68.364,21528
68.444,21528
68.5239,21534
68.564,21526
68.644,21519
68.7239,21516
68.764,21519
68.844,21581
68.97,21586
68.987,21560
69.044,21548
69.1239,21537
69.164,21537
69.244,21540
69.3239,21560
69.364,21566
69.444,21566
69.5239,21563
69.564,21556
69.644,21546
69.7239,21548
69.764,21537
69.844,21538
69.9239,21539
69.964,21540
70.044,21534
70.1239,21528
70.164,21530
70.244,21533
70.3239,21532
70.364,21529
70.4539,21531
70.534,21488
70.6209,21512
70.6539,21507
70.734,21519
70.7739,21518
70.8539,21527
70.934,21532
70.9739,21539
71.054,21541
71.134,21546
71.1739,21556
71.254,21539
71.334,21533
71.3739,21533
71.4539,21544
71.534,21559
71.5739,21552
71.6539,21560
71.734,21559
71.7739,21557
71.8539,21558
71.934,21566
71.9739,21566
72.054,21563
72.134,21559
72.1739,21560
72.301,21573
72.334,21583
72.3739,21592
72.4539,21588
72.534,21592
72.5739,21597
72.6539,21599
72.734,21594
72.7739,21600
72.8539,21597
72.934,21604
72.9739,21618
73.054,21614
73.134,21607
73.1739,21612
73.254,21612
73.334,21616
73.3739,21620
73.4539,21616
73.534,21615
73.5739,21627
73.6539,21637
73.734,21627
73.7739,21627
73.8539,21581
73.981,21580
73.998,21586
74.054,21594
74.134,21593
74.1739,21592
74.254,21573
74.334,21574
74.361,21577
74.4539,21573
74.534,21575
74.5739,21568
74.6739,21560
74.734,21558
74.7739,21555
74.8539,21550
74.934,21535
74.9739,21550
75.054,21539
75.134,21547
75.1739,21555
75.254,21557
75.334,21551
75.3739,21546
75.4539,21571
75.534,21533
75.6209,21789
75.6539,22000
75.734,22122
75.7739,22375
75.8539,22433
75.934,22396
75.9739,22470
76.054,22503
76.134,22493
76.1739,22521
76.254,22481
76.334,22361
76.359,22112
76.4539,21997
76.534,21838
76.5739,21567
76.6539,21562
76.734,21580
76.7739,21572
76.8539,21569
76.934,21559
76.9739,21536
77.054,21531
77.134,21539
77.1739,21507
77.301,21542
77.356,21546
77.3739,21567
77.4539,21544
77.534,21552
77.5739,21573
77.6539,21551
77.734,21559
77.794,21571
77.8539,21572
77.934,21567
77.9739,21574
78.054,21581
78.134,21574
78.1739,21568
78.254,21561
78.334,21553
78.364,21556
78.444,21563
78.5239,21556
78.564,21566
78.644,21572
78.7239,21567
78.764,21566
78.844,21491
78.97,21492
78.987,21515
79.044,21512
79.1239,21519
79.164,21546
79.244,21552
79.3239,21555
79.3679,21560
79.444,21552
79.5239,21536
79.564,21535
79.645,21541
79.7239,21530
79.764,21522
79.844,21521
79.9239,21524
79.964,21538
80.044,21538
80.1239,21546
80.164,21547
80.244,21547
80.3239,21550
80.364,21558
80.444,21554
80.5239,21519
80.609,21545
80.644,21547
80.7239,21527
80.764,21530
80.844,21529
80.9239,21529
80.964,21519
81.044,21546
81.1239,21575
81.164,21550
81.244,21550
81.3239,21560
81.364,21563
81.444,21564
81.5239,21566
81.564,21552
81.644,21564
81.7239,21555
81.764,21551
81.844,21541
81.9239,21543
81.964,21556
82.044,21551
82.1239,21553
82.164,21675
82.25,21647
82.3239,21630
82.3679,21609
82.444,21635
82.5239,21642
82.564,21643
82.644,21648
82.7239,21612
82.764,21621
82.844,21613
82.9239,21617
82.964,21618
83.044,21605
83.1239,21621
83.164,21632
83.244,21633
83.3239,21637
83.364,21630
83.444,21635
83.5239,21637
83.564,21623
83.644,21628
83.7239,21628
83.764,21623
83.844,21547
83.97,21576
83.987,21553
84.044,21564
84.1239,21569
84.164,21584
84.244,21605
84.3239,21625
84.364,21623
84.444,21616
84.5239,21638
84.564,21613
84.644,21608
84.7239,21622
84.764,21623
84.844,21626
84.9239,21624
84.964,21611
85.044,21605
85.1239,21601
85.164,21607
85.244,21605
85.3239,21616
85.364,21613
85.444,21630
85.5239,21586
85.609,21604
85.644,21593
85.7239,21595
85.764,21586
85.844,21603
85.9239,21601
85.964,21589
86.044,21585
86.1239,21596
86.164,21609
86.244,21606
86.3239,21599
86.364,21597
86.4539,21604
86.534,21609
86.5739,21615
86.6539,21621
86.734,21606
86.7739,21613
86.8539,21604
86.934,21609
86.9739,21624
87.054,21615
87.134,21620
87.1739,21616
87.301,21603
87.334,21598
87.3569,21609
87.4539,21611
87.534,21604
87.5739,21601
87.6539,21611
87.734,21612
87.7739,21600
87.8539,21591
87.934,21599
87.9739,21598
88.054,21603
88.134,21601
88.1739,21602
88.2539,21598
88.334,21596
88.358,21593
88.4539,21597
88.534,21604
88.5739,21601
88.6539,21605
88.734,21603
88.7739,21599
88.8539,21689
88.98,21696
88.997,21714
89.054,21715
89.134,21727
89.1739,21724
89.2539,21711
89.334,21695
89.3569,21681
89.4539,21667
89.534,21671
89.5739,21697
89.6539,21694
89.734,21695
89.7739,21691
89.8539,21692
89.934,21694
89.9739,21697
90.054,21694
90.134,21698
90.1739,21697
90.2539,21697
90.334,21691
90.361,21689
90.4539,21691
90.534,21632
90.62,21626
90.6539,21611
90.734,21582
90.7739,21587
90.8539,21597
90.934,21601
90.9739,21609
91.054,21605
91.134,21604
91.1739,21612
91.2539,21605
91.3349,21610
91.358,21610
91.444,21609
91.5239,21605
91.564,21601
91.644,21606
91.7239,21613
91.764,21620
91.844,21618
91.9239,21624
91.964,21622
92.044,21646
92.1239,21641
92.164,21609
92.289,21627
92.3239,21630
92.364,21670
92.444,21679
92.5239,21663
92.564,21672
92.644,21677
92.7239,21684
92.764,21672
92.844,21687
92.9239,21684
92.964,21686
93.044,21685
93.1239,21667
93.164,21660
93.244,21670
93.3239,21673
93.365,21666
93.444,21672
93.5239,21675
93.564,21670
93.644,21678
93.7239,21689
93.764,21689
93.844,21678
93.95,21700
93.967,21690
94.044,21710
94.1239,21731
94.164,21781
94.244,21790
94.3239,21765
94.364,21811
94.444,21841
94.5239,21861
94.564,21888
94.644,21986
94.7239,21971
94.764,22016
94.844,22043
94.9239,22041
94.964,22151
95.044,22120
95.1239,22202
95.164,22178
95.244,22263
95.3239,22296
95.364,22340
95.444,22426
95.5239,22475
95.609,22528
95.644,22475
95.7239,22493
95.764,22526
95.844,22493
95.9239,22488
95.964,22466
96.044,22597
96.1239,22502
96.164,22507
96.244,22438
96.3239,22573
96.364,22559
96.444,22413
96.5239,22320
96.564,22407
96.644,22392
96.7239,22473
96.764,22500
96.844,22490
96.9239,22591
96.964,22467
97.044,22450
97.1239,22493
97.164,22385
97.289,22581
97.3239,22564
97.364,22490
97.444,22665
97.5239,22549
97.564,22393
97.644,21947
97.7239,21817
97.764,21577
97.844,21390
97.9239,21153
97.964,20980
98.044,20682
98.1239,20604
98.164,20496
98.244,20328
98.3239,20120
98.364,19823
98.444,19623
98.5239,19579
98.564,19220
98.644,19055
98.7239,18978
98.764,18775
98.844,18417
98.969,18413
98.986,18264
99.044,18332
99.1239,18281
99.164,18324
99.244,18240
99.3239,18205
99.3659,18141
99.444,17946
99.5239,17896
99.564,17801
99.644,17851
99.7239,17903
99.764,18013
99.844,18178
99.9239,18221
99.964,18509
100.044,18611
100.124,18606
100.164,18723
100.244,18762
100.324,18752
100.364,18730
100.444,18815
100.524,18862
100.608,18936
100.644,18998
100.724,18984
100.764,19085
100.844,19177
100.924,19331
100.964,19376
101.044,19504
101.124,19448
101.164,19577
101.244,19841
101.324,19931
101.364,19895
101.444,19903
101.524,19948
101.564,19749
101.644,19596
101.724,19728
101.764,19677
101.844,19657
101.924,19503
101.964,19243
102.044,18958
102.124,18812
102.164,18605
102.288,18646
102.324,18498
102.367,18121
102.444,17962
102.524,17943
102.564,17704
102.644,17803
102.724,17754
102.764,17596
102.844,17535
102.924,17400
102.964,17093
103.044,16986
103.124,16931
103.164,17148
103.244,17498
103.324,17600
103.364,17759
103.444,17510
103.524,17392
103.564,17276
103.644,17235
103.724,17154
103.764,17117
103.844,17484
103.948,17673
103.965,17890
104.064,18134
104.124,18105
104.164,18184
104.244,18057
104.324,17896
104.364,17622
104.444,17370
104.524,17433
104.564,17629
104.644,17838
104.724,17808
104.764,17804
104.844,17496
104.924,17352
104.964,17262
105.044,17277
105.124,17245
105.164,17126
105.244,16962
105.324,16933
105.364,16959
105.444,17167
105.524,17244
105.587,17385
105.644,17513
105.724,17534
105.764,17739
105.844,17759
105.924,18040
105.964,18762
106.044,19354
106.124,19672
106.164,20128
106.244,20632
106.324,20829
106.364,21293
106.444,21648
106.524,21742
106.564,22129
106.644,22149
106.724,22307
106.764,22027
106.844,21422
106.924,21030
106.964,20353
107.044,19642
107.124,19154
107.164,19065
107.268,19263
107.344,19318
107.364,19423
107.444,19557
107.524,19434
107.564,19290
107.644,18753
107.724,18650
107.764,18305
107.844,18071
107.924,17927
107.964,17708
108.044,17389
108.124,17387
108.164,17232
108.244,17303
108.324,17239
108.364,17116
108.455,16967
108.535,16824
108.554,16505
108.635,16142
108.714,16129
108.754,15799
108.835,15641
108.939,15633
108.956,15543
109.034,15191
109.114,15244
109.154,15108
109.235,14811
109.314,14563
109.357,14256
109.434,13981
109.515,13828
109.554,13526
109.635,13146
109.714,13007
109.754,12656
109.834,12332
109.915,12110
109.955,11624
110.034,11329
110.114,11148
110.154,10811
110.235,10670
110.314,10558
110.357,10317
110.434,9898
110.515,9728
110.579,9592
110.635,9419
110.714,9338
110.754,8990
110.834,8774
110.914,8853
110.955,8777
111.034,8909
111.114,8939
111.154,8829
111.235,8991
111.314,9091
111.357,8986
111.434,9244
111.515,9435
111.554,9521
111.635,9609
111.714,9711
111.754,9682
111.834,9629
111.914,9571
111.955,9557
112.034,9518
112.114,9501
112.154,9297
112.278,9079
112.314,9264
112.357,9861
112.434,9826
112.515,10062
112.554,10649
112.635,11271
112.714,11501
112.754,12023
112.834,12490
112.914,12708
112.955,12969
113.034,13035
113.114,13254
113.154,13502
113.235,13322
113.314,13069
113.357,12876
113.434,12440
113.515,12158
113.554,11794
113.635,11284
113.714,11040
113.754,10742
113.834,10242
113.939,10132
113.974,9717
114.034,9501
114.114,9418
114.154,9173
114.234,9062
114.314,9018
114.357,8950
114.434,8865
114.514,8914
114.554,8915
114.634,8962
114.714,9048
114.754,8868
114.834,8676
114.914,8584
114.954,8379
115.034,8260
115.114,8241
115.154,8137
115.235,8124
115.335,8231
115.357,8352
115.454,8267
115.514,9152
115.558,8820
115.634,8629
115.714,8714
115.754,8763
115.834,9002
115.914,9154
115.974,9139
116.034,9416
116.114,9590
116.154,9411
116.235,9056
116.314,9175
116.357,9343
116.434,9357
116.514,9389
116.554,9422
116.634,9611
116.714,9537
116.754,9460
116.834,9199
116.914,9151
116.954,9015
117.034,8671
117.114,8623
117.154,8506
117.278,8318
117.314,8367
117.357,7963
117.434,7962
117.514,7813
117.554,7657
117.634,7518
117.714,7507
117.754,7483
117.834,7397
117.914,7203
117.955,7090
118.034,6943
118.114,6774
118.154,6463
118.234,6214
118.314,6072
118.357,5970
118.434,5845
118.514,5689
118.554,5572
118.634,5375
118.714,5365
118.754,5276
118.834,4728
118.939,4756
118.974,4659
119.034,4503
119.114,4582
119.154,4619
119.234,4476
119.314,4402
119.357,4232
119.434,3970
119.514,3844
119.554,3721
119.635,3677
119.714,3745
119.754,3816
119.834,3911
119.914,3909
119.955,4020
120.034,4034
120.114,4093
120.154,4015
120.234,4081
120.314,4101
120.357,3898
120.434,3755
120.514,3396
120.598,3211
120.634,3215
120.714,3146
120.754,3035
120.834,2996
120.914,2944
120.954,3601
121.034,3911
121.114,4215
121.154,4958
121.234,5570
121.314,5909
121.357,6502
121.434,7171
121.514,7362
121.554,7930
121.634,8302
121.714,8367
121.754,8369
121.834,8360
121.914,8422
121.954,8372
122.034,8238
122.114,8154
122.154,7992
122.238,7930
122.314,8009
122.357,8005
122.434,7976
122.514,7951
122.554,7950
122.634,8063
122.714,8004
122.754,7994
122.834,8049
122.914,7979
122.954,7898
123.034,7744
123.114,7590
123.154,7395
123.234,7229
123.314,7081
123.354,6817
123.434,6471
123.514,6386
123.554,6161
123.634,5833
123.714,5764
123.754,5533
123.834,5241
123.979,5092
123.996,5033
124.034,4996
124.114,5013
124.154,5161
124.234,5438
124.314,5534
124.357,5769
124.434,6026
124.514,6097
124.554,6146
124.634,6259
124.714,6276
124.754,5972
124.834,5982
124.914,6006
124.954,5958
125.034,5994
125.114,6061
125.154,5950
125.235,6005
125.314,6124
125.357,6151
125.434,6163
125.515,6311
125.598,6238
125.655,6307
125.714,6343
125.754,6368
125.854,6315
125.914,6273
125.954,6238
126.034,6214
126.114,6072
126.154,5688
126.234,5766
126.314,5751
126.357,5974
126.434,6105
126.514,6227
126.554,6620
126.634,7009
126.714,7126
126.754,7043
126.834,6779
126.914,6560
126.954,6394
127.034,6096
127.114,5884
127.154,5397
127.238,5103
127.314,4902
127.357,4755
127.434,4415
127.514,4321
127.554,4014
127.634,3844
127.714,3715
127.754,3491
127.834,3373
127.914,3240
127.954,3180
128.034,2992
128.114,2949
128.154,2737
128.234,2497
128.314,2395
128.357,2168
128.434,2085
128.514,2032
128.554,1920
128.634,1865
128.714,1841
128.754,1752
128.834,1728
128.918,1777
128.954,1837
129.034,1818
129.114,1795
129.154,1808
129.234,1639
129.314,1547
129.357,1290
129.434,1263
129.514,1307
129.554,1212
129.635,1209
129.714,1182
129.754,1075
129.834,991
129.914,983
129.954,836
130.034,751
130.114,797
130.154,815
130.234,801
130.314,739
130.357,599
130.434,579
130.514,468
130.598,472
130.635,424
130.714,435
130.754,394
130.834,362
130.914,277
130.954,189
131.034,39
131.114,2
131.154,0
131.234,0
131.314,0
131.357,0
131.434,0
131.514,0
131.554,0
131.634,0
131.714,0
131.754,0
131.834,0
131.914,21
131.954,63
132.034,127
132.114,140
132.154,415
132.278,422
132.314,496
132.357,376
132.434,444
132.514,475
132.554,485
132.634,498
132.714,520
132.754,556
132.834,540
132.914,516
132.955,560
133.034,588
133.114,603
133.154,645
133.234,686
133.314,703
133.357,725
133.434,751
133.514,748
133.554,719
133.634,747
133.714,826
133.754,736
133.835,1588
133.958,1506
133.975,1007
134.035,882
134.134,714
134.154,607
134.234,505
134.314,375
134.357,225
134.434,246
134.514,214
134.554,209
134.634,175
134.714,150
134.754,114
134.834,123
134.914,107
134.954,90
135.034,75
135.114,70
135.154,84
135.234,100
135.314,95
135.359,109
135.434,175
135.514,153
135.558,251
135.634,359
135.714,484
135.754,629
135.834,677
135.914,708
135.954,873
136.034,1073
136.114,1177
136.154,1370
136.234,1476
136.314,1556
136.357,1564
136.434,1616
136.514,1685
136.554,1749
136.634,1932
136.714,1912
136.754,2142
136.834,2279
136.914,2398
136.954,2792
137.034,3161
137.114,3213
137.154,2926
137.238,2882
137.314,2620
137.357,2300
137.434,1936
137.514,1768
137.554,1667
137.634,1601
137.714,1659
137.754,1522
137.834,1219
137.914,1034
137.955,692
138.034,285
138.114,185
138.154,6
138.234,7
138.314,6
138.354,18
138.434,18
138.514,30
138.554,26
138.634,30
138.714,31
138.754,31
138.834,216
138.959,203
138.976,200
139.034,288
139.114,326
139.154,405
139.234,454
139.314,462
139.357,447
139.434,429
139.514,470
139.554,469
139.634,510
139.714,500
139.754,496
139.834,518
139.914,518
139.954,519
140.034,500
140.114,501
140.154,508
140.234,523
140.314,522
140.357,532
140.434,548
140.514,904
140.598,865
140.634,778
140.714,703
140.754,384
140.834,263
140.934,240
140.954,158
141.034,125
141.114,100
141.154,83
141.234,71
141.314,52
141.354,35
141.434,32
141.514,32
141.554,32
141.634,9
141.714,8
141.754,6
141.834,6
141.914,6
141.954,6
142.034,7
142.114,7
142.154,5
142.277,5
142.314,5
142.357,5
142.434,7
142.514,3
142.554,3
142.634,3
142.714,5
142.754,5
142.834,5
142.914,5
142.954,5
143.034,5
143.114,5
143.154,5
143.234,5
143.314,5
143.357,5
143.434,5
143.514,5
143.554,5
143.634,19
143.715,42
143.754,223
143.834,530
143.917,637
143.954,839
144.034,1500
144.114,1891
144.154,2738
144.234,3593
144.314,4013
144.357,4832
144.434,5572
144.514,5927
144.554,6611
144.634,7051
144.714,7212
144.754,7447
144.835,8059
144.914,8335
144.954,9012
145.034,9628
145.114,9915
145.154,10586
145.234,11000
145.314,11305
145.357,11618
145.434,11786
145.514,11826
145.598,11881
145.634,11215
145.714,10886
145.754,9968
145.834,8787
145.914,8267
145.954,7163
146.034,6000
146.114,5551
146.154,4519
146.234,3664
146.314,3368
146.357,2483
146.434,1672
146.514,1348
146.554,939
146.634,912
146.714,920
146.754,672
146.834,647
146.914,540
146.954,276
147.034,252
147.114,333
147.154,747
147.278,737
147.314,745
147.357,733
147.434,710
147.514,765
147.554,789
147.634,766
147.714,774
147.754,761
147.834,754
147.914,763
147.954,796
148.035,819
148.114,827
148.154,900
148.234,939
148.314,944
148.357,1006
148.434,1000
148.514,980
148.554,932
148.634,945
148.714,951
148.754,1007
148.834,1022
148.959,1175
148.976,1199
149.034,1116
149.114,1115
149.154,1195
149.234,1278
149.314,1308
149.357,1230
149.434,1218
149.514,1225
149.554,1221
149.634,1196
149.714,1205
149.754,1202
149.834,1179
149.914,1186
149.954,1192
150.034,1193
150.114,1196
150.154,1191
150.234,1200
150.314,1201
150.357,1196
150.434,1197
150.514,1221
150.599,1240
150.634,1265
150.714,1216
150.754,1206
150.834,1227
150.914,1211
150.954,1216
151.034,1218
151.114,1194
151.154,1171
151.234,1158
151.314,1151
151.357,1148
151.434,1153
151.514,1154
151.554,1146
151.634,1146
151.714,1152
151.754,1139
151.834,1137
151.914,1132
151.954,1143
152.034,1167
152.114,1170
152.154,1629
152.278,1662
152.314,1682
152.357,1629
152.434,1491
152.514,1591
152.554,1556
152.634,1571
152.714,1522
152.754,1491
152.834,1470
152.914,1388
152.954,1384
153.034,1380
153.114,1387
153.154,1339
153.234,1369
153.314,1363
153.357,1370
153.434,1406
153.514,1407
153.554,1387
153.634,1370
153.714,1349
153.754,1321
153.834,1202
153.958,1182
153.975,1189
154.034,1153
154.114,1092
154.154,1111
154.234,1012
154.314,929
154.357,858
154.434,668
154.514,731
154.554,753
154.634,873
154.715,960
154.754,876
154.834,698
154.914,630
154.954,729
155.034,887
155.114,906
155.154,1016
155.234,1231
155.314,1403
155.357,1725
155.434,2052
155.514,2218
155.598,2461
155.634,2151
155.714,2023
155.754,1816
155.834,1445
155.914,1393
155.954,1234
156.034,1010
156.114,954
156.154,1066
156.234,1197
156.315,1288
156.358,1338
156.434,1506
156.514,1647
156.554,1650
156.634,1509
156.714,1350
156.754,1191
156.834,813
156.914,740
156.954,571
157.034,573
157.114,636
157.154,897
157.278,1150
157.335,1147
157.357,1188
157.434,1231
157.514,1372
157.554,1551
157.634,1559
157.714,1647
157.754,1648
157.834,1540
157.914,1597
157.954,1592
158.034,1602
158.114,1572
158.154,1663
158.234,1805
158.314,1797
158.357,2069
158.434,1710
158.514,1592
158.554,1438
158.634,2126
158.714,2555
158.754,3932
158.834,5512
158.959,6245
158.976,7713
159.034,8067
159.114,8119
159.154,8202
159.234,8218
159.314,8468
159.357,8815
159.454,8999
159.534,9162
159.554,9216
159.634,9454
159.714,9471
159.754,9634
159.834,9863
159.914,10072
159.954,10174
160.034,10608
160.114,10765
160.154,10811
160.234,11219
160.314,11530
160.357,11896
160.434,12866
160.514,13540
160.579,13712
160.634,12904
160.714,12458
160.754,11017
160.834,10378
160.914,9658
160.954,8075
161.034,7087
161.114,6201
161.154,4633
161.234,3337
161.314,2861
161.357,1571
161.434,671
161.514,301
161.554,283
161.634,288
161.714,293
161.754,372
161.834,474
161.914,471
161.954,667
162.034,823
162.114,998
162.154,2112
162.279,2345
162.314,2416
162.357,2565
162.434,2706
162.514,2855
162.554,3036
162.634,3161
162.714,3232
162.754,3379
162.834,3571
162.914,3665
162.954,3877
163.034,4109
163.114,4284
163.154,4571
163.234,4906
163.314,5071
163.357,5368
163.434,5595
163.514,5821
163.554,6283
163.634,6608
163.714,6781
163.754,7160
163.834,7245
163.959,7233
163.994,6927
164.034,6382
164.114,6040
164.154,5579
164.234,4903
164.314,4669
164.357,4039
164.434,3126
164.514,2679
164.554,1834
164.635,1449
164.714,1280
164.754,1009
164.834,673
164.914,600
164.954,702
165.034,749
165.114,848
165.154,1041
165.234,1068
165.314,1213
165.357,1245
165.434,1339
165.514,2001
165.599,2054
165.634,2007
165.714,1985
165.754,1987
165.834,2040
165.914,2064
165.954,2095
166.034,2091
166.114,2134
166.154,2065
166.234,2034
166.314,2010
166.358,1983
166.434,1970
166.514,1935
166.554,1796
166.634,1728
166.714,1771
166.754,1641
166.834,1607
166.914,1556
166.954,1446
167.034,1611
167.114,1717
167.154,1922
167.279,2228
167.314,2361
167.357,2585
167.434,2763
167.534,2855
167.554,2939
167.634,3130
167.714,3244
167.754,3362
167.834,3593
167.914,3648
167.954,3810
168.034,4055
168.114,4179
168.154,4281
168.234,4615
168.314,4867
168.358,5281
168.434,5604
168.514,5731
168.554,6149
168.634,6488
168.714,6687
168.754,7053
168.834,7483
168.94,7810
168.957,8315
169.034,8761
169.114,9092
169.154,9596
169.234,10235
169.314,10701
169.357,11688
169.434,12725
169.514,13213
169.554,14029
169.655,14008
169.714,13760
169.754,12679
169.834,11527
169.914,10996
169.954,9799
170.034,8544
170.114,7924
170.154,6676
170.234,5493
170.314,4940
170.357,3741
170.434,2724
170.514,2575
170.599,1795
170.634,1245
170.714,1043
170.754,935
170.834,963
170.914,945
170.954,853
171.034,753
171.114,738
171.154,776
171.234,803
171.314,908
171.357,1136
171.434,1196
171.514,1241
171.554,1254
171.634,1335
171.714,1320
171.754,1346
171.834,1387
171.914,1382
171.954,1384
172.034,1335
172.114,1382
172.154,1405
172.279,1388
172.334,1436
172.357,1487
172.434,1502
172.514,1489
172.554,1492
172.634,1492
172.714,1491
172.754,1491
172.834,1493
172.914,1449
172.954,1430
173.034,1439
173.114,1419
173.154,1408
173.234,1426
173.314,1430
173.357,1443
173.434,1449
173.514,1440
173.554,1430
173.634,1434
173.714,1435
173.754,1435
173.834,2066
173.96,2149
173.977,2148
174.034,2154
174.114,2147
174.154,2151
174.234,2158
174.314,2158
174.357,2136
174.434,2137
174.514,2138
174.554,2017
174.634,2017
174.714,2027
174.754,2020
174.834,2027
174.914,2029
174.954,2021
175.034,2020
175.114,2018
175.154,2014
175.234,2062
175.314,2063
175.357,2064
175.434,2062
175.514,1665
175.599,2588
175.634,3590
175.714,4145
175.754,5145
175.834,5966
175.914,6494
175.954,6884
176.034,7016
176.114,7059
176.154,7044
176.234,7181
176.314,7169
176.357,7035
176.434,7142
176.514,7036
176.554,6776
176.634,6809
176.714,6837
176.754,6917
176.834,6967
176.914,6988
176.954,7113
177.034,7199
177.114,7262
177.154,7214
177.278,7432
177.314,7412
177.357,7553
177.434,7896
177.514,8070
177.554,8546
177.634,8812
177.714,8852
177.754,8821
177.834,8727
177.914,8576
177.955,8339
178.034,8589
178.114,8569
178.154,8887
178.234,8976
178.314,8812
178.357,8626
178.434,8725
178.514,8596
178.554,8094
178.634,7678
178.714,7419
178.754,6929
178.834,6901
178.919,6883
178.954,6623
179.034,6263
179.114,5943
179.154,5645
179.234,5013
179.314,4763
179.357,4057
179.434,3300
179.514,2952
179.554,2324
179.634,1715
179.714,1470
179.754,951
179.834,512
179.914,319
179.954,179
180.034,181
180.114,188
180.154,168
180.234,267
180.314,374
180.357,550
180.434,659
180.514,948
180.599,880
180.634,802
180.714,883
180.754,738
180.834,704
180.914,716
180.954,667
181.034,666
181.114,693
181.154,714
181.234,687
181.314,710
181.357,711
181.434,710
181.514,727
181.554,706
181.634,713
181.714,735
181.754,730
181.834,720
181.914,742
181.954,726
182.034,700
182.114,691
182.154,1155
182.279,1149
182.314,1166
182.36,1208
182.434,1223
182.514,1239
182.554,1224
182.634,1235
182.714,1212
182.754,1238
182.834,1254
182.914,1269
182.955,1239
183.034,1268
183.114,1272
183.154,1252
183.234,1248
183.314,1252
183.354,1234
183.434,1234
183.514,1229
183.554,1184
183.634,1190
183.714,1172
183.754,1163
183.834,1654
183.959,1821
183.976,1706
184.034,1628
184.114,1496
184.154,1526
184.234,1562
184.314,1551
184.357,1608
184.434,1666
184.514,1714
184.554,1819
184.635,1945
184.714,2035
184.754,1937
184.834,1986
184.914,2034
184.954,2016
185.034,1981
185.114,2019
185.154,2107
185.234,2103
185.314,2139
185.358,2241
185.434,2224
185.514,2253
185.599,2372
185.634,2383
185.714,2437
185.754,2406
185.834,2401
185.914,2363
185.954,2428
186.034,2413
186.114,2365
186.154,2267
186.234,2176
186.315,2132
186.357,2116
186.434,2210
186.514,2230
186.554,2284
186.634,2048
186.714,2064
186.754,1993
186.834,2021
186.914,2013
186.954,2055
187.034,2013
187.114,2087
187.154,1820
187.279,1879
187.314,1920
187.357,1809
187.434,1992
187.514,2013
187.574,2060
187.634,2066
187.714,2075
187.754,2135
187.834,2186
187.914,2193
187.954,2197
188.034,2331
188.114,2289
188.154,2328
188.234,2301
188.314,2315
188.357,2287
188.434,2241
188.514,2215
188.554,2188
188.634,2216
188.714,2234
188.754,2225
188.834,2292
188.959,2316
188.976,2282
189.034,2280
189.114,2319
189.154,2328
189.234,2336
189.314,2372
189.357,2397
189.434,2404
189.514,2408
189.554,2405
189.634,2406
189.714,2415
189.754,2401
189.834,2385
189.914,2373
189.954,2208
190.034,2292
190.114,2260
190.154,2243
190.234,2331
190.314,2294
190.357,2256
190.434,2252
190.514,2094
190.599,2128
190.634,2133
190.714,2161
190.754,2318
190.834,2647
190.914,2790
190.954,3072
191.034,3168
191.114,3214
191.154,3240
191.234,3412
191.314,3460
191.358,3465
191.434,3306
191.514,3263
191.554,3329
191.634,3302
191.714,3316
191.754,3171
191.834,3038
191.914,3030
191.954,2963
192.034,2991
192.114,3234
192.154,3002
192.258,3059
192.314,3049
192.358,2845
192.434,2589
192.514,2461
192.554,2452
192.634,2502
192.714,2526
192.754,2449
192.834,2488
192.914,2468
192.955,2511
193.034,2473
193.114,2510
193.155,2531
193.234,2561
193.314,2608
193.357,2549
193.434,2533
193.514,2527
193.554,2660
193.634,2512
193.714,2587
193.754,2616
193.834,2472
193.939,2466
193.956,2516
194.034,2523
194.115,2539
194.154,2560
194.234,2500
194.314,2550
194.357,2570
194.434,2610
194.514,2594
194.554,2666
194.635,2605
194.714,2592
194.754,2578
194.834,2658
194.914,2596
194.954,2562
195.034,2562
195.114,2579
195.154,2579
195.234,2613
195.314,2598
195.357,2854
195.434,3096
195.514,3212
195.598,3216
195.654,3403
195.714,3443
195.774,3292
195.834,3427
195.914,3490
195.954,3517
196.034,3542
196.114,3453
196.154,3392
196.234,3468
196.314,3361
196.357,3099
196.434,2906
196.515,2830
196.554,2780
196.634,2734
196.714,2764
196.754,2754
196.834,2633
196.914,2655
196.954,2523
197.055,2306
197.114,2205
197.154,1339
197.278,1285
197.314,1194
197.357,1122
197.434,1061
197.514,1070
197.554,1092
197.634,1006
197.714,964
197.754,924
197.834,903
197.914,928
197.954,913
198.034,932
198.114,885
198.154,890
198.234,855
198.314,857
198.358,851
198.434,854
198.514,844
198.554,818
198.634,808
198.714,787
198.754,776
198.834,603
198.938,595
198.955,628
199.034,633
199.114,630
199.154,636
199.234,617
199.314,610
199.358,596
199.434,576
199.514,564
199.554,573
199.634,554
199.714,555
199.754,545
199.834,595
199.914,632
199.954,726
200.034,859
200.114,969
200.154,1102
200.234,1350
200.314,1513
200.357,1826
200.434,1975
200.514,2094
200.558,2242
200.634,2325
200.714,2403
200.754,2447
200.834,2513
200.914,2583
200.954,2720
201.034,2790
201.114,2861
201.154,3069
201.234,3303
201.314,3340
201.357,3467
201.434,3482
201.514,3497
201.554,3611
201.634,3705
201.714,3773
201.754,3897
201.834,4069
201.914,4149
201.954,4213
202.034,4352
202.114,4434
202.154,4667
202.258,5084
202.314,5265
202.357,5622
202.434,5856
202.514,6024
202.554,6390
202.634,6737
202.714,6777
202.754,6956
202.834,7158
202.914,7261
202.954,7480
203.034,7756
203.114,7923
203.154,8157
203.234,8356
203.314,8600
203.357,8817
203.434,9018
203.514,9152
203.554,9429
203.634,9764
203.714,9857
203.754,9997
203.834,10130
203.939,10214
203.956,10430
204.034,10591
204.114,10692
204.154,10719
204.234,10854
204.314,10974
204.358,11086
204.434,11171
204.514,11172
204.554,11263
204.634,11407
204.714,11344
204.754,11436
204.834,11528
204.914,11634
204.954,11756
205.034,11794
205.114,11690
205.154,11534
205.234,11634
205.314,11631
205.358,11783
205.434,11878
205.514,11913
205.598,11948
205.634,11787
205.714,11809
205.754,11775
205.834,11534
205.914,11600
205.954,11588
206.034,11569
206.114,11621
206.154,11664
206.234,11896
206.314,11953
206.357,12099
206.434,12220
206.514,12267
206.554,12299
206.634,12318
206.714,12381
206.754,12470
206.834,12547
206.914,12575
206.954,12648
207.034,12581
207.114,12563
207.154,12438
207.277,12375
207.314,12441
207.357,12384
207.434,12403
207.514,12378
207.554,12398
207.634,12438
207.714,12418
207.754,12518
207.834,12527
207.914,12522
207.954,12546
208.034,12520
208.114,12554
208.154,12557
208.234,12533
208.314,12496
208.357,12462
208.434,12474
208.514,12481
208.554,12468
208.634,12424
208.714,12424
208.754,12421
208.834,12379
208.958,12428
208.975,12462
209.034,12473
209.114,12490
209.154,12605
209.234,12711
209.314,12712
209.357,12781
209.434,12735
209.514,12691
209.554,12650
209.634,12482
209.714,12513
209.754,12533
209.834,12571
209.914,12575
209.954,12593
210.034,12616
210.114,12622
210.154,12622
210.234,12616
210.314,12613
210.357,12593
210.434,12602
210.514,12587
210.598,12631
210.654,12598
210.714,12596
210.754,12591
210.834,12582
210.914,12609
210.954,12645
211.034,12639
211.114,12654
211.154,12656
211.234,12652
211.314,12653
211.357,12735
211.434,12798
211.514,12817
211.554,12842
211.634,12830
211.714,12887
211.754,12931
211.834,12953
211.914,12955
211.954,12881
212.034,12875
212.114,12893
212.154,12904
212.278,13015
212.314,13044
212.357,12990
212.434,12967
212.514,13130
212.554,13248
212.634,13326
212.714,13373
212.754,13328
212.834,13061
212.914,12964
212.954,12883
213.034,12854
213.114,12875
213.154,12882
213.234,12899
213.314,12912
213.357,12909
213.424,12914
213.505,12894
213.544,12876
213.625,12914
213.705,12912
213.744,12912
213.824,12896
213.969,12890
214.005,12839
214.024,12799