0,522
0,502
0.1,491
0.119987,468
0.2,471
0.280013,470
0.319987,479
0.4,484
0.480013,476
0.519987,474
0.6,540
0.680013,575
0.719987,659
0.8,758
0.880013,797
0.919987,884
1,968
1.08001,1021
1.11999,1106
1.2,1257
1.30404,1249
1.32103,1307
1.4,1466
1.48001,1440
1.54004,1499
1.6,1612
1.68001,1713
1.71999,1825
1.8,1873
1.88001,1843
1.91999,1696
2,1616
2.08001,1660
2.11999,1793
2.2,1871
2.28001,1886
2.31999,1926
2.4,1957
2.48001,1996
2.51999,2055
2.6,2095
2.68001,2119
2.71999,2143
2.8,2161
2.88001,2215
2.964,2205
3,2229
3.08001,2224
3.11999,2214
3.2,2280
3.28001,2245
3.31999,2311
3.4,2311
3.48001,2313
3.51999,2337
3.6,2337
3.68001,2359
3.71999,2345
3.8,2319
3.88001,2287
3.91999,2259
4,2263
4.08001,2275
4.11999,2240
4.2,2224
4.28001,2238
4.31999,2290
4.4,2338
4.48001,2332
4.51999,2282
4.64401,2325
4.68001,2356
4.71999,2434
4.8,2628
4.88001,2690
4.91999,2814
5,2882
5.08001,2896
5.11999,2997
5.2,2977
5.28001,2986
5.31999,2914
5.4,3702
5.48001,4191
5.51999,5445
5.6,6561
5.68001,7190
5.71999,8043
5.8,8407
5.88001,8557
5.91999,8420
6,8437
6.08001,8462
6.11999,8575
6.21999,8608
6.32298,8622
6.34004,8712
6.4,8749
6.48001,8769
6.51999,8775
6.6,8752
6.68001,8716
6.71999,8731
6.8,8675
6.88001,8722
6.91999,8560
7,8419
7.08001,8364
7.11999,8217
7.2,8195
7.28001,8127
7.31999,8037
7.4,8025
7.48001,8034
7.51999,8054
7.6,8189
7.68001,8202
7.71999,8270
7.8,8319
7.88001,8478
7.92298,8468
8,8445
8.08001,8505
8.11999,8642
8.2,8592
8.28001,8689
8.31999,8849
8.4,9000
8.48001,9201
8.51999,9480
8.6,9583
8.68001,9601
8.71999,9606
8.8,9765
8.88001,9762
8.91999,9823
9,9886
9.08001,9995
9.11999,10119
9.2,10203
9.28001,10242
9.31999,10188
9.4,10247
9.48001,10216
9.51999,10173
9.64303,10211
9.68001,10238
9.71999,10206
9.8,10132
9.88001,10047
9.91999,10194
10,10253
10.08,10307
10.12,10376
10.2,10365
10.28,10328
10.32,10377
10.4,10435
10.48,10455
10.52,10452
10.6,10421
10.68,10396
10.72,10338
10.8,10386
10.88,10433
10.92,10439
11,10491
11.08,10449
11.12,10484
11.2,10395
11.323,10405
11.34,10399
11.4,10384
11.48,10401
11.52,10443
11.6,10405
11.68,10355
11.72,10385
11.8,10502
11.88,10516
11.92,10459
12,10433
12.08,10368
12.12,10277
12.2,10182
12.28,10095
12.32,9962
12.4,9826
12.48,9757
12.52,9660
12.6,9546
12.68,9478
12.72,9373
12.8,9346
12.88,9231
12.963,9236
13,9255
13.08,9238
13.12,9252
13.2,9257
13.28,9247
13.32,9225
13.4,9222
13.48,9228
13.52,9246
13.6,9215
13.68,9211
13.72,9198
13.8,9189
13.88,9199
13.92,9205
14,9209
14.08,9221
14.12,9213
14.2,9224
14.28,9220
14.32,9215
14.4,9211
14.48,9212
14.52,9159
14.643,9222
14.68,9233
14.72,9236
14.8,9234
14.88,9244
14.92,9240
15,9245
15.08,9245
15.12,9232
15.2,9229
15.28,9239
15.32,9241
15.4,9257
15.48,9260
15.52,9323
15.6,9387
15.68,9401
15.72,9437
15.8,9451
15.88,9427
15.92,9653
16,10077
16.08,10124
16.12,10234
16.2,10125
16.323,10201
16.34,10248
16.4,10156
16.48,9977
16.52,9902
16.6,9853
16.68,9872
16.72,9824
16.8,9854
16.88,9874
16.92,9918
17,9947
17.08,9942
17.12,10075
17.2,10111
17.28,10069
17.32,10054
17.4,10143
17.48,10140
17.52,10131
17.6,10149
17.68,10103
17.72,10073
17.8,10094
17.88,10120
17.964,10112
18.02,10107
18.08,10053
18.12,10076
18.2,10129
18.28,10071
18.32,9877
18.4,9606
18.48,9493
18.52,9443
18.6,9410
18.68,9438
18.72,9451
18.8,9481
18.88,9311
18.92,9297
19,9336
19.08,9399
19.12,9423
19.2,9329
19.28,9263
19.32,9240
19.4,9230
19.48,9226
19.52,9251
19.643,9232
19.68,9251
19.72,9260
19.8,9257
19.88,9258
19.92,9264
20,9283
20.08,9279
20.12,9278
20.2,9286
20.28,9289
20.32,9283
20.4,9276
20.48,9271
20.52,9256
20.6,9263
20.68,9264
20.721,9267
20.8,9273
20.88,9269
20.92,9270
21,9272
21.08,9279
21.12,9281
21.2,9230
21.323,9233
21.34,9237
21.4,9238
21.48,9238
21.52,9239
21.62,9242
21.68,9253
21.72,9267
21.8,9261
21.88,9255
21.92,9276
22,9273
22.08,9277
22.12,9285
22.2,9278
22.28,9267
22.32,9263
22.4,9258
22.48,9259
22.52,9269
22.6,9288
22.68,9286
22.72,9312
22.8,9498
22.88,9628
22.963,9659
23,9665
23.08,9683
23.12,9615
23.2,9600
23.28,9566
23.32,9608
23.4,9616
23.48,9628
23.52,9639
23.6,9587
23.68,9605
23.72,9580
23.8,9562
23.88,9559
23.92,9595
24,9617
24.08,9650
24.12,9685
24.2,9731
24.28,9765
24.32,9774
24.4,9809
24.48,9813
24.52,9819
24.643,9827
24.68,9839
24.71,9829
24.79,9807
24.87,9815
24.91,9841
24.99,9830
25.07,9837
25.11,9834
25.19,9827
25.27,9809
25.33,9777
25.39,9796
25.47,9775
25.51,9760
25.59,9703
25.67,9675
25.71,9668
25.8,9673
25.88,9678
25.92,9630
26,9595
26.08,9602
26.12,9586
26.2,9678
26.304,9700
26.321,9724
26.4,9735
26.48,9751
26.52,9738
26.6,9696
26.68,9691
26.72,9644
26.8,9622
26.88,9587
26.92,9579
27,9535
27.08,9540
27.12,9519
27.2,9527
27.28,9556
27.32,9585
27.4,9584
27.48,9565
27.52,9573
27.6,9596
27.68,9563
27.72,9570
27.8,9559
27.88,9497
27.963,9536
28.02,9550
28.08,9585
28.12,9545
28.2,9562
28.28,9563
28.32,9563
28.4,9577
28.48,9567
28.52,9573
28.6,9613
28.68,9648
28.71,9648
28.79,9713
28.87,9696
28.91,9677
28.99,9666
29.07,9648
29.11,9661
29.19,9644
29.27,9660
29.31,9683
29.39,9687
29.47,9677
29.51,9701
29.613,9679
29.67,9693
29.71,9710
29.79,9704
29.87,9700
29.91,9681
29.99,9692
30.07,9693
30.11,9697
30.19,9705
30.27,9713
30.31,9707
30.39,9727
30.47,9748
30.51,9752
30.59,9736
30.67,9724
30.71,9736
30.8,9729
30.88,9726
30.92,9746
31,9710
31.08,9719
31.12,9716
31.2,9697
31.283,9704
31.32,9716
31.4,9709
31.48,9699
31.52,9746
31.6,9766
31.68,9757
31.72,9748
31.8,9749
31.88,9774
31.92,9760
32,9754
32.08,9768
32.12,9776
32.2,9742
32.28,9754
32.32,9737
32.4,9739
32.48,9779
32.52,9762
32.6,9767
32.68,9790
32.709,9782
32.79,9783
32.87,9809
32.934,9830
32.99,9830
33.07,9848
33.11,9873
33.19,9876
33.27,9856
33.31,9835
33.41,9831
33.47,9839
33.51,9853
33.59,9846
33.67,9829
33.71,9839
33.79,9862
33.87,9861
33.91,9835
33.99,9825
34.07,9820
34.11,9827
34.19,9838
34.27,9821
34.31,9778
34.39,9717
34.47,9653
34.51,9282
34.634,9317
34.67,9317
34.71,9295
34.8,9276
34.88,9271
34.92,9242
35,9245
35.08,9233
35.12,9236
35.2,9214
35.28,9201
35.32,9191
35.4,9196
35.48,9192
35.52,9168
35.6,9162
35.68,9136
35.71,9096
35.79,9102
35.87,9099
35.91,9080
35.99,9076
36.07,9081
36.11,9080
36.19,8973
36.295,8973
36.312,8997
36.39,8999
36.47,9002
36.51,9037
36.59,9035
36.67,9044
36.71,9051
36.79,9064
36.87,9069
36.91,9074
36.99,9086
37.07,9097
37.11,9101
37.19,9100
37.27,9096
37.31,9099
37.39,9109
37.47,9110
37.51,9113
37.59,9123
37.67,9127
37.714,9267
37.79,9460
37.87,9456
37.954,9652
38.01,9848
38.07,9953
38.11,10186
38.19,10420
38.27,10544
38.31,10790
38.39,11036
38.47,11165
38.51,11400
38.59,11535
38.67,11606
38.71,11707
38.8,11919
38.88,12008
38.92,12169
39,12312
39.08,12327
39.12,12371
39.2,12463
39.28,12496
39.32,12565
39.4,12621
39.48,12625
39.52,12511
39.644,12506
39.68,12531
39.72,12581
39.8,12601
39.88,12615
39.92,12656
40,12717
40.08,12709
40.12,12739
40.2,12741
40.28,12757
40.32,12754
40.4,12764
40.48,12754
40.52,12761
40.6,12768
40.68,12756
40.709,12782
40.79,12783
40.87,12804
40.91,12815
40.99,12786
41.07,12775
41.11,12791
41.19,12632
41.315,12657
41.332,12708
41.39,12695
41.47,12701
41.51,12696
41.59,12693
41.67,12668
41.71,12675
41.79,12687
41.87,12677
41.91,12709
41.99,12742
42.07,12717
42.11,12715
42.19,12737
42.27,12716
42.31,12733
42.39,12737
42.47,12732
42.51,12715
42.59,12745
42.67,12736
42.71,13088
42.8,13411
42.88,13471
42.964,13833
43.02,14130
43.08,14288
43.12,14583
43.2,14781
43.28,14850
43.32,14965
43.4,15032
43.48,15062
43.52,15087
43.6,15092
43.68,15162
43.72,15242
43.8,15294
43.88,15305
43.92,15483
44,15596
44.08,15679
44.12,15865
44.2,16094
44.28,16160
44.32,16377
44.4,16580
44.48,16663
44.52,16918
44.644,17126
44.68,17145
44.708,17334
44.79,17486
44.87,17564
44.91,17678
44.99,17816
45.07,17887
45.11,18037
45.19,18137
45.27,18215
45.31,18324
45.39,18420
45.47,18481
45.51,18588
45.59,18586
45.67,18680
45.71,18734
45.79,18785
45.87,18852
45.91,18871
45.99,18883
46.07,18959
46.11,18979
46.19,19130
46.315,19220
46.332,19235
46.39,19283
46.47,19302
46.51,19317
46.59,19336
46.67,19316
46.71,19314
46.8,19337
46.88,19373
46.92,19351
47,19347
47.08,19386
47.12,19362
47.2,19373
47.28,19380
47.32,19441
47.4,19409
47.48,19395
47.52,19470
47.6,19419
47.68,19400
47.72,19354
47.8,19343
47.88,18923
47.964,19013
48,19012
48.08,18999
48.12,19009
48.2,19011
48.28,19014
48.32,19013
48.4,19009
48.48,19023
48.52,19011
48.6,18988
48.68,18965
48.708,18901
48.8,18866
48.88,18855
48.92,18835
49,18823
49.08,18799
49.12,18784
49.2,18764
49.28,18747
49.32,18755
49.4,18738
49.48,18728
49.52,18363
49.646,18349
49.68,18347
49.72,18316
49.8,18309
49.88,18281
49.92,18259
50,18239
50.08,18223
50.12,18195
50.2,18164
50.28,18152
50.32,18148
50.4,18164
50.48,18139
50.52,18138
50.6,18124
50.68,18118
50.72,18039
50.8,18004
50.88,17937
50.92,17857
51,17805
51.08,17761
51.12,17752
51.2,17365
51.326,17340
51.343,17368
51.4,17368
51.48,17368
51.52,17351
51.6,17343
51.68,17365
51.72,17358
51.8,17359
51.88,17354
51.92,17372
52,17371
52.08,17385
52.12,17388
52.2,17396
52.28,17410
52.32,17408
52.4,17443
52.48,17435
52.52,17431
52.6,17424
52.68,17463
52.708,17514
52.8,17528
52.88,17880
52.966,17903
53.02,17896
53.08,17893
53.12,17928
53.2,17958
53.28,17973
53.32,18017
53.4,18019
53.48,18021
53.52,18035
53.6,18080
53.68,18091
53.72,18104
53.8,18097
53.88,18064
53.92,18027
54,18009
54.08,17946
54.12,17850
54.2,17773
54.28,17693
54.32,17614
54.4,17543
54.48,17515
54.52,16913
54.646,16925
54.68,16927
54.72,16896
54.79,16872
54.87,16809
54.91,16773
54.99,16735
55.07,16695
55.11,16691
55.19,16685
55.27,16645
55.31,16630
55.39,16624
55.47,16612
55.51,16570
55.59,16548
55.67,16538
55.71,16530
55.79,16455
55.87,16449
55.91,16438
55.99,16453
56.07,16452
56.11,16452
56.19,16148
56.316,16137
56.333,16152
56.39,16178
56.47,16189
56.51,16181
56.59,16210
56.67,16244
56.71,16226
56.79,16224
56.87,16235
56.91,16177
56.99,16172
57.07,16145
57.11,16136
57.19,16133
57.27,16152
57.31,16163
57.39,16168
57.47,16156
57.51,16158
57.59,16146
57.67,16150
57.712,16144
57.79,16144
57.87,16190
57.955,16232
58.01,16237
58.07,16244
58.11,16252
58.19,16253
58.27,16260
58.31,16263
58.39,16260
58.47,16265
58.51,16388
59.636,16393
58.6165,16368
59.71,16359
58.7365,16361
58.8165,16353
58.8565,16315
58.9365,16347
59.0165,16343
59.0565,16341
59.1365,16342
59.2165,16314
59.2565,16295
59.3365,16253
59.4165,16280
59.4565,16262
59.5365,16272
59.6165,16285
59.6565,16296
59.7365,16288
59.8165,16306
59.8565,16294
59.9365,16298
60.0165,16277
60.0565,16267
60.1365,16249
60.2625,16228
60.2965,16221
60.3365,16259
60.4165,16249
60.4565,16265
60.5365,16273
60.6165,16265
60.6565,16257
60.7365,16274
60.8165,16256
60.8565,16242
60.9365,16271
61.0165,16261
61.0565,16278
61.1365,16291
61.2165,16294
61.2565,16294
61.3365,16299
61.4165,16283
61.4565,16281
61.5365,16274
61.6165,16271
61.6565,16276
61.7365,16285
61.8165,16264
61.9025,16243
61.9365,16217
62.0165,16236
62.0565,16244
62.1365,16232
62.2165,16251
62.2565,16333
62.3365,16440
62.4165,16508
62.4565,16610
62.5365,16618
62.6165,16656
62.6565,16665
62.7365,16666
62.8165,16649
62.8565,16628
62.9365,16648
63.0165,16652
63.0565,16658
63.1365,16661
63.2165,16646
63.2565,16655
63.3365,16643
63.4165,16641
63.4565,16660
63.5825,16657
63.6365,16667
63.6585,16664
63.7365,16706
63.8165,16729
63.8765,16721
63.9365,16722
64.0165,16709
64.0565,16702
64.1365,16699
64.2165,16649
64.2565,16648
64.3365,16661
64.4165,16675
64.4565,16670
64.5365,16661
64.6165,16639
64.6565,16603
64.7365,16572
64.8165,16555
64.8565,16551
64.9365,16554
65.0165,16572
65.0565,16591
65.1365,16410
65.2625,16425
65.2795,16437
65.3365,16482
65.4165,16464
65.4565,16460
65.5365,16473
65.6165,16494
65.6565,16526
65.7365,16557
65.8165,16568
65.8565,16554
65.9375,16588
66.0165,16583
66.0565,16561
66.1365,16530
66.2165,16555
66.2565,16517
66.3365,16498
66.4165,16498
66.4565,16454
66.5365,16404
66.6165,16371
66.6565,16350
66.7365,16346
66.8165,16306
66.9025,16280
66.9365,16262
67.0165,16270
67.0565,16262
67.1365,16279
67.2165,16882
68.5815,16907
67.3239,16916
68.6565,16990
67.444,17043
67.5239,17082
67.564,17009
67.644,17002
67.7239,17017
67.764,16994
67.844,16998
67.9239,17009
67.984,17030
68.044,17057
68.1239,17053
68.164,17057
68.244,17023
68.3239,17009
68.364,16997
68.444,17022
68.5239,17069
68.564,17056
68.644,17030
68.7239,17022
68.764,16975
68.844,16805
68.97,16799
68.987,16812
69.044,16779
69.1239,16777
69.164,16763
69.244,16697
69.3239,16667
69.364,16622
69.444,16603
69.5239,16608
69.564,16629
69.644,16658
69.7239,16649
69.764,16665
69.844,16674
69.9239,16638
69.964,16647
70.044,16642
70.1239,16651
70.164,16615
70.244,16556
70.3239,16550
70.364,16576
70.4539,16573
70.534,16779
70.6209,16696
70.6539,16674
70.734,16697
70.7739,16642
70.8539,16640
70.934,16677
70.9739,16704
71.054,16731
71.134,16700
71.1739,16692
71.254,16643
71.334,16634
71.3739,16676
71.4539,16700
71.534,16698
71.5739,16706
71.6539,16703
71.734,16705
71.7739,16726
71.8539,16765
71.934,16777
71.9739,16786
72.054,16817
72.134,16814
72.1739,16981
72.301,17053
72.334,17100
72.3739,17123
72.4539,17119
72.534,17102
72.5739,17093
72.6539,17109
72.734,17018
72.7739,17035
72.8539,16972
72.934,16966
72.9739,16920
73.054,16943
73.134,16992
73.1739,16996
73.254,16988
73.334,16978
73.3739,16975
73.4539,16949
73.534,16943
73.5739,16943
73.6539,16953
73.734,16992
73.7739,17003
73.8539,17048
73.981,17061
73.998,17028
74.054,17043
74.134,17050
74.1739,17069
74.254,17050
74.334,17026
74.361,17026
74.4539,17003
74.534,16973
74.5739,16988
74.6739,16987
74.734,17011
74.7739,17096
74.8539,17293
74.934,17406
74.9739,17778
75.054,17789
75.134,17830
75.1739,17848
75.254,17852
75.334,17816
75.3739,17889
75.4539,17730
75.534,17592
75.6209,17278
75.6539,17122
75.734,17004
75.7739,16800
75.8539,16714
75.934,16734
75.9739,16708
76.054,16732
76.134,16766
76.1739,16869
76.254,16906
76.334,16901
76.359,16897
76.4539,16910
76.534,16906
76.5739,16854
76.6539,16889
76.734,16896
76.7739,16933
76.8539,16919
76.934,16897
76.9739,16884
77.054,16909
77.134,16903
77.1739,16957
77.301,17034
77.356,17082
77.3739,17175
77.4539,17181
77.534,17200
77.5739,17169
77.6539,17177
77.734,17174
77.794,17133
77.8539,17103
77.934,17122
77.9739,17094
78.054,17081
78.134,17085
78.1739,17117
78.254,17138
78.334,17142
78.364,17171
78.444,17155
78.5239,17139
78.564,17113
78.644,17131
78.7239,17151
78.764,17111
78.844,16922
78.97,16916
78.987,16840
79.044,16808
79.1239,16771
79.164,16788
79.244,16761
79.3239,16781
79.3679,16788
79.444,16790
79.5239,16785
79.564,16794
79.645,16806
79.7239,16824
79.764,16859
79.844,16897
79.9239,16865
79.964,16859
80.044,16853
80.1239,16863
80.164,16841
80.244,16856
80.3239,16841
80.364,16833
80.444,16854
80.5239,16881
80.609,16873
80.644,16864
80.7239,16910
80.764,16898
80.844,16902
80.9239,16895
80.964,16882
81.044,16894
81.1239,16880
81.164,16880
81.244,16920
81.3239,16934
81.364,16947
81.444,16967
81.5239,16981
81.564,16974
81.644,17006
81.7239,16986
81.764,17004
81.844,17018
81.9239,17024
81.964,17066
82.044,17094
82.1239,17128
82.164,17110
82.25,17132
82.3239,17106
82.3679,17063
82.444,17099
82.5239,17082
82.564,17026
82.644,16971
82.7239,16964
82.764,16983
82.844,17003
82.9239,17008
82.964,16985
83.044,17015
83.1239,17002
83.164,16947
83.244,16951
83.3239,16950
83.364,16963
83.444,16972
83.5239,16964
83.564,16951
83.644,16935
83.7239,16927
83.764,16941
83.844,16840
83.97,16872
83.987,16833
84.044,16799
84.1239,16774
84.164,16775
84.244,16816
84.3239,16823
84.364,16818
84.444,16823
84.5239,16839
84.564,16837
84.644,16865
84.7239,16895
84.764,16900
84.844,16917
84.9239,16915
84.964,16890
85.044,16898
85.1239,16907
85.164,16924
85.244,16877
85.3239,16879
85.364,16874
85.444,16848
85.5239,16832
85.609,16782
85.644,16788
85.7239,16807
85.764,16837
85.844,16880
85.9239,16888
85.964,16911
86.044,16927
86.1239,16921
86.164,16916
86.244,16875
86.3239,16857
86.364,16826
86.4539,16863
86.534,16858
86.5739,16842
86.6539,16814
86.734,16809
86.7739,16793
86.8539,16770
86.934,16766
86.9739,16767
87.054,16790
87.134,16822
87.1739,16795
87.301,16841
87.334,16837
87.3569,16824
87.4539,16808
87.534,16813
87.5739,16865
87.6539,16905
87.734,16923
87.7739,16968
87.8539,16962
87.934,16963
87.9739,16942
88.054,16934
88.134,16916
88.1739,16935
88.2539,16919
88.334,16897
88.358,16892
88.4539,16879
88.534,16870
88.5739,16857
88.6539,16834
88.734,16814
88.7739,16795
88.8539,16662
88.98,16690
88.997,16658
89.054,16670
89.134,16659
89.1739,16686
89.2539,16692
89.334,16653
89.3569,16585
89.4539,16578
89.534,16570
89.5739,16562
89.6539,16570
89.734,16552
89.7739,16586
89.8539,16599
89.934,16582
89.9739,16596
90.054,16579
90.134,16582
90.1739,16585
90.2539,16586
90.334,16602
90.361,16593
90.4539,16614
90.534,16681
90.62,16676
90.6539,16684
90.734,16663
90.7739,16660
90.8539,16666
90.934,16654
90.9739,16671
91.054,16649
91.134,16641
91.1739,16677
91.2539,16675
91.3349,16690
91.358,16676
91.444,16663
91.5239,16667
91.564,16668
91.644,16666
91.7239,16662
91.764,16649
91.844,16659
91.9239,16665
91.964,16646
92.044,16616
92.1239,16615
92.164,16581
92.289,16580
92.3239,16577
92.364,16578
92.444,16606
92.5239,16608
92.564,16588
92.644,16588
92.7239,16572
92.764,16558
92.844,16571
92.9239,16564
92.964,16569
93.044,16568
93.1239,16577
93.164,16589
93.244,16605
93.3239,16606
93.365,16591
93.444,16612
93.5239,16620
93.564,16618
93.644,16602
93.7239,16607
93.764,16619
93.844,16580
93.95,16593
93.967,16592
94.044,16611
94.1239,16608
94.164,16625
94.244,16643
94.3239,16633
94.364,16646
94.444,16661
94.5239,16684
94.564,16718
94.644,16727
94.7239,16727
94.764,16729
94.844,16751
94.9239,16771
94.964,16802
95.044,16843
95.1239,16878
95.164,16910
95.244,16976
95.3239,17015
95.364,17081
95.444,17094
95.5239,17031
95.609,17067
95.644,17090
95.7239,17160
95.764,17219
95.844,17298
95.9239,17300
95.964,17392
96.044,17395
96.1239,17348
96.164,17378
96.244,17330
96.3239,17359
96.364,17396
96.444,17451
96.5239,17564
96.564,17643
96.644,17498
96.7239,17457
96.764,17555
96.844,17557
96.9239,17725
96.964,17693
97.044,17801
97.1239,17865
97.164,17618
97.289,17664
97.3239,17749
97.364,17792
97.444,17946
97.5239,17998
97.564,18062
97.644,18049
97.7239,18030
97.764,18038
97.844,18242
97.9239,18293
97.964,18436
98.044,18298
98.1239,18319
98.164,18161
98.244,18174
98.3239,18149
98.364,18165
98.444,18043
98.5239,18152
98.564,18192
98.644,18375
98.7239,18284
98.764,18509
98.844,18382
98.969,18295
98.986,18186
99.044,18265
99.1239,18222
99.164,18170
99.244,18053
99.3239,18070
99.3659,18354
99.444,18216
99.5239,18214
99.564,18248
99.644,18326
99.7239,18339
99.764,18293
99.844,18307
99.9239,18355
99.964,18380
100.044,18408
100.124,18452
100.164,18332
100.244,18128
100.324,17914
100.364,17824
100.444,17668
100.524,17535
100.608,17177
100.644,16998
100.724,16970
100.764,16852
100.844,17279
100.924,17382
100.964,17302
101.044,17209
101.124,17251
101.164,17265
101.244,17789
101.324,17906
101.364,17841
101.444,17859
101.524,17856
101.564,17792
101.644,17820
101.724,17763
101.764,17801
101.844,17806
101.924,17939
101.964,17950
102.044,17904
102.124,18024
102.164,18130
102.288,18025
102.324,18077
102.367,17599
102.444,17302
102.524,17302
102.564,17152
102.644,17029
102.724,17046
102.764,17184
102.844,17444
102.924,17523
102.964,17479
103.044,17663
103.124,17944
103.164,18229
103.244,18517
103.324,18731
103.364,18833
103.444,19101
103.524,19112
103.564,19265
103.644,19304
103.724,19475
103.764,19516
103.844,19892
103.948,19845
103.965,19924
104.064,20009
104.124,19984
104.164,20059
104.244,19895
104.324,19756
104.364,19508
104.444,19126
104.524,18946
104.564,18621
104.644,18261
104.724,17941
104.764,17591
104.844,16929
104.924,16720
104.964,16603
105.044,16494
105.124,16467
105.164,16493
105.244,16532
105.324,16521
105.364,16535
105.444,16427
105.524,16250
105.587,15803
105.644,15270
105.724,14815
105.764,14438
105.844,13963
105.924,13857
105.964,13641
106.044,13217
106.124,12885
106.164,12465
106.244,12004
106.324,11889
106.364,11884
106.444,12097
106.524,12262
106.564,12448
106.644,12842
106.724,12936
106.764,13118
106.844,13373
106.924,13544
106.964,13994
107.044,14170
107.124,14253
107.164,13964
107.268,14141
107.344,14335
107.364,14380
107.444,14189
107.524,14304
107.564,13817
107.644,13559
107.724,13583
107.764,13603
107.844,13763
107.924,13905
107.964,14036
108.044,14173
108.124,14242
108.164,14531
108.244,14740
108.324,14990
108.364,15433
108.455,15650
108.535,15713
108.554,15810
108.635,15985
108.714,16092
108.754,16148
108.835,16177
108.939,16372
108.956,16480
109.034,16626
109.114,16592
109.154,16633
109.235,16682
109.314,16675
109.357,16793
109.434,16780
109.515,16774
109.554,17031
109.635,17150
109.714,17102
109.754,17320
109.834,17446
109.915,17489
109.955,17549
110.034,17401
110.114,17472
110.154,17519
110.235,17701
110.314,17755
110.357,17830
110.434,17757
110.515,17846
110.579,17715
110.635,17766
110.714,17726
110.754,17925
110.834,17719
110.914,17872
110.955,18091
111.034,18064
111.114,17890
111.154,17992
111.235,17565
111.314,17471
111.357,17411
111.434,17003
111.515,16919
111.554,16835
111.635,16593
111.714,16405
111.754,16087
111.834,15835
111.914,15809
111.955,15480
112.034,15090
112.114,15042
112.154,15166
112.278,14968
112.314,14995
112.357,15318
112.434,15138
112.515,15150
112.554,15263
112.635,15381
112.714,15632
112.754,16201
112.834,16569
112.914,16712
112.955,17005
113.034,17071
113.114,17170
113.154,17193
113.235,17096
113.314,17161
113.357,16930
113.434,16765
113.515,16585
113.554,16354
113.635,15757
113.714,15639
113.754,15201
113.834,14641
113.939,14549
113.974,14336
114.034,14080
114.114,13994
114.154,13785
114.234,13739
114.314,13705
114.357,13335
114.434,13269
114.514,13503
114.554,13418
114.634,13324
114.714,13218
114.754,12950
114.834,12304
114.914,12156
114.954,11944
115.034,11842
115.114,11710
115.154,11584
115.235,11881
115.335,12240
115.357,12996
115.454,13112
115.514,14518
115.558,14872
115.634,15352
115.714,15378
115.754,15644
115.834,15970
115.914,16014
115.974,16338
116.034,16862
116.114,17055
116.154,16911
116.235,16818
116.314,16875
116.357,17035
116.434,17408
116.514,17589
116.554,17962
116.634,18738
116.714,18958
116.754,19508
116.834,19888
116.914,20060
116.954,20450
117.034,21036
117.114,21138
117.154,21036
117.278,20956
117.314,20911
117.357,20764
117.434,20942
117.514,20612
117.554,20611
117.634,20603
117.714,20421
117.754,20291
117.834,20144
117.914,19876
117.955,19495
118.034,19135
118.114,18919
118.154,18419
118.234,18079
118.314,17843
118.357,17440
118.434,17236
118.514,17310
118.554,17326
118.634,17038
118.714,16958
118.754,16629
118.834,16202
118.939,16137
118.974,15801
119.034,15305
119.114,15203
119.154,15192
119.234,14835
119.314,14598
119.357,14282
119.434,13945
119.514,13714
119.554,13544
119.635,13431
119.714,13433
119.754,13544
119.834,13851
119.914,13964
119.955,14312
120.034,14462
120.114,14467
120.154,14623
120.234,15353
120.314,15777
120.357,16023
120.434,16398
120.514,16193
120.598,16486
120.634,16550
120.714,16855
120.754,17073
120.834,17434
120.914,17634
120.954,18340
121.034,18803
121.114,19011
121.154,19544
121.234,20096
121.314,20108
121.357,20370
121.434,20917
121.514,21149
121.554,21585
121.634,21906
121.714,22071
121.754,22334
121.834,22350
121.914,22528
121.954,22678
122.034,22469
122.114,22291
122.154,22000
122.238,21652
122.314,21479
122.357,21021
122.434,20763
122.514,20766
122.554,20275
122.634,20456
122.714,20442
122.754,20475
122.834,20281
122.914,20342
122.954,20124
123.034,19758
123.114,19453
123.154,19036
123.234,18540
123.314,18390
123.354,17992
123.434,17368
123.514,17060
123.554,16616
123.634,16271
123.714,16108
123.754,15600
123.834,14823
123.979,14676
123.996,14356
124.034,14544
124.114,14609
124.154,14762
124.234,15067
124.314,15354
124.357,15499
124.434,15674
124.514,15790
124.554,15748
124.634,15574
124.714,15322
124.754,14924
124.834,14490
124.914,14169
124.954,13812
125.034,13456
125.114,13227
125.154,12680
125.235,12007
125.314,11901
125.357,11382
125.434,10793
125.515,10566
125.598,10360
125.655,9751
125.714,9474
125.754,8923
125.854,8483
125.914,8263
125.954,7705
126.034,7146
126.114,6825
126.154,6317
126.234,6505
126.314,6592
126.357,7425
126.434,8226
126.514,8584
126.554,9541
126.634,10604
126.714,10832
126.754,11116
126.834,11002
126.914,10993
126.954,11049
127.034,10731
127.114,10525
127.154,10260
127.238,10020
127.314,9819
127.357,9635
127.434,9413
127.514,9336
127.554,9057
127.634,8824
127.714,8741
127.754,8699
127.834,8592
127.914,8457
127.954,8500
128.034,8864
128.114,9414
128.154,9628
128.234,10148
128.314,10242
128.357,10573
128.434,10735
128.514,10641
128.554,10506
128.634,10617
128.714,10844
128.754,11040
128.834,11255
128.918,11514
128.954,11898
129.034,12300
129.114,12390
129.154,12521
129.234,12548
129.314,12465
129.357,12798
129.434,12490
129.514,12169
129.554,11435
129.635,10720
129.714,10336
129.754,9628
129.834,8824
129.914,8474
129.954,7717
130.034,6963
130.114,6594
130.154,5866
130.234,5147
130.314,4875
130.357,4197
130.434,3326
130.514,2947
130.598,2185
130.635,1485
130.714,1149
130.754,441
130.834,26
130.914,3
130.954,5
131.034,5
131.114,5
131.154,5
131.234,5
131.314,2
131.357,2
131.434,2
131.514,2
131.554,2
131.634,0
131.714,0
131.754,2
131.834,1
131.914,1
131.954,6
132.034,10
132.114,9
132.154,39
132.278,37
132.314,41
132.357,31
132.434,32
132.514,36
132.554,34
132.634,39
132.714,45
132.754,45
132.834,44
132.914,58
132.955,57
133.034,63
133.114,67
133.154,59
133.234,82
133.314,94
133.357,68
133.434,70
133.514,81
133.554,78
133.634,86
133.714,81
133.754,82
133.835,209
133.958,143
133.975,130
134.035,106
134.134,94
134.154,88
134.234,82
134.314,35
134.357,36
134.434,36
134.514,31
134.554,29
134.634,28
134.714,25
134.754,24
134.834,22
134.914,17
134.954,13
135.034,10
135.114,9
135.154,5
135.234,6
135.314,6
135.359,10
135.434,9
135.514,20
135.558,18
135.634,21
135.714,24
135.754,35
135.834,40
135.914,40
135.954,49
136.034,69
136.114,75
136.154,97
136.234,97
136.314,96
136.357,112
136.434,116
136.514,112
136.554,118
136.634,118
136.714,135
136.754,144
136.834,151
136.914,157
136.954,166
137.034,173
137.114,174
137.154,215
137.238,221
137.314,214
137.357,224
137.434,223
137.514,228
137.554,236
137.634,245
137.714,245
137.754,252
137.834,254
137.914,255
137.955,268
138.034,277
138.114,288
138.154,291
138.234,299
138.314,304
138.354,319
138.434,326
138.514,326
138.554,337
138.634,340
138.714,344
138.754,345
138.834,436
138.959,427
138.976,427
139.034,424
139.114,422
139.154,415
139.234,408
139.314,410
139.357,407
139.434,411
139.514,408
139.554,407
139.634,405
139.714,406
139.754,408
139.834,415
139.914,419
139.954,409
140.034,415
140.114,415
140.154,417
140.234,421
140.314,417
140.357,413
140.434,413
140.514,396
140.598,391
140.634,361
140.714,350
140.754,291
140.834,284
140.934,267
140.954,247
141.034,227
141.114,200
141.154,196
141.234,185
141.314,173
141.354,146
141.434,130
141.514,131
141.554,130
141.634,117
141.714,114
141.754,109
141.834,108
141.914,109
141.954,107
142.034,105
142.114,105
142.154,102
142.277,101
142.314,105
142.357,105
142.434,102
142.514,104
142.554,104
142.634,104
142.714,103
142.754,103
142.834,103
142.914,106
142.954,106
143.034,108
143.114,108
143.154,109
143.234,111
143.314,110
143.357,120
143.434,125
143.514,130
143.554,149
143.634,163
143.715,163
143.754,163
143.834,203
143.917,205
143.954,198
144.034,198
144.114,199
144.154,199
144.234,200
144.314,205
144.357,203
144.434,202
144.514,203
144.554,203
144.634,206
144.714,208
144.754,202
144.835,208
144.914,215
144.954,217
145.034,215
145.114,220
145.154,245
145.234,251
145.314,272
145.357,279
145.434,287
145.514,500
145.598,422
145.634,428
145.714,428
145.754,439
145.834,438
145.914,439
145.954,487
146.034,569
146.114,652
146.154,766
146.234,884
146.314,951
146.357,1052
146.434,1110
146.514,1085
146.554,1036
146.634,1015
146.714,1038
146.754,1089
146.834,1061
146.914,1006
146.954,661
147.034,625
147.114,641
147.154,732
147.278,737
147.314,738
147.357,775
147.434,806
147.514,771
147.554,754
147.634,779
147.714,737
147.754,790
147.834,727
147.914,711
147.954,705
148.035,653
148.114,619
148.154,619
148.234,613
148.314,610
148.357,598
148.434,591
148.514,589
148.554,603
148.634,607
148.714,607
148.754,628
148.834,702
148.959,699
148.976,693
149.034,674
149.114,668
149.154,671
149.234,672
149.314,649
149.357,665
149.434,674
149.514,665
149.554,633
149.634,646
149.714,645
149.754,680
149.834,704
149.914,742
149.954,713
150.034,728
150.114,733
150.154,743
150.234,739
150.314,747
150.357,751
150.434,744
150.514,708
150.599,696
150.634,659
150.714,648
150.754,633
150.834,630
150.914,653
150.954,651
151.034,637
151.114,628
151.154,613
151.234,622
151.314,624
151.357,632
151.434,656
151.514,648
151.554,658
151.634,666
151.714,657
151.754,653
151.834,631
151.914,633
151.954,648
152.034,627
152.114,633
152.154,676
152.278,678
152.314,647
152.357,628
152.434,653
152.514,646
152.554,705
152.634,739
152.714,720
152.754,713
152.834,719
152.914,722
152.954,701
153.034,682
153.114,672
153.154,675
153.234,675
153.314,677
153.357,699
153.434,730
153.514,737
153.554,753
153.634,781
153.714,755
153.754,723
153.834,761
153.958,720
153.975,727
154.034,729
154.114,715
154.154,661
154.234,621
154.314,629
154.357,634
154.434,624
154.514,637
154.554,631
154.634,694
154.715,651
154.754,691
154.834,649
154.914,656
154.954,648
155.034,644
155.114,658
155.154,652
155.234,650
155.314,651
155.357,656
155.434,635
155.514,615
155.598,633
155.634,647
155.714,655
155.754,651
155.834,642
155.914,663
155.954,665
156.034,676
156.114,688
156.154,664
156.234,660
156.315,679
156.358,687
156.434,667
156.514,665
156.554,630
156.634,598
156.714,620
156.754,586
156.834,589
156.914,576
156.954,565
157.034,571
157.114,568
157.154,709
157.278,690
157.335,662
157.357,657
157.434,659
157.514,666
157.554,659
157.634,638
157.714,648
157.754,646
157.834,642
157.914,641
157.954,641
158.034,634
158.114,632
158.154,628
158.234,628
158.314,624
158.357,624
158.434,617
158.514,618
158.554,618
158.634,610
158.714,612
158.754,613
158.834,713
158.959,690
158.976,676
159.034,731
159.114,695
159.154,697
159.234,557
159.314,517
159.357,405
159.454,353
159.534,340
159.554,311
159.634,299
159.714,277
159.754,275
159.834,274
159.914,264
159.954,263
160.034,258
160.114,254
160.154,255
160.234,261
160.314,267
160.357,282
160.434,335
160.514,378
160.579,625
160.634,1049
160.714,1307
160.754,1773
160.834,2165
160.914,2389
160.954,2617
161.034,2749
161.114,2749
161.154,2583
161.234,2202
161.314,2030
161.357,1561
161.434,974
161.514,677
161.554,519
161.634,509
161.714,525
161.754,532
161.834,570
161.914,552
161.954,577
162.034,587
162.114,566
162.154,794
162.279,812
162.314,842
162.357,899
162.434,903
162.514,900
162.554,882
162.634,855
162.714,867
162.754,813
162.834,810
162.914,784
162.954,726
163.034,740
163.114,733
163.154,708
163.234,701
163.314,709
163.357,709
163.434,694
163.514,668
163.554,663
163.634,707
163.714,722
163.754,756
163.834,821
163.959,787
163.994,829
164.034,892
164.114,884
164.154,883
164.234,873
164.314,872
164.357,897
164.434,911
164.514,918
164.554,915
164.635,905
164.714,895
164.754,901
164.834,984
164.914,1012
164.954,983
165.034,1005
165.114,994
165.154,984
165.234,992
165.314,1000
165.357,1044
165.434,1039
165.514,1041
165.599,1054
165.634,1060
165.714,1074
165.754,1100
165.834,1146
165.914,1106
165.954,1120
166.034,1144
166.114,1147
166.154,1186
166.234,1197
166.314,1246
166.358,1246
166.434,1324
166.514,1324
166.554,1380
166.634,1481
166.714,1545
166.754,1681
166.834,1709
166.914,1843
166.954,1729
167.034,1719
167.114,1727
167.154,1637
167.279,1673
167.314,1640
167.357,1621
167.434,1593
167.534,1514
167.554,1455
167.634,1157
167.714,1074
167.754,934
167.834,884
167.914,861
167.954,771
168.034,698
168.114,684
168.154,654
168.234,631
168.314,622
168.358,627
168.434,625
168.514,620
168.554,615
168.634,605
168.714,603
168.754,587
168.834,547
168.94,539
168.957,544
169.034,549
169.114,554
169.154,563
169.234,573
169.314,578
169.357,595
169.434,623
169.514,669
169.554,834
169.655,1285
169.714,1602
169.754,2110
169.834,2616
169.914,2826
169.954,3173
170.034,3570
170.114,3674
170.154,3717
170.234,3636
170.314,3583
170.357,3325
170.434,2993
170.514,2916
170.599,2411
170.634,1798
170.714,1510
170.754,976
170.834,943
170.914,935
170.954,941
171.034,951
171.114,947
171.154,943
171.234,946
171.314,976
171.357,985
171.434,962
171.514,960
171.554,958
171.634,944
171.714,931
171.754,945
171.834,947
171.914,947
171.954,937
172.034,934
172.114,934
172.154,1107
172.279,1077
172.334,1056
172.357,1067
172.434,1084
172.514,1082
172.554,1067
172.634,1048
172.714,1054
172.754,1045
172.834,1034
172.914,1049
172.954,1045
173.034,1034
173.114,1027
173.154,1039
173.234,1037
173.314,1031
173.357,1055
173.434,1057
173.514,1048
173.554,1073
173.634,1065
173.714,1061
173.754,1048
173.834,1195
173.96,1187
173.977,1180
174.034,1178
174.114,1175
174.154,1169
174.234,1164
174.314,1123
174.357,1082
174.434,1079
174.514,1067
174.554,1081
174.634,1082
174.714,1087
174.754,1093
174.834,1101
174.914,1091
174.954,1082
175.034,1109
175.114,1106
175.154,1102
175.234,1099
175.314,1110
175.357,1096
175.434,1063
175.514,1099
175.599,1454
175.634,2139
175.714,2447
175.754,3177
175.834,3643
175.914,3971
175.954,4304
176.034,4478
176.114,4543
176.154,4477
176.234,4511
176.314,4507
176.357,4526
176.434,4615
176.514,4650
176.554,4710
176.634,4643
176.714,4654
176.754,4736
176.834,4733
176.914,4763
176.954,4764
177.034,4849
177.114,4871
177.154,4796
177.278,4816
177.314,4877
177.357,4842
177.434,4850
177.514,4880
177.554,4806
177.634,5251
177.714,5197
177.754,5115
177.834,5109
177.914,5105
177.955,5630
178.034,5831
178.114,5813
178.154,5841
178.234,6017
178.314,6000
178.357,6165
178.434,6264
178.514,6377
178.554,6327
178.634,6235
178.714,6270
178.754,6282
178.834,6611
178.919,6637
178.954,6552
179.034,6607
179.114,6160
179.154,5858
179.234,5590
179.314,5639
179.357,5495
179.434,5227
179.514,5068
179.554,4836
179.634,4697
179.714,4665
179.754,4486
179.834,4570
179.914,4556
179.954,4582
180.034,4667
180.114,4710
180.154,4782
180.234,4767
180.314,4835
180.357,4795
180.434,4795
180.514,4719
180.599,4718
180.634,4632
180.714,4808
180.754,4940
180.834,4927
180.914,4868
180.954,4759
181.034,4595
181.114,4679
181.154,4820
181.234,4819
181.314,4859
181.357,4853
181.434,4786
181.514,4810
181.554,4930
181.634,4861
181.714,4931
181.754,4901
181.834,4837
181.914,4830
181.954,4744
182.034,4751
182.114,4857
182.154,5350
182.279,5510
182.314,5551
182.36,5425
182.434,5390
182.514,5372
182.554,5318
182.634,5498
182.714,5534
182.754,5599
182.834,5633
182.914,5713
182.955,5700
183.034,5721
183.114,5769
183.154,5812
183.234,5736
183.314,5756
183.354,5797
183.434,5692
183.514,5694
183.554,5768
183.634,5758
183.714,5761
183.754,5764
183.834,5823
183.959,5884
183.976,5954
184.034,5963
184.114,5955
184.154,5814
184.234,5735
184.314,5789
184.357,5737
184.434,5613
184.514,5574
184.554,5490
184.635,5418
184.714,5462
184.754,5378
184.834,5298
184.914,5286
184.954,5292
185.034,5315
185.114,5524
185.154,5542
185.234,5513
185.314,5497
185.358,5546
185.434,5538
185.514,5415
185.599,5382
185.634,5424
185.714,5458
185.754,5476
185.834,5443
185.914,5437
185.954,5462
186.034,5469
186.114,5461
186.154,5474
186.234,5465
186.315,5459
186.357,5430
186.434,5440
186.514,5436
186.554,5468
186.634,5466
186.714,5485
186.754,5503
186.834,5491
186.914,5507
186.954,5503
187.034,5482
187.114,5483
187.154,5332
187.279,5251
187.314,5244
187.357,5297
187.434,5296
187.514,5316
187.574,5257
187.634,5180
187.714,5160
187.754,5126
187.834,5107
187.914,5127
187.954,5149
188.034,5151
188.114,5159
188.154,5159
188.234,5162
188.314,5144
188.357,5176
188.434,5197
188.514,5217
188.554,5406
188.634,5593
188.714,5727
188.754,5815
188.834,5924
188.959,5960
188.976,5866
189.034,5939
189.114,5933
189.154,5936
189.234,5911
189.314,5919
189.357,5854
189.434,5890
189.514,5907
189.554,5896
189.634,5857
189.714,5846
189.754,5803
189.834,5803
189.914,5802
189.954,5822
190.034,5883
190.114,5879
190.154,5846
190.234,5811
190.314,5827
190.357,5883
190.434,5897
190.514,5733
190.599,5715
190.634,5759
190.714,5779
190.754,5714
190.834,5559
190.914,5453
190.954,5262
191.034,5230
191.114,5238
191.154,5242
191.234,5252
191.314,5264
191.358,5297
191.434,5310
191.514,5380
191.554,5375
191.634,5357
191.714,5345
191.754,5380
191.834,5403
191.914,5414
191.954,5415
192.034,5388
192.114,5378
192.154,5107
192.258,5144
192.314,5106
192.358,5097
192.434,5075
192.514,5065
192.554,5062
192.634,5062
192.714,5091
192.754,5080
192.834,5111
192.914,5082
192.955,5082
193.034,5123
193.114,5123
193.155,5124
193.234,5110
193.314,5129
193.357,5120
193.434,5115
193.514,5133
193.554,5128
193.634,5124
193.714,5135
193.754,5134
193.834,5103
193.939,5129
193.956,5117
194.034,5121
194.115,5128
194.154,5124
194.234,5124
194.314,5123
194.357,5133
194.434,5151
194.514,5182
194.554,5233
194.635,5212
194.714,5220
194.754,5253
194.834,5270
194.914,5315
194.954,5306
195.034,5302
195.114,5303
195.154,5300
195.234,5289
195.314,5280
195.357,5279
195.434,5280
195.514,5228
195.598,5226
195.654,5234
195.714,5274
195.774,5252
195.834,5260
195.914,5267
195.954,5271
196.034,5260
196.114,5259
196.154,5275
196.234,5287
196.314,5306
196.357,5298
196.434,5289
196.515,5299
196.554,5302
196.634,5325
196.714,5323
196.754,5319
196.834,5302
196.914,5268
196.954,5211
197.055,5138
197.114,4988
197.154,4245
197.278,4255
197.314,4241
197.357,4205
197.434,4166
197.514,4048
197.554,4035
197.634,4026
197.714,3951
197.754,3939
197.834,3919
197.914,3827
197.954,3822
198.034,3782
198.114,3708
198.154,3706
198.234,3694
198.314,3659
198.358,3656
198.434,3642
198.514,3598
198.554,3583
198.634,3577
198.714,3532
198.754,3530
198.834,2622
198.938,2578
198.955,2605
199.034,2604
199.114,2601
199.154,2601
199.234,2607
199.314,2616
199.358,2615
199.434,2616
199.514,2614
199.554,2647
199.634,2647
199.714,2631
199.754,2630
199.834,2614
199.914,2611
199.954,2617
200.034,2659
200.114,2714
200.154,2676
200.234,3167
200.314,3452
200.357,4118
200.434,4937
200.514,5342
200.558,6059
200.634,6511
200.714,6804
200.754,7082
200.834,7183
200.914,7215
200.954,7440
201.034,7462
201.114,7458
201.154,7429
201.234,7386
201.314,7356
201.357,7381
201.434,7364
201.514,7272
201.554,7244
201.634,7242
201.714,7135
201.754,6893
201.834,6811
201.914,6730
201.954,6637
202.034,6489
202.114,6412
202.154,5786
202.258,5766
202.314,5710
202.357,5662
202.434,5859
202.514,5948
202.554,5999
202.634,5933
202.714,5833
202.754,5690
202.834,5483
202.914,5502
202.954,5307
203.034,5244
203.114,5208
203.154,5202
203.234,5263
203.314,5155
203.357,5090
203.434,4999
203.514,4952
203.554,5017
203.634,5151
203.714,5100
203.754,4926
203.834,3893
203.939,3909
203.956,3919
204.034,3888
204.114,3915
204.154,3848
204.234,3865
204.314,3876
204.358,3937
204.434,3859
204.514,3924
204.554,3962
204.634,3920
204.714,3885
204.754,3661
204.834,3653
204.914,3546
204.954,3517
205.034,3532
205.114,3496
205.154,3444
205.234,3447
205.314,3462
205.358,3507
205.434,3565
205.514,3233
205.598,3312
205.634,3300
205.714,3307
205.754,3368
205.834,3391
205.914,3351
205.954,3331
206.034,3390
206.114,3418
206.154,3409
206.234,3426
206.314,3419
206.357,3412
206.434,3454
206.514,3451
206.554,3454
206.634,3458
206.714,3478
206.754,3478
206.834,3498
206.914,3472
206.954,3481
207.034,3471
207.114,3488
207.154,3155
207.277,3125
207.314,3130
207.357,3132
207.434,3148
207.514,3136
207.554,3155
207.634,3192
207.714,3231
207.754,3245
207.834,3257
207.914,3282
207.954,3290
208.034,3306
208.114,3309
208.154,3306
208.234,3300
208.314,3295
208.357,3296
208.434,3324
208.514,3347
208.554,3363
208.634,3362
208.714,3361
208.754,3359
208.834,3291
208.958,3308
208.975,3327
209.034,3352
209.114,3364
209.154,3382
209.234,3393
209.314,3390
209.357,3412
209.434,3413
209.514,3398
209.554,3403
209.634,3430
209.714,3431
209.754,3428
209.834,3443
209.914,3435
209.954,3436
210.034,3434
210.114,3455
210.154,3462
210.234,3456
210.314,3463
210.357,3458
210.434,3469
210.514,3435
210.598,3425
210.654,3443
210.714,3481
210.754,3513
210.834,3527
210.914,3547
210.954,3547
211.034,3563
211.114,3583
211.154,3585
211.234,3602
211.314,3609
211.357,3625
211.434,3631
211.514,3632
211.554,3639
211.634,3665
211.714,3690
211.754,3785
211.834,3747
211.914,3748
211.954,3746
212.034,3859
212.114,3909
212.154,3933
212.278,4068
212.314,4122
212.357,4328
212.434,4398
212.514,4431
212.554,4571
212.634,4721
212.714,4824
212.754,4940
212.834,5148
212.914,5165
212.954,5031
213.034,5080
213.114,5125
213.154,5185
213.234,5206
213.314,5231
213.357,5248
213.424,5273
213.505,5280
213.544,5287
213.625,5307
213.705,5338
213.744,5359
213.824,5212
213.969,5215
214.005,5245
214.024,5256
214.104,5295
214.144,5312
214.225,5325
214.304,5340
214.345,5395
214.424,5370
214.505,5376
214.544,5391
214.625,5390
214.704,5414
214.744,5424
214.824,5441
214.904,5440
214.945,5474
215.024,5472
215.104,5483
215.144,5473
215.225,5473
215.304,5460
215.345,5497
215.424,5539
215.505,5494
215.609,5490
215.664,5510
215.704,5501
215.744,5492
215.824,5503
215.904,5552
215.945,5563
216.024,5588
216.104,5574
216.144,5568
216.225,5579
216.304,5581
216.345,5605
216.424,5642
216.505,5686
216.544,5700
216.625,5704
216.705,5726
216.744,5671
216.825,5646
216.904,5651
216.945,5649