0,0.125061
0,0.129604
0.1,0.137917
0.119987,0.155407
0.2,0.173364
0.280013,0.181413
0.319987,0.188516
0.4,0.19315
0.480013,0.194705
0.519987,0.199187
0.6,0.20248
0.680013,0.203638
0.719987,0.20687
0.8,0.210528
0.880013,0.211738
0.919987,0.213384
1,0.216362
1.08001,0.216606
1.11999,0.218892
1.2,0.224024
1.30404,0.224278
1.32103,0.224715
1.4,0.227998
1.48001,0.227439
1.54004,0.228313
1.6,0.229807
1.68001,0.230508
1.71999,0.232185
1.8,0.233059
1.88001,0.232134
1.91999,0.231463
2,0.230234
2.08001,0.230976
2.11999,0.23185
2.2,0.232856
2.28001,0.232947
2.31999,0.232835
2.4,0.23372
2.48001,0.234797
2.51999,0.235417
2.6,0.23628
2.68001,0.236321
2.71999,0.236961
2.8,0.237927
2.88001,0.242713
2.964,0.242093
3,0.242459
3.08001,0.241352
3.11999,0.241748
3.2,0.241575
3.28001,0.242795
3.31999,0.243679
3.4,0.24438
3.48001,0.245407
3.51999,0.245528
3.6,0.245081
3.68001,0.244858
3.71999,0.245874
3.8,0.245935
3.88001,0.244746
3.91999,0.242581
4,0.244339
4.08001,0.243608
4.11999,0.242307
4.2,0.242327
4.28001,0.241951
4.31999,0.242886
4.4,0.242866
4.48001,0.243201
4.51999,0.246098
4.64401,0.24564
4.68001,0.24561
4.71999,0.246423
4.8,0.248994
4.88001,0.248445
4.91999,0.249533
5,0.250894
5.08001,0.252134
5.11999,0.256646
5.2,0.259156
5.28001,0.258679
5.31999,0.258018
5.4,0.266067
5.48001,0.271575
5.51999,0.28376
5.6,0.295671
5.68001,0.301484
5.71999,0.310498
5.8,0.314726
5.88001,0.316382
5.91999,0.314848
6,0.315783
6.08001,0.31628
6.11999,0.317368
6.21999,0.316382
6.32298,0.316789
6.34004,0.315945
6.4,0.317317
6.48001,0.317561
6.51999,0.317297
6.6,0.31686
6.68001,0.317093
6.71999,0.31751
6.8,0.31689
6.88001,0.317205
6.91999,0.31936
7,0.328852
7.08001,0.333984
7.11999,0.343181
7.2,0.355163
7.28001,0.36002
7.31999,0.368994
7.4,0.373465
7.48001,0.375518
7.51999,0.377266
7.6,0.38063
7.68001,0.381341
7.71999,0.382795
7.8,0.384217
7.88001,0.391778
7.92298,0.392561
8,0.39126
8.08001,0.392835
8.11999,0.39439
8.2,0.394207
8.28001,0.39438
8.31999,0.395803
8.4,0.399157
8.48001,0.401159
8.51999,0.403963
8.6,0.405407
8.68001,0.406402
8.71999,0.406707
8.8,0.409096
8.88001,0.409543
8.91999,0.411331
9,0.412642
9.08001,0.413709
9.11999,0.416463
9.2,0.416209
9.28001,0.417287
9.31999,0.415559
9.4,0.416443
9.48001,0.416067
9.51999,0.407846
9.64303,0.407348
9.68001,0.408831
9.71999,0.408618
9.8,0.408618
9.88001,0.40686
9.91999,0.40749
10,0.406911
10.08,0.407663
10.12,0.408557
10.2,0.408709
10.28,0.40877
10.32,0.407846
10.4,0.409136
10.48,0.407358
10.52,0.406087
10.6,0.405203
10.68,0.404929
10.72,0.403933
10.8,0.402419
10.88,0.402602
10.92,0.40185
11,0.401352
11.08,0.400132
11.12,0.401189
11.2,0.405254
11.323,0.405071
11.34,0.403598
11.4,0.403974
11.48,0.404329
11.52,0.403852
11.6,0.40123
11.68,0.40064
11.72,0.399756
11.8,0.400498
11.88,0.400152
11.92,0.397967
12,0.39627
12.08,0.395589
12.12,0.392978
12.2,0.391138
12.28,0.388425
12.32,0.387063
12.4,0.384787
12.48,0.383089
12.52,0.382419
12.6,0.381524
12.68,0.380437
12.72,0.379238
12.8,0.379197
12.88,0.368486
12.963,0.368943
13,0.368384
13.08,0.367652
13.12,0.368089
13.2,0.369217
13.28,0.369065
13.32,0.368974
13.4,0.368628
13.48,0.368445
13.52,0.368872
13.6,0.36811
13.68,0.366839
13.72,0.367124
13.8,0.366789
13.88,0.366961
13.92,0.366758
14,0.367144
14.08,0.367632
14.12,0.366911
14.2,0.365945
14.28,0.365996
14.32,0.366596
14.4,0.366738
14.48,0.366789
14.52,0.363587
14.643,0.365315
14.68,0.365925
14.72,0.366372
14.8,0.365955
14.88,0.366758
14.92,0.366799
15,0.366098
15.08,0.366463
15.12,0.366819
15.2,0.367652
15.28,0.368394
15.32,0.368191
15.4,0.368974
15.48,0.369431
15.52,0.369594
15.6,0.370498
15.68,0.370874
15.72,0.371047
15.8,0.36935
15.88,0.368425
15.92,0.371677
16,0.376047
16.08,0.376839
16.12,0.378821
16.2,0.378496
16.323,0.379278
16.34,0.377866
16.4,0.377571
16.48,0.375498
16.52,0.374766
16.6,0.373079
16.68,0.373384
16.72,0.373313
16.8,0.373923
16.88,0.374929
16.92,0.375376
17,0.376545
17.08,0.376047
17.12,0.37748
17.2,0.378059
17.28,0.378181
17.32,0.378283
17.4,0.378811
17.48,0.380183
17.52,0.379736
17.6,0.380142
17.68,0.380356
17.72,0.380244
17.8,0.380478
17.88,0.380783
17.964,0.38061
18.02,0.380813
18.08,0.381026
18.12,0.381108
18.2,0.38249
18.28,0.382998
18.32,0.382256
18.4,0.381494
18.48,0.38187
18.52,0.382917
18.6,0.382937
18.68,0.383435
18.72,0.385488
18.8,0.386585
18.88,0.383313
18.92,0.381545
19,0.380061
19.08,0.380295
19.12,0.37877
19.2,0.376738
19.28,0.376128
19.32,0.374644
19.4,0.374451
19.48,0.374055
19.52,0.377744
19.643,0.377978
19.68,0.377825
19.72,0.378089
19.8,0.37873
19.88,0.378567
19.92,0.378791
20,0.37997
20.08,0.378811
20.12,0.379837
20.2,0.380061
20.28,0.379665
20.32,0.379563
20.4,0.379949
20.48,0.380539
20.52,0.379949
20.6,0.380132
20.68,0.379726
20.721,0.380752
20.8,0.381717
20.88,0.381524
20.92,0.3819
21,0.382144
21.08,0.381809
21.12,0.382754
21.2,0.382713
21.323,0.382947
21.34,0.382459
21.4,0.382571
21.48,0.382764
21.52,0.382236
21.62,0.382754
21.68,0.383293
21.72,0.384258
21.8,0.383933
21.88,0.383598
21.92,0.383872
22,0.38377
22.08,0.383933
22.12,0.38501
22.2,0.385518
22.28,0.385335
22.32,0.385335
22.4,0.385874
22.48,0.385539
22.52,0.385132
22.6,0.385152
22.68,0.385691
22.72,0.385274
22.8,0.388415
22.88,0.380102
22.963,0.379045
23,0.378201
23.08,0.37872
23.12,0.378364
23.2,0.378222
23.28,0.377866
23.32,0.37815
23.4,0.378923
23.48,0.379543
23.52,0.379289
23.6,0.378506
23.68,0.378679
23.72,0.378933
23.8,0.379258
23.88,0.37936
23.92,0.379827
24,0.37999
24.08,0.380417
24.12,0.381057
24.2,0.381362
24.28,0.381352
24.32,0.382368
24.4,0.382632
24.48,0.382754
24.52,0.383089
24.643,0.383628
24.68,0.382622
24.71,0.382358
24.79,0.382185
24.87,0.382785
24.91,0.383811
24.99,0.38315
25.07,0.383262
25.11,0.38373
25.19,0.383669
25.27,0.383679
25.33,0.384583
25.39,0.386585
25.47,0.387266
25.51,0.390844
25.59,0.389817
25.67,0.389969
25.71,0.391047
25.8,0.391819
25.88,0.392581
25.92,0.392602
26,0.392632
26.08,0.393506
26.12,0.393262
26.2,0.395965
26.304,0.397022
26.321,0.397398
26.4,0.397835
26.48,0.398222
26.52,0.39873
26.6,0.398902
26.68,0.399065
26.72,0.400356
26.8,0.400864
26.88,0.40003
26.92,0.400752
27,0.402144
27.08,0.402093
27.12,0.403089
27.2,0.40435
27.28,0.405661
27.32,0.406697
27.4,0.407724
27.48,0.408201
27.52,0.409492
27.6,0.411626
27.68,0.410976
27.72,0.412683
27.8,0.413953
27.88,0.423455
27.963,0.425122
28.02,0.42437
28.08,0.423465
28.12,0.425976
28.2,0.427957
28.28,0.428059
28.32,0.428333
28.4,0.429787
28.48,0.429695
28.52,0.430193
28.6,0.432236
28.68,0.433831
28.71,0.433933
28.79,0.434461
28.87,0.435813
28.91,0.434634
28.99,0.434848
29.07,0.434512
29.11,0.434756
29.19,0.435417
29.27,0.436839
29.31,0.438262
29.39,0.439207
29.47,0.439919
29.51,0.437967
29.613,0.439085
29.67,0.438079
29.71,0.440396
29.79,0.440274
29.87,0.437927
29.91,0.437348
29.99,0.438496
30.07,0.43813
30.11,0.437541
30.19,0.438252
30.27,0.437541
30.31,0.438557
30.39,0.437581
30.47,0.438059
30.51,0.438343
30.59,0.439898
30.67,0.440112
30.71,0.439888
30.8,0.439807
30.88,0.440813
30.92,0.440925
31,0.439817
31.08,0.439919
31.12,0.440549
31.2,0.433222
31.283,0.433557
31.32,0.433923
31.4,0.435041
31.48,0.435417
31.52,0.436555
31.6,0.436758
31.68,0.436839
31.72,0.437175
31.8,0.437266
31.88,0.437957
31.92,0.438425
32,0.43813
32.08,0.439949
32.12,0.440783
32.2,0.441311
32.28,0.442195
32.32,0.441646
32.4,0.443262
32.48,0.4431
32.52,0.443354
32.6,0.442988
32.68,0.442957
32.709,0.443445
32.79,0.443303
32.87,0.438455
32.934,0.441463
32.99,0.441453
33.07,0.44128
33.11,0.451646
33.19,0.463669
33.27,0.46938
33.31,0.481809
33.41,0.493557
33.47,0.500905
33.51,0.508791
33.59,0.518496
33.67,0.52502
33.71,0.530894
33.79,0.535925
33.87,0.537632
33.91,0.538852
33.99,0.543364
34.07,0.544695
34.11,0.546565
34.19,0.547266
34.27,0.54753
34.31,0.541433
34.39,0.539482
34.47,0.53936
34.51,0.518587
34.634,0.519329
34.67,0.519959
34.71,0.520986
34.8,0.518841
34.88,0.519339
34.92,0.519756
35,0.52125
35.08,0.521972
35.12,0.524014
35.2,0.524258
35.28,0.525844
35.32,0.528963
35.4,0.531291
35.48,0.53253
35.52,0.534939
35.6,0.536656
35.68,0.536575
35.71,0.537083
35.79,0.5375
35.87,0.537795
35.91,0.540447
35.99,0.541362
36.07,0.54251
36.11,0.545163
36.19,0.539827
36.295,0.54063
36.312,0.542866
36.39,0.545589
36.47,0.547256
36.51,0.549512
36.59,0.549929
36.67,0.549289
36.71,0.549644
36.79,0.548943
36.87,0.548567
36.91,0.549654
36.99,0.551291
37.07,0.55188
37.11,0.552154
37.19,0.551646
37.27,0.552033
37.31,0.552073
37.39,0.550559
37.47,0.549522
37.51,0.548059
37.59,0.547378
37.67,0.547724
37.714,0.553425
37.79,0.559228
37.87,0.557876
37.954,0.561707
38.01,0.566941
38.07,0.571047
38.11,0.576463
38.19,0.58314
38.27,0.58748
38.31,0.594594
38.39,0.600854
38.47,0.6044
38.51,0.611413
38.59,0.615467
38.67,0.617327
38.71,0.619776
38.8,0.625752
38.88,0.62875
38.92,0.632287
39,0.633608
39.08,0.634268
39.12,0.636951
39.2,0.637957
39.28,0.638384
39.32,0.638943
39.4,0.640183
39.48,0.640183
39.52,0.630091
39.644,0.627602
39.68,0.62748
39.72,0.628018
39.8,0.63
39.88,0.631697
39.92,0.63627
40,0.639858
40.08,0.64127
40.12,0.644919
40.2,0.649258
40.28,0.651372
40.32,0.654827
40.4,0.658028
40.48,0.65875
40.52,0.661331
40.6,0.661931
40.68,0.662429
40.709,0.666667
40.79,0.670041
40.87,0.672348
40.91,0.675467
40.99,0.677388
41.07,0.679075
41.11,0.683211
41.19,0.672713
41.315,0.674807
41.332,0.679309
41.39,0.683516
41.47,0.685457
41.51,0.688435
41.59,0.690305
41.67,0.69125
41.71,0.691606
41.79,0.691331
41.87,0.69127
41.91,0.691189
41.99,0.690955
42.07,0.690722
42.11,0.690427
42.19,0.690396
42.27,0.690285
42.31,0.690864
42.39,0.691037
42.47,0.69125
42.51,0.690844
42.59,0.690661
42.67,0.689929
42.71,0.693283
42.8,0.696677
42.88,0.692327
42.964,0.69687
43.02,0.700325
43.08,0.701778
43.12,0.705417
43.2,0.707256
43.28,0.70811
43.32,0.709787
43.4,0.710427
43.48,0.710274
43.52,0.710112
43.6,0.710386
43.68,0.711484
43.72,0.712398
43.8,0.713923
43.88,0.713476
43.92,0.714624
44,0.715915
44.08,0.717134
44.12,0.718781
44.2,0.721738
44.28,0.722541
44.32,0.72502
44.4,0.727266
44.48,0.728465
44.52,0.727591
44.644,0.730041
44.68,0.730173
44.708,0.732094
44.79,0.7344
44.87,0.735722
44.91,0.736738
44.99,0.738394
45.07,0.739116
45.11,0.740691
45.19,0.741504
45.27,0.742805
45.31,0.743526
45.39,0.744685
45.47,0.745285
45.51,0.746596
45.59,0.746748
45.67,0.747561
45.71,0.748516
45.79,0.749949
45.87,0.75127
45.91,0.751321
45.99,0.751494
46.07,0.752642
46.11,0.753008
46.19,0.751382
46.315,0.753232
46.332,0.753577
46.39,0.754248
46.47,0.755528
46.51,0.755701
46.59,0.755864
46.67,0.755193
46.71,0.755102
46.8,0.755112
46.88,0.755285
46.92,0.754421
47,0.754553
47.08,0.75501
47.12,0.753923
47.2,0.754675
47.28,0.754522
47.32,0.755305
47.4,0.754898
47.48,0.755437
47.52,0.755935
47.6,0.754522
47.68,0.75502
47.72,0.754573
47.8,0.754421
47.88,0.740742
47.964,0.742622
48,0.742896
48.08,0.742886
48.12,0.743679
48.2,0.743821
48.28,0.743242
48.32,0.743933
48.4,0.743526
48.48,0.74376
48.52,0.743882
48.6,0.743079
48.68,0.742327
48.708,0.740945
48.8,0.739654
48.88,0.739228
48.92,0.738415
49,0.737683
49.08,0.736667
49.12,0.735742
49.2,0.734543
49.28,0.734096
49.32,0.733862
49.4,0.733618
49.48,0.733343
49.52,0.723486
49.646,0.722957
49.68,0.723283
49.72,0.7219
49.8,0.721087
49.88,0.720335
49.92,0.720274
50,0.720224
50.08,0.719675
50.12,0.719685
50.2,0.719268
50.28,0.718953
50.32,0.719035
50.4,0.719136
50.48,0.718618
50.52,0.718781
50.6,0.717652
50.68,0.716789
50.72,0.715467
50.8,0.714248
50.88,0.712937
50.92,0.711829
51,0.710569
51.08,0.709248
51.12,0.708455
51.2,0.694431
51.326,0.694319
51.343,0.694939
51.4,0.695335
51.48,0.695193
51.52,0.695356
51.6,0.695488
51.68,0.695742
51.72,0.695925
51.8,0.696809
51.88,0.696758
51.92,0.697398
52,0.697764
52.08,0.698293
52.12,0.698648
52.2,0.702083
52.28,0.704909
52.32,0.708943
52.4,0.711677
52.48,0.713394
52.52,0.718689
52.6,0.723384
52.68,0.727236
52.708,0.733516
52.8,0.738577
52.88,0.747053
52.966,0.752805
53.02,0.757195
53.08,0.759096
53.12,0.762297
53.2,0.764329
53.28,0.767154
53.32,0.771128
53.4,0.774532
53.48,0.777185
53.52,0.780549
53.6,0.782703
53.68,0.784238
53.72,0.786118
53.8,0.78627
53.88,0.786108
53.92,0.787439
54,0.788313
54.08,0.78748
54.12,0.787195
54.2,0.78688
54.28,0.785996
54.32,0.785579
54.4,0.784604
54.48,0.78497
54.52,0.768161
54.646,0.770132
54.68,0.770173
54.72,0.767744
54.79,0.765325
54.87,0.764085
54.91,0.76312
54.99,0.762754
55.07,0.763191
55.11,0.76373
55.19,0.765528
55.27,0.764797
55.31,0.763963
55.39,0.762622
55.47,0.762215
55.51,0.760752
55.59,0.758913
55.67,0.759035
55.71,0.75876
55.79,0.757846
55.87,0.758039
55.91,0.757978
55.99,0.758486
56.07,0.758587
56.11,0.758892
56.19,0.750346
56.316,0.750854
56.333,0.751199
56.39,0.751728
56.47,0.752246
56.51,0.752724
56.59,0.753252
56.67,0.753415
56.71,0.753801
56.79,0.753963
56.87,0.753872
56.91,0.753415
56.99,0.753557
57.07,0.753537
57.11,0.753181
57.19,0.753567
57.27,0.753882
57.31,0.754045
57.39,0.754136
57.47,0.754238
57.51,0.75439
57.59,0.754248
57.67,0.754583
57.712,0.754624
57.79,0.754522
57.87,0.753791
57.955,0.754146
58.01,0.753669
58.07,0.754136
58.11,0.754126
58.19,0.754543
58.27,0.754797
58.31,0.754858
58.39,0.755315
58.47,0.755539
58.51,0.755335
59.636,0.755224
58.6165,0.755
59.71,0.754766
58.7365,0.754218
58.8165,0.754339
58.8565,0.753161
58.9365,0.753648
59.0165,0.753516
59.0565,0.753831
59.1365,0.754014
59.2165,0.754299
59.2565,0.754329
59.3365,0.75377
59.4165,0.754248
59.4565,0.753923
59.5365,0.753852
59.6165,0.753506
59.6565,0.753476
59.7365,0.753384
59.8165,0.753902
59.8565,0.753547
59.9365,0.75377
60.0165,0.753577
60.0565,0.753516
60.1365,0.752642
60.2625,0.752917
60.2965,0.75252
60.3365,0.752846
60.4165,0.752591
60.4565,0.753171
60.5365,0.753323
60.6165,0.753079
60.6565,0.753232
60.7365,0.753679
60.8165,0.753709
60.8565,0.753659
60.9365,0.753587
61.0165,0.753598
61.0565,0.753516
61.1365,0.753608
61.2165,0.753923
61.2565,0.753841
61.3365,0.754024
61.4165,0.753872
61.4565,0.754014
61.5365,0.753821
61.6165,0.753831
61.6565,0.753913
61.7365,0.754045
61.8165,0.750569
61.9025,0.750965
61.9365,0.750589
62.0165,0.750915
62.0565,0.751179
62.1365,0.751555
62.2165,0.751677
62.2565,0.752866
62.3365,0.754116
62.4165,0.75499
62.4565,0.756199
62.5365,0.75622
62.6165,0.756596
62.6565,0.757053
62.7365,0.756941
62.8165,0.756697
62.8565,0.756667
62.9365,0.756972
63.0165,0.757307
63.0565,0.757317
63.1365,0.757287
63.2165,0.757327
63.2565,0.757419
63.3365,0.757358
63.4165,0.757195
63.4565,0.756321
63.5825,0.75686
63.6365,0.756809
63.6585,0.757226
63.7365,0.758862
63.8165,0.759472
63.8765,0.760366
63.9365,0.761169
64.0165,0.761555
64.0565,0.76248
64.1365,0.763415
64.2165,0.763313
64.2565,0.763567
64.3365,0.763984
64.4165,0.764329
64.4565,0.765142
64.5365,0.767063
64.6165,0.76747
64.6565,0.768069
64.7365,0.769258
64.8165,0.769207
64.8565,0.769096
64.9365,0.769807
65.0165,0.77061
65.0565,0.771433
65.1365,0.766646
65.2625,0.767378
65.2795,0.766423
65.3365,0.767043
65.4165,0.766809
65.4565,0.765894
65.5365,0.765488
65.6165,0.764797
65.6565,0.764035
65.7365,0.763811
65.8165,0.763333
65.8565,0.763171
65.9375,0.763455
66.0165,0.763293
66.0565,0.763069
66.1365,0.762703
66.2165,0.763059
66.2565,0.762906
66.3365,0.762724
66.4165,0.762622
66.4565,0.762124
66.5365,0.761301
66.6165,0.760752
66.6565,0.7606
66.7365,0.760579
66.8165,0.758161
66.9025,0.758506
66.9365,0.758496
67.0165,0.758567
67.0565,0.758587
67.1365,0.758923
67.2165,0.763994
68.5815,0.764553
67.3239,0.764441
68.6565,0.765589
67.444,0.766037
67.5239,0.766596
67.564,0.76563
67.644,0.765417
67.7239,0.765874
67.764,0.765864
67.844,0.765955
67.9239,0.766514
67.984,0.766616
68.044,0.767073
68.1239,0.767033
68.164,0.767307
68.244,0.766829
68.3239,0.766789
68.364,0.766829
68.444,0.767419
68.5239,0.767906
68.564,0.767632
68.644,0.767266
68.7239,0.767185
68.764,0.766717
68.844,0.76374
68.97,0.763892
68.987,0.763821
69.044,0.763313
69.1239,0.763608
69.164,0.763689
69.244,0.763465
69.3239,0.763537
69.364,0.763262
69.444,0.763557
69.5239,0.763577
69.564,0.763689
69.644,0.76377
69.7239,0.764116
69.764,0.764563
69.844,0.764634
69.9239,0.7644
69.964,0.764919
70.044,0.764959
70.1239,0.765183
70.164,0.76502
70.244,0.764431
70.3239,0.76436
70.364,0.764593
70.4539,0.764482
70.534,0.762896
70.6209,0.762713
70.6539,0.762896
70.734,0.763669
70.7739,0.763557
70.8539,0.763232
70.934,0.764106
70.9739,0.764756
71.054,0.765081
71.134,0.764837
71.1739,0.765112
71.254,0.764837
71.334,0.764705
71.3739,0.765112
71.4539,0.76561
71.534,0.765915
71.5739,0.765874
71.6539,0.766006
71.734,0.765996
71.7739,0.766331
71.8539,0.766839
71.934,0.767104
71.9739,0.766931
72.054,0.767419
72.134,0.767063
72.1739,0.767307
72.301,0.768404
72.334,0.768994
72.3739,0.769919
72.4539,0.770112
72.534,0.770142
72.5739,0.770152
72.6539,0.770589
72.734,0.769797
72.7739,0.770274
72.8539,0.769583
72.934,0.769573
72.9739,0.769177
73.054,0.769248
73.134,0.769695
73.1739,0.769746
73.254,0.769533
73.334,0.769492
73.3739,0.769593
73.4539,0.769278
73.534,0.769228
73.5739,0.769502
73.6539,0.769817
73.734,0.770091
73.7739,0.770163
73.8539,0.767764
73.981,0.76747
73.998,0.767266
74.054,0.767856
74.134,0.76814
74.1739,0.76873
74.254,0.768526
74.334,0.768344
74.361,0.768537
74.4539,0.768354
74.534,0.767896
74.5739,0.768161
74.6739,0.768079
74.734,0.768171
74.7739,0.769014
74.8539,0.770955
74.934,0.772012
74.9739,0.775854
75.054,0.775884
75.134,0.776352
75.1739,0.776565
75.254,0.776677
75.334,0.776413
75.3739,0.777124
75.4539,0.775681
75.534,0.772571
75.6209,0.772449
75.6539,0.773354
75.734,0.773455
75.7739,0.774024
75.8539,0.773679
75.934,0.773608
75.9739,0.774004
76.054,0.774715
76.134,0.775102
76.1739,0.776697
76.254,0.777551
76.334,0.777104
76.359,0.77688
76.4539,0.77748
76.534,0.777093
76.5739,0.7744
76.6539,0.77378
76.734,0.772815
76.7739,0.771372
76.8539,0.77126
76.934,0.771982
76.9739,0.772409
77.054,0.774807
77.134,0.776382
77.1739,0.775254
77.301,0.777175
77.356,0.77876
77.3739,0.779817
77.4539,0.779136
77.534,0.777937
77.5739,0.775945
77.6539,0.775894
77.734,0.775417
77.794,0.774583
77.8539,0.774868
77.934,0.775691
77.9739,0.775061
78.054,0.774136
78.134,0.773486
78.1739,0.772937
78.254,0.7725
78.334,0.772185
78.364,0.771606
78.444,0.77062
78.5239,0.770193
78.564,0.770112
78.644,0.770396
78.7239,0.770325
78.764,0.77003
78.844,0.76501
78.97,0.765244
78.987,0.764543
79.044,0.76437
79.1239,0.764238
79.164,0.764614
79.244,0.764533
79.3239,0.764909
79.3679,0.765285
79.444,0.765579
79.5239,0.765661
79.564,0.766118
79.645,0.766494
79.7239,0.766524
79.764,0.766799
79.844,0.767154
79.9239,0.766951
79.964,0.767073
80.044,0.766982
80.1239,0.767287
80.164,0.767266
80.244,0.767459
80.3239,0.767297
80.364,0.767571
80.444,0.767703
80.5239,0.764065
80.609,0.764268
80.644,0.764339
80.7239,0.764624
80.764,0.764695
80.844,0.765041
80.9239,0.765213
80.964,0.764898
81.044,0.765508
81.1239,0.765793
81.164,0.765935
81.244,0.766128
81.3239,0.766799
81.364,0.766982
81.444,0.767256
81.5239,0.767531
81.564,0.767663
81.644,0.768283
81.7239,0.768608
81.764,0.76936
81.844,0.769258
81.9239,0.769024
81.964,0.769075
82.044,0.768872
82.1239,0.769268
82.164,0.769888
82.25,0.770437
82.3239,0.77063
82.3679,0.770711
82.444,0.771667
82.5239,0.773059
82.564,0.774441
82.644,0.775173
82.7239,0.775183
82.764,0.774959
82.844,0.773963
82.9239,0.773211
82.964,0.771026
83.044,0.769766
83.1239,0.769888
83.164,0.768049
83.244,0.767957
83.3239,0.767683
83.364,0.767724
83.444,0.767683
83.5239,0.767439
83.564,0.766992
83.644,0.766545
83.7239,0.766667
83.764,0.766697
83.844,0.762581
83.97,0.763476
83.987,0.763171
84.044,0.763242
84.1239,0.763079
84.164,0.763222
84.244,0.764146
84.3239,0.764065
84.364,0.764512
84.444,0.76435
84.5239,0.764868
84.564,0.764776
84.644,0.764644
84.7239,0.765295
84.764,0.765224
84.844,0.765132
84.9239,0.765122
84.964,0.764665
85.044,0.765163
85.1239,0.765488
85.164,0.765031
85.244,0.76378
85.3239,0.763841
85.364,0.76376
85.444,0.763618
85.5239,0.762175
85.609,0.762398
85.644,0.763171
85.7239,0.763344
85.764,0.764024
85.844,0.76499
85.9239,0.765213
85.964,0.765661
86.044,0.767256
86.1239,0.768008
86.164,0.76939
86.244,0.771067
86.3239,0.771575
86.364,0.772358
86.4539,0.773862
86.534,0.773984
86.5739,0.773963
86.6539,0.773791
86.734,0.77373
86.7739,0.773537
86.8539,0.773018
86.934,0.773079
86.9739,0.77374
87.054,0.775132
87.134,0.77564
87.1739,0.774319
87.301,0.774532
87.334,0.77376
87.3569,0.772896
87.4539,0.771169
87.534,0.7706
87.5739,0.770173
87.6539,0.769736
87.734,0.769563
87.7739,0.770112
87.8539,0.769837
87.934,0.769939
87.9739,0.769563
88.054,0.769522
88.134,0.769441
88.1739,0.769614
88.2539,0.769624
88.334,0.76936
88.358,0.76936
88.4539,0.769309
88.534,0.769299
88.5739,0.769238
88.6539,0.769146
88.734,0.769258
88.7739,0.769146
88.8539,0.76688
88.98,0.767713
88.997,0.768079
89.054,0.768557
89.134,0.768648
89.1739,0.769715
89.2539,0.769705
89.334,0.769329
89.3569,0.768984
89.4539,0.768974
89.534,0.769177
89.5739,0.769329
89.6539,0.769573
89.734,0.770061
89.7739,0.770406
89.8539,0.770894
89.934,0.770762
89.9739,0.771829
90.054,0.771728
90.134,0.772165
90.1739,0.7731
90.2539,0.773913
90.334,0.774075
90.361,0.77435
90.4539,0.774573
90.534,0.773333
90.62,0.773618
90.6539,0.774217
90.734,0.773791
90.7739,0.77439
90.8539,0.774797
90.934,0.774807
90.9739,0.774919
91.054,0.775518
91.134,0.776291
91.1739,0.777398
91.2539,0.777114
91.3349,0.777266
91.358,0.776565
91.444,0.776657
91.5239,0.776545
91.564,0.776321
91.644,0.77562
91.7239,0.775325
91.764,0.774502
91.844,0.773496
91.9239,0.773516
91.964,0.7719
92.044,0.770569
92.1239,0.770142
92.164,0.76502
92.289,0.764573
92.3239,0.764075
92.364,0.76375
92.444,0.763699
92.5239,0.764136
92.564,0.763404
92.644,0.762785
92.7239,0.762154
92.764,0.761026
92.844,0.761839
92.9239,0.762215
92.964,0.762734
93.044,0.762307
93.1239,0.762134
93.164,0.761372
93.244,0.761626
93.3239,0.76128
93.365,0.760661
93.444,0.761057
93.5239,0.761433
93.564,0.761585
93.644,0.761941
93.7239,0.762083
93.764,0.762337
93.844,0.759766
93.95,0.760508
93.967,0.760356
94.044,0.761169
94.1239,0.761636
94.164,0.761992
94.244,0.762906
94.3239,0.763384
94.364,0.763994
94.444,0.765305
94.5239,0.76625
94.564,0.767602
94.644,0.768679
94.7239,0.768506
94.764,0.768252
94.844,0.769289
94.9239,0.769187
94.964,0.771911
95.044,0.771809
95.1239,0.774502
95.164,0.775132
95.244,0.778252
95.3239,0.779644
95.364,0.781382
95.444,0.782459
95.5239,0.777642
95.609,0.780701
95.644,0.78252
95.7239,0.783953
95.764,0.787144
95.844,0.788984
95.9239,0.789654
95.964,0.794207
96.044,0.79688
96.1239,0.797053
96.164,0.798191
96.244,0.796626
96.3239,0.798669
96.364,0.798913
96.444,0.797439
96.5239,0.798069
96.564,0.801108
96.644,0.798089
96.7239,0.799512
96.764,0.800325
96.844,0.799868
96.9239,0.803181
96.964,0.80063
97.044,0.800803
97.1239,0.801961
97.164,0.795061
97.289,0.797256
97.3239,0.796341
97.364,0.794787
97.444,0.797998
97.5239,0.798272
97.564,0.794898
97.644,0.791768
97.7239,0.789197
97.764,0.785772
97.844,0.787327
97.9239,0.783283
97.964,0.780732
98.044,0.773222
98.1239,0.771047
98.164,0.765163
98.244,0.761646
98.3239,0.756199
98.364,0.749522
98.444,0.740925
98.5239,0.739848
98.564,0.732043
98.644,0.728486
98.7239,0.723262
98.764,0.719024
98.844,0.703242
98.969,0.701504
98.986,0.695142
99.044,0.693648
99.1239,0.690711
99.164,0.685965
99.244,0.677632
99.3239,0.674197
99.3659,0.670732
99.444,0.661281
99.5239,0.65812
99.564,0.652602
99.644,0.649146
99.7239,0.646585
99.764,0.641921
99.844,0.639614
99.9239,0.639756
99.964,0.639278
100.044,0.636717
100.124,0.636494
100.164,0.635295
100.244,0.631687
100.324,0.628455
100.364,0.622978
100.444,0.619553
100.524,0.614939
100.608,0.608872
100.644,0.604746
100.724,0.602439
100.764,0.597195
100.844,0.598821
100.924,0.600589
100.964,0.596463
101.044,0.593841
101.124,0.593445
101.164,0.593984
101.244,0.603028
101.324,0.60376
101.364,0.602195
101.444,0.601596
101.524,0.600417
101.564,0.593791
101.644,0.590163
101.724,0.5894
101.764,0.587287
101.844,0.584685
101.924,0.583699
101.964,0.579289
102.044,0.572591
102.124,0.571311
102.164,0.566433
102.288,0.564197
102.324,0.563018
102.367,0.551016
102.444,0.544075
102.524,0.543994
102.564,0.537154
102.644,0.533811
102.724,0.532876
102.764,0.531321
102.844,0.5319
102.924,0.530488
102.964,0.526484
103.044,0.525417
103.124,0.529949
103.164,0.534065
103.244,0.540711
103.324,0.54311
103.364,0.546159
103.444,0.547967
103.524,0.547815
103.564,0.549583
103.644,0.551199
103.724,0.554776
103.764,0.556728
103.844,0.566433
103.948,0.568923
103.965,0.574329
104.064,0.57688
104.124,0.576169
104.164,0.579146
104.244,0.578171
104.324,0.576341
104.364,0.570346
104.444,0.567348
104.524,0.569116
104.564,0.572825
104.644,0.576159
104.724,0.575163
104.764,0.576931
104.844,0.570904
104.924,0.570112
104.964,0.572185
105.044,0.577652
105.124,0.578923
105.164,0.582459
105.244,0.583902
105.324,0.583557
105.364,0.5819
105.444,0.584421
105.524,0.579258
105.587,0.575285
105.644,0.57122
105.724,0.567724
105.764,0.565783
105.844,0.56315
105.924,0.567449
105.964,0.577795
106.044,0.58563
106.124,0.587866
106.164,0.592917
106.244,0.599624
106.324,0.603496
106.364,0.615965
106.444,0.630539
106.524,0.63689
106.564,0.648333
106.644,0.659411
106.724,0.667398
106.764,0.674472
106.844,0.676982
106.924,0.678069
106.964,0.682642
107.044,0.684563
107.124,0.6825
107.164,0.67687
107.268,0.684695
107.344,0.687907
107.364,0.689776
107.444,0.686636
107.524,0.689878
107.564,0.685772
107.644,0.675671
107.724,0.67311
107.764,0.66248
107.844,0.656118
107.924,0.656778
107.964,0.654827
108.044,0.654746
108.124,0.656565
108.164,0.659776
108.244,0.66872
108.324,0.672337
108.364,0.681169
108.455,0.687795
108.535,0.688476
108.554,0.69247
108.635,0.694776
108.714,0.697632
108.754,0.699827
108.835,0.702398
108.939,0.707317
108.956,0.711982
109.034,0.717205
109.114,0.720224
109.154,0.727063
109.235,0.736728
109.314,0.742002
109.357,0.752998
109.434,0.761443
109.515,0.765783
109.554,0.774878
109.635,0.778628
109.714,0.782764
109.754,0.78185
109.834,0.774959
109.915,0.771199
109.955,0.767947
110.034,0.759248
110.114,0.756067
110.154,0.747104
110.235,0.74311
110.314,0.741494
110.357,0.739207
110.434,0.734726
110.515,0.733028
110.579,0.727602
110.635,0.72188
110.714,0.717043
110.754,0.708069
110.834,0.696982
110.914,0.699858
110.955,0.699726
111.034,0.695102
111.114,0.691016
111.154,0.68438
111.235,0.676911
111.314,0.673902
111.357,0.663923
111.434,0.655783
111.515,0.656443
111.554,0.652449
111.635,0.647419
111.714,0.646433
111.754,0.639909
111.834,0.634278
111.914,0.633496
111.955,0.629167
112.034,0.621921
112.114,0.621748
112.154,0.621535
112.278,0.61813
112.314,0.62062
112.357,0.631972
112.434,0.632795
112.515,0.636687
112.554,0.649919
112.635,0.660274
112.714,0.666738
112.754,0.680244
112.834,0.686555
112.914,0.690508
112.955,0.694319
113.034,0.697266
113.114,0.699726
113.154,0.700671
113.235,0.699339
113.314,0.697602
113.357,0.694665
113.434,0.690183
113.515,0.685904
113.554,0.677561
113.635,0.661636
113.714,0.654614
113.754,0.641931
113.834,0.626799
113.939,0.621128
113.974,0.605671
114.034,0.590793
114.114,0.583537
114.154,0.570925
114.234,0.564848
114.314,0.562287
114.357,0.547439
114.434,0.537805
114.514,0.540315
114.554,0.539959
114.634,0.53937
114.714,0.539329
114.754,0.531728
114.834,0.5244
114.914,0.522104
114.954,0.510671
115.034,0.49937
115.114,0.493902
115.154,0.484736
115.235,0.480874
115.335,0.483709
115.357,0.486667
115.454,0.481961
115.514,0.511128
115.558,0.502053
115.634,0.496057
115.714,0.494035
115.754,0.49064
115.834,0.489624
115.914,0.486565
115.974,0.482022
116.034,0.481494
116.114,0.48187
116.154,0.468415
116.235,0.456596
116.314,0.457886
116.357,0.457449
116.434,0.456565
116.514,0.456921
116.554,0.456016
116.634,0.461524
116.714,0.461209
116.754,0.461768
116.834,0.457287
116.914,0.456585
116.954,0.450996
117.034,0.444726
117.114,0.442409
117.154,0.431626
117.278,0.427439
117.314,0.423659
117.357,0.420783
117.434,0.426646
117.514,0.425549
117.554,0.429228
117.634,0.432246
117.714,0.436087
117.754,0.444858
117.834,0.452693
117.914,0.449085
117.955,0.444451
118.034,0.437744
118.114,0.436555
118.154,0.424929
118.234,0.415904
118.314,0.41188
118.357,0.406382
118.434,0.400132
118.514,0.399482
118.554,0.398902
118.634,0.39565
118.714,0.395904
118.754,0.393435
118.834,0.375528
118.939,0.37815
118.974,0.383384
119.034,0.38247
119.114,0.386819
119.154,0.394136
119.234,0.394776
119.314,0.399197
119.357,0.397652
119.434,0.399604
119.514,0.40065
119.554,0.405823
119.635,0.414329
119.714,0.416656
119.754,0.418272
119.834,0.418283
119.914,0.419126
119.955,0.416443
120.034,0.419126
120.114,0.420396
120.154,0.417073
120.234,0.418821
120.314,0.418333
120.357,0.408435
120.434,0.402073
120.514,0.39499
120.598,0.390793
120.634,0.387348
120.714,0.388618
120.754,0.384583
120.834,0.382876
120.914,0.379756
120.954,0.387449
121.034,0.391677
121.114,0.394167
121.154,0.402652
121.234,0.410803
121.314,0.41374
121.357,0.42249
121.434,0.436392
121.514,0.441169
121.554,0.452246
121.634,0.459614
121.714,0.463618
121.754,0.469461
121.834,0.470823
121.914,0.473882
121.954,0.477276
122.034,0.473557
122.114,0.473049
122.154,0.469461
122.238,0.465244
122.314,0.461982
122.357,0.456707
122.434,0.450854
122.514,0.446646
122.554,0.435396
122.634,0.42997
122.714,0.426352
122.754,0.417754
122.834,0.404624
122.914,0.399533
122.954,0.389004
123.034,0.373547
123.114,0.364024
123.154,0.343689
123.234,0.322215
123.314,0.313039
123.354,0.30375
123.434,0.300589
123.514,0.300965
123.554,0.305681
123.634,0.302378
123.714,0.298923
123.754,0.288526
123.834,0.277134
123.979,0.274553
123.996,0.273079
124.034,0.277226
124.114,0.279878
124.154,0.292612
124.234,0.318791
124.314,0.33312
124.357,0.358953
124.434,0.377673
124.514,0.383537
124.554,0.388283
124.634,0.389776
124.714,0.389156
124.754,0.384624
124.834,0.382591
124.914,0.382419
124.954,0.379837
125.034,0.38
125.114,0.381606
125.154,0.379055
125.235,0.376717
125.314,0.383232
125.357,0.387266
125.434,0.390833
125.515,0.400386
125.598,0.406159
125.655,0.415498
125.714,0.419644
125.754,0.423089
125.854,0.427358
125.914,0.432348
125.954,0.437774
126.034,0.445681
126.114,0.443333
126.154,0.434502
126.234,0.435173
126.314,0.441453
126.357,0.452256
126.434,0.462317
126.514,0.466128
126.554,0.476545
126.634,0.488272
126.714,0.489014
126.754,0.491098
126.834,0.485457
126.914,0.4875
126.954,0.496087
127.034,0.488699
127.114,0.474949
127.154,0.455203
127.238,0.431382
127.314,0.419055
127.357,0.405945
127.434,0.383709
127.514,0.37623
127.554,0.354888
127.634,0.338984
127.714,0.332043
127.754,0.315335
127.834,0.302358
127.914,0.294248
127.954,0.288283
128.034,0.287154
128.114,0.291402
128.154,0.280864
128.234,0.271494
128.314,0.264919
128.357,0.251118
128.434,0.238242
128.514,0.233933
128.554,0.220132
128.634,0.21253
128.714,0.211504
128.754,0.203923
128.834,0.195722
128.918,0.191575
128.954,0.186992
129.034,0.192785
129.114,0.19127
129.154,0.188039
129.234,0.184055
129.314,0.181717
129.357,0.181169
129.434,0.17811
129.514,0.176138
129.554,0.168445
129.635,0.162734
129.714,0.158526
129.754,0.149675
129.834,0.14065
129.914,0.139807
129.954,0.126748
130.034,0.111362
130.114,0.107825
130.154,0.0991768
130.234,0.0909451
130.314,0.0872053
130.357,0.0805386
130.434,0.0700203
130.514,0.0635264
130.598,0.0539024
130.635,0.0433028
130.714,0.0388821
130.754,0.0254268
130.834,0.0175102
130.914,0.0140955
130.954,0.0102337
131.034,0.00400406
131.114,0.00114837
131.154,0.00121951
131.234,0.00120935
131.314,0.00125
131.357,0.0011687
131.434,0.00132114
131.514,0.00129065
131.554,0.000721545
131.634,0
131.714,0.000589431
131.754,0.00156504
131.834,0.00247967
131.914,0.00453252
131.954,0.00675813
132.034,0.00752033
132.114,0.00918699
132.154,0.0209858
132.278,0.0200711
132.314,0.0212398
132.357,0.0201423
132.434,0.020935
132.514,0.0208435
132.554,0.0213821
132.634,0.0218598
132.714,0.0218496
132.754,0.0218598
132.834,0.0213923
132.914,0.0223374
132.955,0.0237195
133.034,0.0250305
133.114,0.0260671
133.154,0.0449797
133.234,0.0671138
133.314,0.0789126
133.357,0.10372
133.434,0.131799
133.514,0.145498
133.554,0.173974
133.634,0.202825
133.714,0.218404
133.754,0.243181
133.835,0.291504
133.958,0.300224
133.975,0.318801
134.035,0.343069
134.134,0.347419
134.154,0.369817
134.234,0.399187
134.314,0.407327
134.357,0.428242
134.434,0.440356
134.514,0.444492
134.554,0.457602
134.634,0.464766
134.714,0.471636
134.754,0.478791
134.834,0.481748
134.914,0.484654
134.954,0.492297
135.034,0.501504
135.114,0.506331
135.154,0.489685
135.234,0.46503
135.314,0.453191
135.359,0.424685
135.434,0.395193
135.514,0.384909
135.558,0.345823
135.634,0.318516
135.714,0.308841
135.754,0.288354
135.834,0.274451
135.914,0.266169
135.954,0.242165
136.034,0.214858
136.114,0.206067
136.154,0.180407
136.234,0.152785
136.314,0.140447
136.357,0.113547
136.434,0.0903354
136.514,0.0776016
136.554,0.0721646
136.634,0.0680894
136.714,0.0617886
136.754,0.0589431
136.834,0.0579268
136.914,0.0605081
136.954,0.0640244
137.034,0.0675102
137.114,0.0657317
137.154,0.0675813
137.238,0.0657215
137.314,0.0529268
137.357,0.0465244
137.434,0.0444817
137.514,0.042622
137.554,0.044878
137.634,0.0457419
137.714,0.047439
137.754,0.042439
137.834,0.0302337
137.914,0.0236484
137.955,0.0173679
138.034,0.00922764
138.114,0.00622967
138.154,0.00425813
138.234,0.0046748
138.314,0.00460366
138.354,0.00530488
138.434,0.00565041
138.514,0.0060874
138.554,0.00700203
138.634,0.00867886
138.714,0.00922764
138.754,0.00942073
138.834,0.0154472
138.959,0.0162602
138.976,0.0187195
139.034,0.0204472
139.114,0.0210366
139.154,0.022063
139.234,0.0225407
139.314,0.0239736
139.357,0.0235976
139.434,0.0234248
139.514,0.0247459
139.554,0.0246646
139.634,0.0259146
139.714,0.0261687
139.754,0.0284654
139.834,0.0336179
139.914,0.0370528
139.954,0.0443699
140.034,0.0496951
140.114,0.0523679
140.154,0.0593089
140.234,0.0675508
140.314,0.0718191
140.357,0.0802947
140.434,0.0880285
140.514,0.0980996
140.598,0.105305
140.634,0.11253
140.714,0.11437
140.754,0.114319
140.834,0.1194
140.934,0.119573
140.954,0.123557
141.034,0.12877
141.114,0.133364
141.154,0.145671
141.234,0.161951
141.314,0.169827
141.354,0.187327
141.434,0.203638
141.514,0.209939
141.554,0.220234
141.634,0.231098
141.714,0.237632
141.754,0.250539
141.834,0.263963
141.914,0.271555
141.954,0.286514
142.034,0.301504
142.114,0.309411
142.154,0.325508
142.277,0.334045
142.314,0.337287
142.357,0.343252
142.434,0.350102
142.514,0.35315
142.554,0.361413
142.634,0.36999
142.714,0.374085
142.754,0.379522
142.834,0.386026
142.914,0.388435
142.954,0.39062
143.034,0.393354
143.114,0.394339
143.154,0.393659
143.234,0.395417
143.314,0.398537
143.357,0.418598
143.434,0.435752
143.514,0.444319
143.554,0.452713
143.634,0.457307
143.715,0.460285
143.754,0.464431
143.834,0.470864
143.917,0.47253
143.954,0.473496
144.034,0.474268
144.114,0.473161
144.154,0.468801
144.234,0.464258
144.314,0.460213
144.357,0.457673
144.434,0.450752
144.514,0.446341
144.554,0.434411
144.634,0.416596
144.714,0.406291
144.754,0.384746
144.835,0.365701
144.914,0.355843
144.954,0.335366
145.034,0.316707
145.114,0.307917
145.154,0.290041
145.234,0.267825
145.314,0.257744
145.357,0.234055
145.434,0.214644
145.514,0.207978
145.598,0.190325
145.634,0.16872
145.714,0.158537
145.754,0.137276
145.834,0.114248
145.914,0.103892
145.954,0.0842276
146.034,0.0692988
146.114,0.0655894
146.154,0.0564533
146.234,0.0492988
146.314,0.0470122
146.357,0.0394715
146.434,0.0326524
146.514,0.0292175
146.554,0.0260366
146.634,0.0281809
146.714,0.0293191
146.754,0.0265142
146.834,0.0266565
146.914,0.0253354
146.954,0.0202236
147.034,0.0197764
147.114,0.0207724
147.154,0.0393598
147.278,0.0397663
147.314,0.0395325
147.357,0.0393699
147.434,0.0394309
147.514,0.0393598
147.554,0.0399289
147.634,0.0400508
147.714,0.0402846
147.754,0.0406098
147.834,0.0406809
147.914,0.0404268
147.954,0.0391565
148.035,0.0396443
148.114,0.0393496
148.154,0.0401626
148.234,0.0415447
148.314,0.041626
148.357,0.0420732
148.434,0.0418598
148.514,0.0405183
148.554,0.0402236
148.634,0.0404573
148.714,0.0410772
148.754,0.0418496
148.834,0.0397256
148.959,0.0407317
148.976,0.0414024
149.034,0.0395122
149.114,0.0393191
149.154,0.0389634
149.234,0.0400305
149.314,0.0414126
149.357,0.0422866
149.434,0.041626
149.514,0.0419207
149.554,0.0428862
149.634,0.04375
149.714,0.0448984
149.754,0.0455894
149.834,0.0459451
149.914,0.0480793
149.954,0.047876
150.034,0.0475305
150.114,0.0477337
150.154,0.0473069
150.234,0.0467886
150.314,0.0469106
150.357,0.0471443
150.434,0.0462602
150.514,0.045813
150.599,0.0445325
150.634,0.0441159
150.714,0.0442073
150.754,0.0479065
150.834,0.0571341
150.914,0.0627439
150.954,0.0744614
151.034,0.0836585
151.114,0.0838821
151.154,0.0878354
151.234,0.0893191
151.314,0.0885976
151.357,0.0905691
151.434,0.0906606
151.514,0.0908943
151.554,0.0911484
151.634,0.0919207
151.714,0.0930183
151.754,0.094065
151.834,0.0954268
151.914,0.0964736
151.954,0.0981606
152.034,0.0973679
152.114,0.0982317
152.154,0.119472
152.278,0.117561
152.314,0.118181
152.357,0.116535
152.434,0.115396
152.514,0.115691
152.554,0.116839
152.634,0.119035
152.714,0.11748
152.754,0.115864
152.834,0.117693
152.914,0.118089
152.954,0.120356
153.034,0.122927
153.114,0.124604
153.154,0.125112
153.234,0.125498
153.314,0.126006
153.357,0.129146
153.434,0.126748
153.514,0.126677
153.554,0.123699
153.634,0.118425
153.714,0.11315
153.754,0.0994106
153.834,0.083811
153.958,0.0832724
153.975,0.0870325
154.034,0.0844004
154.114,0.08625
154.154,0.0877642
154.234,0.0821951
154.314,0.0796037
154.357,0.0776931
154.434,0.0758943
154.514,0.0762094
154.554,0.0787703
154.634,0.0747358
154.715,0.0738008
154.754,0.0700813
154.834,0.0628862
154.914,0.0598476
154.954,0.057622
155.034,0.0594715
155.114,0.0595935
155.154,0.0600711
155.234,0.058435
155.314,0.0591768
155.357,0.0605081
155.434,0.0623882
155.514,0.0679776
155.598,0.0718598
155.634,0.0681911
155.714,0.0691159
155.754,0.0684451
155.834,0.0621748
155.914,0.062876
155.954,0.0597866
156.034,0.0544207
156.114,0.0527337
156.154,0.0493902
156.234,0.0442785
156.315,0.0424898
156.358,0.043374
156.434,0.0444919
156.514,0.0459654
156.554,0.0457724
156.634,0.0436687
156.714,0.0423374
156.754,0.0397053
156.834,0.034939
156.914,0.0340346
156.954,0.0308333
157.034,0.0309858
157.114,0.0318089
157.154,0.0442175
157.278,0.0472053
157.335,0.0464431
157.357,0.046565
157.434,0.0471951
157.514,0.0485569
157.554,0.0500711
157.634,0.0495732
157.714,0.0497967
157.754,0.0502033
157.834,0.0487602
157.914,0.0492581
157.954,0.0481301
158.034,0.0480691
158.114,0.0478252
158.154,0.0486179
158.234,0.0498679
158.314,0.0493089
158.357,0.052124
158.434,0.0483028
158.514,0.0471138
158.554,0.0454065
158.634,0.0584959
158.714,0.0704472
158.754,0.100589
158.834,0.140254
158.959,0.148902
158.976,0.171209
159.034,0.172866
159.114,0.168161
159.154,0.167561
159.234,0.158079
159.314,0.158364
159.357,0.156514
159.454,0.150081
159.534,0.149085
159.554,0.145071
159.634,0.145081
159.714,0.143669
159.754,0.143232
159.834,0.14374
159.914,0.14438
159.954,0.143394
160.034,0.14622
160.114,0.147287
160.154,0.146108
160.234,0.148608
160.314,0.150823
160.357,0.152287
160.434,0.163547
160.514,0.165234
160.579,0.166199
160.634,0.159858
160.714,0.157541
160.754,0.14626
160.834,0.139248
160.914,0.134126
160.954,0.120579
161.034,0.112419
161.114,0.104096
161.154,0.0863415
161.234,0.0700305
161.314,0.0638313
161.357,0.0459756
161.434,0.0301829
161.514,0.0231606
161.554,0.0214939
161.634,0.0223171
161.714,0.0224593
161.754,0.0244919
161.834,0.0260163
161.914,0.0293699
161.954,0.0562602
162.034,0.0812602
162.114,0.0909756
162.154,0.123486
162.279,0.129146
162.314,0.131545
162.357,0.136301
162.434,0.139766
162.514,0.1425
162.554,0.145579
162.634,0.146931
162.714,0.147947
162.754,0.148648
162.834,0.150447
162.914,0.151738
162.954,0.15312
163.034,0.155193
163.114,0.155569
163.154,0.155884
163.234,0.157663
163.314,0.158628
163.357,0.156789
163.434,0.157104
163.514,0.157236
163.554,0.158181
163.634,0.158242
163.714,0.159583
163.754,0.156199
163.834,0.150173
163.959,0.146108
163.994,0.136677
164.034,0.121321
164.114,0.114604
164.154,0.10373
164.234,0.0916972
164.314,0.0886992
164.357,0.078811
164.434,0.0676829
164.514,0.0630183
164.554,0.0534858
164.635,0.0491362
164.714,0.047185
164.754,0.042937
164.834,0.038689
164.914,0.0382215
164.954,0.0389329
165.034,0.0399085
165.114,0.0414837
165.154,0.0441667
165.234,0.0451321
165.314,0.0474695
165.357,0.0483841
165.434,0.0500102
165.514,0.0588516
165.599,0.0591362
165.634,0.0578557
165.714,0.0580285
165.754,0.0579675
165.834,0.0591057
165.914,0.0591972
165.954,0.0592886
166.034,0.0602744
166.114,0.0608333
166.154,0.0607825
166.234,0.0606606
166.314,0.0600813
166.358,0.0607825
166.434,0.0612703
166.514,0.0609045
166.554,0.0602642
166.634,0.0609654
166.714,0.0620935
166.754,0.0620528
166.834,0.062002
166.914,0.065935
166.954,0.0773272
167.034,0.0957419
167.114,0.105528
167.154,0.126514
167.279,0.146819
167.314,0.157571
167.357,0.164065
167.434,0.166484
167.534,0.16686
167.554,0.167165
167.634,0.166006
167.714,0.167033
167.754,0.164116
167.834,0.163516
167.914,0.161931
167.954,0.15628
168.034,0.153201
168.114,0.150813
168.154,0.145671
168.234,0.147429
168.314,0.148923
168.358,0.151575
168.434,0.150925
168.514,0.152124
168.554,0.153394
168.634,0.153628
168.714,0.154207
168.754,0.155295
168.834,0.152652
168.94,0.154654
168.957,0.156159
169.034,0.157256
169.114,0.158018
169.154,0.161596
169.234,0.16626
169.314,0.16997
169.357,0.17499
169.434,0.183953
169.514,0.187967
169.554,0.190864
169.655,0.191575
169.714,0.191687
169.754,0.182774
169.834,0.178496
169.914,0.177114
169.954,0.16626
170.034,0.15685
170.114,0.152175
170.154,0.137083
170.234,0.123425
170.314,0.119736
170.357,0.104959
170.434,0.0902337
170.514,0.0990346
170.599,0.0820224
170.634,0.0659654
170.714,0.0593089
170.754,0.0480081
170.834,0.0430081
170.914,0.0399593
170.954,0.0358435
171.034,0.034502
171.114,0.0345935
171.154,0.0357012
171.234,0.0422764
171.314,0.0437602
171.357,0.0504167
171.434,0.0507114
171.514,0.0510671
171.554,0.0519411
171.634,0.052378
171.714,0.0522561
171.754,0.0536789
171.834,0.0544715
171.914,0.0544004
171.954,0.0545935
172.034,0.0542175
172.114,0.0546443
172.154,0.0559045
172.279,0.0546951
172.334,0.0547561
172.357,0.0551016
172.434,0.0552642
172.514,0.0555183
172.554,0.0551118
172.634,0.0549492
172.714,0.0548374
172.754,0.0549492
172.834,0.0551016
172.914,0.0547053
172.954,0.0543801
173.034,0.0540447
173.114,0.0542073
173.154,0.0543902
173.234,0.0542683
173.314,0.054502
173.357,0.0547256
173.434,0.0549797
173.514,0.0548476
173.554,0.054878
173.634,0.055061
173.714,0.0550508
173.754,0.0550711
173.834,0.0702134
173.96,0.0701118
173.977,0.0702744
174.034,0.0703659
174.114,0.0703963
174.154,0.0706199
174.234,0.070935
174.314,0.0710061
174.357,0.0700508
174.434,0.0699085
174.514,0.0698272
174.554,0.0681911
174.634,0.0684959
174.714,0.0736484
174.754,0.0893496
174.834,0.107165
174.914,0.11562
174.954,0.126108
175.034,0.131524
175.114,0.13315
175.154,0.136596
175.234,0.140112
175.314,0.1419
175.357,0.144289
175.434,0.146362
175.514,0.145732
175.599,0.160772
175.634,0.179055
175.714,0.189268
175.754,0.208831
175.834,0.224431
175.914,0.236189
175.954,0.252774
176.034,0.275528
176.114,0.28687
176.154,0.303425
176.234,0.323069
176.314,0.329096
176.357,0.327439
176.434,0.332459
176.514,0.328455
176.554,0.31936
176.634,0.318902
176.714,0.319309
176.754,0.32185
176.834,0.324553
176.914,0.325417
176.954,0.328598
177.034,0.330996
177.114,0.33376
177.154,0.326738
177.278,0.326514
177.314,0.321301
177.357,0.31253
177.434,0.304187
177.514,0.300203
177.554,0.291209
177.634,0.285376
177.714,0.280803
177.754,0.270986
177.834,0.263394
177.914,0.260752
177.955,0.260732
178.034,0.26562
178.114,0.261331
178.154,0.264644
178.234,0.266819
178.314,0.265783
178.357,0.264553
178.434,0.263008
178.514,0.262124
178.554,0.255346
178.634,0.254096
178.714,0.252764
178.754,0.252449
178.834,0.274665
178.919,0.27623
178.954,0.26501
179.034,0.252165
179.114,0.239543
179.154,0.224116
179.234,0.208059
179.314,0.201768
179.357,0.183933
179.434,0.162815
179.514,0.153272
179.554,0.134797
179.634,0.115661
179.714,0.106941
179.754,0.089187
179.834,0.0756792
