0,477
0,413
0.1,442
0.119987,435
0.2,436
0.280013,422
0.319987,416
0.4,444
0.480013,448
0.519987,442
0.6,450
0.680013,477
0.719987,519
0.8,535
0.880013,540
0.919987,535
1,544
1.08001,539
1.11999,543
1.2,552
1.30404,545
1.32103,512
1.4,542
1.48001,504
1.54004,514
1.6,513
1.68001,512
1.71999,513
1.8,513
1.88001,515
1.91999,508
2,524
2.08001,523
2.11999,511
2.2,518
2.28001,520
2.31999,520
2.4,523
2.48001,547
2.51999,542
2.6,547
2.68001,529
2.71999,534
2.8,537
2.88001,483
2.964,456
3,465
3.08001,457
3.11999,488
3.2,477
3.28001,483
3.31999,516
3.4,642
3.48001,667
3.51999,633
3.6,604
3.68001,575
3.71999,637
3.8,602
3.88001,536
3.91999,506
4,503
4.08001,493
4.11999,487
4.2,484
4.28001,476
4.31999,474
4.4,477
4.48001,479
4.51999,541
4.64401,513
4.68001,489
4.71999,496
4.8,496
4.88001,482
4.91999,491
5,561
5.08001,696
5.11999,1049
5.2,1289
5.28001,1324
5.31999,1385
5.4,1403
5.48001,1445
5.51999,1481
5.6,1531
5.68001,1539
5.71999,1551
5.8,1593
5.88001,1620
5.91999,1630
6,1652
6.08001,1653
6.11999,1653
6.21999,1967
6.32298,1942
6.34004,1863
6.4,1891
6.48001,1877
6.51999,1789
6.6,1745
6.68001,1757
6.71999,1710
6.8,1714
6.88001,1715
6.91999,1723
7,1706
7.08001,1677
7.11999,1662
7.2,1672
7.28001,1660
7.31999,1657
7.4,1620
7.48001,1612
7.51999,1608
7.6,1583
7.68001,1582
7.71999,1574
7.8,1546
7.88001,1852
7.92298,1842
8,1679
8.08001,1649
8.11999,1636
8.2,1611
8.28001,1569
8.31999,1573
8.4,1563
8.48001,1535
8.51999,1539
8.6,1512
8.68001,1512
8.71999,1497
8.8,1509
8.88001,1497
8.91999,1494
9,1489
9.08001,1482
9.11999,1459
9.2,1432
9.28001,1433
9.31999,1395
9.4,1362
9.48001,1335
9.51999,1358
9.64303,1341
9.68001,1311
9.71999,1326
9.8,1313
9.88001,1306
9.91999,1215
10,1182
10.08,1165
10.12,1154
10.2,1151
10.28,1150
10.32,1118
10.4,1099
10.48,1017
10.52,1005
10.6,975
10.68,957
10.72,920
10.8,917
10.88,903
10.92,925
11,943
11.08,936
11.12,956
11.2,1132
11.323,1117
11.34,1072
11.4,1093
11.48,1094
11.52,1047
11.6,1046
11.68,1050
11.72,1015
11.8,978
11.88,972
11.92,980
12,989
12.08,950
12.12,942
12.2,945
12.28,940
12.32,952
12.4,967
12.48,986
12.52,1003
12.6,1001
12.68,1025
12.72,1043
12.8,1056
12.88,909
12.963,871
13,869
13.08,878
13.12,878
13.2,881
13.28,910
13.32,914
13.4,918
13.48,913
13.52,910
13.6,928
13.68,922
13.72,924
13.8,875
13.88,877
13.92,876
14,875
14.08,860
14.12,813
14.2,791
14.28,797
14.32,831
14.4,844
14.48,844
14.52,779
14.643,806
14.68,821
14.72,833
14.8,811
14.88,840
14.92,853
15,825
15.08,839
15.12,834
15.2,834
15.28,834
15.32,831
15.4,837
15.48,843
15.52,848
15.6,853
15.68,857
15.72,868
15.8,874
15.88,881
15.92,876
16,883
16.08,881
16.12,881
16.2,1055
16.323,1047
16.34,958
16.4,939
16.48,924
16.52,909
16.6,900
16.68,918
16.72,924
16.8,944
16.88,937
16.92,908
17,940
17.08,919
17.12,921
17.2,929
17.28,944
17.32,957
17.4,936
17.48,994
17.52,947
17.6,963
17.68,968
17.72,981
17.8,990
17.88,970
17.964,898
18.02,906
18.08,912
18.12,895
18.2,974
18.28,1080
18.32,1226
18.4,1408
18.48,1532
18.52,1628
18.6,1718
18.68,1712
18.72,1752
18.8,1804
18.88,1739
18.92,1516
19,1322
19.08,1245
19.12,1061
19.2,989
19.28,952
19.32,908
19.4,908
19.48,924
19.52,1104
19.643,1111
19.68,1105
19.72,1112
19.8,1173
19.88,1112
19.92,1123
20,1125
20.08,1102
20.12,1094
20.2,1112
20.28,1101
20.32,1109
20.4,1119
20.48,1126
20.52,1107
20.6,1140
20.68,1144
20.721,1134
20.8,1136
20.88,1117
20.92,1145
21,1158
21.08,1162
21.12,1172
21.2,1251
21.323,1224
21.34,1263
21.4,1322
21.48,1284
21.52,1250
21.62,1304
21.68,1294
21.72,1298
21.8,1258
21.88,1246
21.92,1179
22,1212
22.08,1243
22.12,1252
22.2,1254
22.28,1260
22.32,1253
22.4,1264
22.48,1258
22.52,1251
22.6,1259
22.68,1262
22.72,1262
22.8,1261
22.88,1290
22.963,1291
23,1265
23.08,1253
23.12,1264
23.2,1290
23.28,1304
23.32,1315
23.4,1332
23.48,1283
23.52,1262
23.6,1178
23.68,1188
23.72,1187
23.8,1188
23.88,1213
23.92,1201
24,1182
24.08,1186
24.12,1192
24.2,1194
24.28,1180
24.32,1195
24.4,1189
24.48,1189
24.52,1234
24.643,1269
24.68,1207
24.71,1198
24.79,1222
24.87,1238
24.91,1229
24.99,1207
25.07,1193
25.11,1229
25.19,1216
25.27,1216
25.33,1354
25.39,1536
25.47,1623
25.51,1910
25.59,1940
25.67,1976
25.71,2084
25.8,2115
25.88,2180
25.92,2215
26,2245
26.08,2291
26.12,2325
26.2,2585
26.304,2599
26.321,2625
26.4,2657
26.48,2688
26.52,2761
26.6,2831
26.68,2852
26.72,2954
26.8,3014
26.88,3037
26.92,3114
27,3228
27.08,3262
27.12,3362
27.2,3530
27.28,3591
27.32,3629
27.4,3711
27.48,3777
27.52,3847
27.6,4002
27.68,4047
27.72,4161
27.8,4245
27.88,4967
27.963,5012
28.02,4954
28.08,4844
28.12,5042
28.2,5168
28.28,5195
28.32,5179
28.4,5306
28.48,5394
28.52,5447
28.6,5553
28.68,5678
28.71,5660
28.79,5638
28.87,5748
28.91,5623
28.99,5732
29.07,5747
29.11,5743
29.19,5819
29.27,5929
29.31,5957
29.39,6059
29.47,6111
29.51,6396
29.613,6399
29.67,6327
29.71,6474
29.79,6383
29.87,6266
29.91,6095
29.99,6184
30.07,6173
30.11,6128
30.19,6177
30.27,6194
30.31,6317
30.39,6237
30.47,6258
30.51,6303
30.59,6448
30.67,6456
30.71,6379
30.8,6378
30.88,6445
30.92,6456
31,6481
31.08,6502
31.12,6553
31.2,6022
31.283,6070
31.32,6080
31.4,6247
31.48,6239
31.52,6246
31.6,6314
31.68,6343
31.72,6401
31.8,6365
31.88,6401
31.92,6542
32,6535
32.08,6652
32.12,6719
32.2,6777
32.28,6837
32.32,6834
32.4,6968
32.48,6942
32.52,6979
32.6,6942
32.68,6923
32.709,6952
32.79,6937
32.87,6421
32.934,6536
32.99,6516
33.07,6538
33.11,6670
33.19,6722
33.27,6761
33.31,6854
33.41,7070
33.47,7215
33.51,7340
33.59,7587
33.67,7689
33.71,7868
33.79,8033
33.87,8121
33.91,8237
33.99,8381
34.07,8428
34.11,8470
34.19,8600
34.27,8606
34.31,8672
34.39,8754
34.47,8781
34.51,7877
34.634,7960
34.67,8036
34.71,8081
34.8,8067
34.88,8081
34.92,8108
35,8137
35.08,8177
35.12,8237
35.2,8290
35.28,8394
35.32,8621
35.4,8781
35.48,8859
35.52,9033
35.6,9077
35.68,9087
35.71,9178
35.79,9273
35.87,9307
35.91,9381
35.99,9342
36.07,9363
36.11,9357
36.19,8986
36.295,9047
36.312,9123
36.39,9161
36.47,9250
36.51,9271
36.59,9318
36.67,9243
36.71,9209
36.79,9270
36.87,9274
36.91,9330
36.99,9382
37.07,9426
37.11,9432
37.19,9455
37.27,9467
37.31,9463
37.39,9318
37.47,9368
37.51,9318
37.59,9317
37.67,9340
37.714,9378
37.79,9416
37.87,9061
37.954,9032
38.01,9087
38.07,9104
38.11,9092
38.19,9141
38.27,9178
38.31,9224
38.39,9201
38.47,9225
38.51,9229
38.59,9285
38.67,9340
38.71,9386
38.8,9398
38.88,9473
38.92,9498
39,9563
39.08,9596
39.12,9642
39.2,9662
39.28,9655
39.32,9685
39.4,9688
39.48,9671
39.52,9010
39.644,8978
39.68,8997
39.72,9014
39.8,8983
39.88,8990
39.92,8996
40,8968
40.08,8945
40.12,8934
40.2,8931
40.28,8930
40.32,8924
40.4,8919
40.48,8917
40.52,8899
40.6,8873
40.68,8859
40.709,8860
40.79,8846
40.87,8824
40.91,8821
40.99,8802
41.07,8799
41.11,8802
41.19,8216
41.315,8240
41.332,8253
41.39,8296
41.47,8329
41.51,8379
41.59,8390
41.67,8406
41.71,8406
41.79,8378
41.87,8373
41.91,8368
41.99,8335
42.07,8305
42.11,8296
42.19,8244
42.27,8241
42.31,8230
42.39,8253
42.47,8203
42.51,8173
42.59,8100
42.67,8060
42.71,7995
42.8,7955
42.88,7514
42.964,7551
43.02,7597
43.08,7611
43.12,7619
43.2,7618
43.28,7600
43.32,7655
43.4,7666
43.48,7699
43.52,7695
43.6,7715
43.68,7713
43.72,7732
43.8,7785
43.88,7804
43.92,7792
44,7798
44.08,7818
44.12,7878
44.2,7893
44.28,7897
44.32,7915
44.4,7927
44.48,7966
44.52,7691
44.644,7743
44.68,7767
44.708,7756
44.79,7760
44.87,7806
44.91,7847
44.99,7863
45.07,7863
45.11,7868
45.19,7887
45.27,7920
45.31,7935
45.39,7951
45.47,7959
45.51,7978
45.59,7980
45.67,7985
45.71,8032
45.79,8069
45.87,8105
45.91,8111
45.99,8128
46.07,8136
46.11,8183
46.19,7872
46.315,7908
46.332,7915
46.39,7945
46.47,7988
46.51,8018
46.59,8041
46.67,8021
46.71,8014
46.8,8001
46.88,8007
46.92,7998
47,7992
47.08,8002
47.12,7969
47.2,7986
47.28,7974
47.32,7950
47.4,7927
47.48,7943
47.52,7949
47.6,7912
47.68,7923
47.72,7962
47.8,7997
47.88,7525
47.964,7561
48,7613
48.08,7630
48.12,7688
48.2,7724
48.28,7710
48.32,7737
48.4,7749
48.48,7753
48.52,7771
48.6,7770
48.68,7757
48.708,7740
48.8,7718
48.88,7718
48.92,7690
49,7670
49.08,7647
49.12,7600
49.2,7573
49.28,7560
49.32,7536
49.4,7507
49.48,7508
49.52,7144
49.646,7148
49.68,7187
49.72,7160
49.8,7162
49.88,7159
49.92,7156
50,7148
50.08,7137
50.12,7155
50.2,7159
50.28,7156
50.32,7169
50.4,7182
50.48,7177
50.52,7203
50.6,7166
50.68,7137
50.72,7131
50.8,7128
50.88,7118
50.92,7124
51,7081
51.08,7025
51.12,6976
51.2,6517
51.326,6527
51.343,6560
51.4,6569
51.48,6576
51.52,6587
51.6,6598
51.68,6589
51.72,6620
51.8,6655
51.88,6660
51.92,6670
52,6668
52.08,6650
52.12,6635
52.2,6596
52.28,6610
52.32,6584
52.4,6586
52.48,6564
52.52,6569
52.6,6581
52.68,6597
52.708,6599
52.8,6595
52.88,6577
52.966,6613
53.02,6649
53.08,6633
53.12,6640
53.2,6642
53.28,6689
53.32,6732
53.4,6741
53.48,6792
53.52,6816
53.6,6825
53.68,6833
53.72,6864
53.8,6891
53.88,6873
53.92,6868
54,6867
54.08,6850
54.12,6835
54.2,6798
54.28,6756
54.32,6717
54.4,6684
54.48,6692
54.52,6162
54.646,6213
54.68,6240
54.72,6185
54.79,6149
54.87,6140
54.91,6096
54.99,6063
55.07,6088
55.11,6087
55.19,6111
55.27,6104
55.31,6119
55.39,6125
55.47,6139
55.51,6154
55.59,6151
55.67,6171
55.71,6182
55.79,6159
55.87,6170
55.91,6181
55.99,6188
56.07,6198
56.11,6199
56.19,5953
56.316,5978
56.333,5978
56.39,6008
56.47,6027
56.51,6074
56.59,6107
56.67,6093
56.71,6110
56.79,6116
56.87,6114
56.91,6104
56.99,6125
57.07,6106
57.11,6117
57.19,6125
57.27,6140
57.31,6144
57.39,6160
57.47,6174
57.51,6194
57.59,6196
57.67,6222
57.712,6226
57.79,6231
57.87,6103
57.955,6101
58.01,6068
58.07,6114
58.11,6117
58.19,6138
58.27,6143
58.31,6154
58.39,6196
58.47,6231
58.51,6116
59.636,6118
58.6165,6129
59.71,6151
58.7365,6146
58.8165,6154
58.8565,6126
58.9365,6124
59.0165,6113
59.0565,6130
59.1365,6123
59.2165,6164
59.2565,6157
59.3365,6147
59.4165,6142
59.4565,6111
59.5365,6086
59.6165,6077
59.6565,6090
59.7365,6081
59.8165,6104
59.8565,6122
59.9365,6142
60.0165,6156
60.0565,6155
60.1365,5996
60.2625,6020
60.2965,6014
60.3365,6026
60.4165,6044
60.4565,6055
60.5365,6061
60.6165,6064
60.6565,6094
60.7365,6116
60.8165,6126
60.8565,6123
60.9365,6120
61.0165,6141
61.0565,6147
61.1365,6154
61.2165,6153
61.2565,6163
61.3365,6151
61.4165,6169
61.4565,6183
61.5365,6173
61.6165,6183
61.6565,6187
61.7365,6192
61.8165,6020
61.9025,6026
61.9365,6050
62.0165,6053
62.0565,6059
62.1365,6095
62.2165,6089
62.2565,6105
62.3365,6116
62.4165,6132
62.4565,6146
62.5365,6150
62.6165,6145
62.6565,6147
62.7365,6156
62.8165,6164
62.8565,6165
62.9365,6168
63.0165,6195
63.0565,6198
63.1365,6185
63.2165,6188
63.2565,6197
63.3365,6197
63.4165,6187
63.4565,6096
63.5825,6121
63.6365,6135
63.6585,6179
63.7365,6267
63.8165,6320
63.8765,6387
63.9365,6448
64.0165,6480
64.0565,6532
64.1365,6590
64.2165,6607
64.2565,6629
64.3365,6646
64.4165,6651
64.4565,6664
64.5365,6674
64.6165,6665
64.6565,6667
64.7365,6663
64.8165,6661
64.8565,6662
64.9365,6669
65.0165,6669
65.0565,6668
65.1365,6480
65.2625,6488
65.2795,6499
65.3365,6515
65.4165,6518
65.4565,6526
65.5365,6541
65.6165,6538
65.6565,6557
65.7365,6559
65.8165,6551
65.8565,6583
65.9375,6582
66.0165,6582
66.0565,6587
66.1365,6592
66.2165,6603
66.2565,6608
66.3365,6617
66.4165,6617
66.4565,6626
66.5365,6593
66.6165,6582
66.6565,6589
66.7365,6584
66.8165,6475
66.9025,6514
66.9365,6536
67.0165,6545
67.0565,6558
67.1365,6569
67.2165,6466
68.5815,6471
67.3239,6488
68.6565,6493
67.444,6508
67.5239,6522
67.564,6522
67.644,6511
67.7239,6533
67.764,6556
67.844,6559
67.9239,6567
67.984,6562
68.044,6575
68.1239,6564
68.164,6570
68.244,6575
68.3239,6585
68.364,6593
68.444,6611
68.5239,6612
68.564,6617
68.644,6615
68.7239,6627
68.764,6626
68.844,6439
68.97,6451
68.987,6455
69.044,6446
69.1239,6465
69.164,6487
69.244,6541
69.3239,6543
69.364,6539
69.444,6581
69.5239,6576
69.564,6589
69.644,6580
69.7239,6604
69.764,6640
69.844,6632
69.9239,6649
69.964,6681
70.044,6697
70.1239,6716
70.164,6730
70.244,6736
70.3239,6737
70.364,6739
70.4539,6727
70.534,6458
70.6209,6486
70.6539,6523
70.734,6540
70.7739,6576
70.8539,6599
70.934,6625
70.9739,6620
71.054,6628
71.134,6623
71.1739,6637
71.254,6670
71.334,6672
71.3739,6671
71.4539,6698
71.534,6707
71.5739,6701
71.6539,6704
71.734,6714
71.7739,6716
71.8539,6718
71.934,6720
71.9739,6719
72.054,6718
72.134,6708
72.1739,6589
72.301,6605
72.334,6608
72.3739,6639
72.4539,6654
72.534,6674
72.5739,6683
72.6539,6685
72.734,6693
72.7739,6716
72.8539,6722
72.934,6716
72.9739,6716
73.054,6715
73.134,6720
73.1739,6717
73.254,6718
73.334,6728
73.3739,6732
73.4539,6732
73.534,6730
73.5739,6733
73.6539,6740
73.734,6739
73.7739,6732
73.8539,6525
73.981,6515
73.998,6510
74.054,6549
74.134,6584
74.1739,6593
74.254,6604
74.334,6605
74.361,6619
74.4539,6622
74.534,6619
74.5739,6634
74.6739,6641
74.734,6645
74.7739,6648
74.8539,6649
74.934,6652
74.9739,6643
75.054,6651
75.134,6655
75.1739,6654
75.254,6661
75.334,6665
75.3739,6666
75.4539,6657
75.534,6543
75.6209,6569
75.6539,6588
75.734,6608
75.7739,6607
75.8539,6605
75.934,6615
75.9739,6617
76.054,6632
76.134,6643
76.1739,6651
76.254,6685
76.334,6685
76.359,6689
76.4539,6693
76.534,6698
76.5739,6705
76.6539,6703
76.734,6716
76.7739,6741
76.8539,6748
76.934,6753
76.9739,6752
77.054,6819
77.134,6872
77.1739,6981
77.301,7152
77.356,7261
77.3739,7498
77.4539,7534
77.534,7414
77.5739,7227
77.6539,7243
77.734,7169
77.794,7111
77.8539,7162
77.934,7226
77.9739,7173
78.054,7105
78.134,7042
78.1739,6972
78.254,6912
78.334,6889
78.364,6803
78.444,6723
78.5239,6710
78.564,6720
78.644,6727
78.7239,6728
78.764,6725
78.844,6627
78.97,6635
78.987,6628
79.044,6648
79.1239,6641
79.164,6643
79.244,6656
79.3239,6670
79.3679,6683
79.444,6706
79.5239,6714
79.564,6729
79.645,6743
79.7239,6743
79.764,6738
79.844,6741
79.9239,6753
79.964,6749
80.044,6749
80.1239,6759
80.164,6770
80.244,6777
80.3239,6771
80.364,6792
80.444,6792
80.5239,6463
80.609,6472
80.644,6486
80.7239,6490
80.764,6511
80.844,6525
80.9239,6522
80.964,6525
81.044,6531
81.1239,6540
81.164,6573
81.244,6563
81.3239,6587
81.364,6600
81.444,6609
81.5239,6619
81.564,6657
81.644,6681
81.7239,6740
81.764,6795
81.844,6778
81.9239,6750
81.964,6695
82.044,6657
82.1239,6658
82.164,6662
82.25,6706
82.3239,6779
82.3679,6845
82.444,6876
82.5239,7003
82.564,7158
82.644,7234
82.7239,7257
82.764,7222
82.844,7136
82.9239,7025
82.964,6782
83.044,6622
83.1239,6603
83.164,6497
83.244,6472
83.3239,6452
83.364,6452
83.444,6404
83.5239,6384
83.564,6364
83.644,6347
83.7239,6347
83.764,6342
83.844,6217
83.97,6237
83.987,6282
84.044,6304
84.1239,6299
84.164,6314
84.244,6341
84.3239,6351
84.364,6387
84.444,6373
84.5239,6385
84.564,6408
84.644,6379
84.7239,6366
84.764,6349
84.844,6332
84.9239,6330
84.964,6345
85.044,6365
85.1239,6391
85.164,6311
85.244,6280
85.3239,6273
85.364,6266
85.444,6260
85.5239,6146
85.609,6201
85.644,6288
85.7239,6280
85.764,6289
85.844,6322
85.9239,6338
85.964,6389
86.044,6482
86.1239,6551
86.164,6679
86.244,6886
86.3239,6965
86.364,7120
86.4539,7264
86.534,7322
86.5739,7337
86.6539,7347
86.734,7351
86.7739,7335
86.8539,7309
86.934,7310
86.9739,7350
87.054,7465
87.134,7491
87.1739,7361
87.301,7353
87.334,7302
87.3569,7213
87.4539,7057
87.534,7003
87.5739,6896
87.6539,6797
87.734,6772
87.7739,6776
87.8539,6766
87.934,6766
87.9739,6760
88.054,6781
88.134,6786
88.1739,6778
88.2539,6794
88.334,6805
88.358,6808
88.4539,6812
88.534,6811
88.5739,6820
88.6539,6832
88.734,6861
88.7739,6864
88.8539,6703
88.98,6725
88.997,6784
89.054,6837
89.134,6841
89.1739,6906
89.2539,6916
89.334,6935
89.3569,6991
89.4539,7033
89.534,7061
89.5739,7055
89.6539,7072
89.734,7132
89.7739,7118
89.8539,7161
89.934,7162
89.9739,7236
90.054,7247
90.134,7295
90.1739,7375
90.2539,7431
90.334,7421
90.361,7431
90.4539,7401
90.534,7233
90.62,7258
90.6539,7271
90.734,7267
90.7739,7284
90.8539,7266
90.934,7264
90.9739,7229
91.054,7230
91.134,7279
91.1739,7296
91.2539,7248
91.3349,7246
91.358,7190
91.444,7203
91.5239,7187
91.564,7166
91.644,7089
91.7239,7055
91.764,6977
91.844,6869
91.9239,6838
91.964,6704
92.044,6595
92.1239,6573
92.164,6249
92.289,6185
92.3239,6138
92.364,6088
92.444,6041
92.5239,6049
92.564,5985
92.644,5912
92.7239,5881
92.764,5837
92.844,5858
92.9239,5868
92.964,5866
93.044,5806
93.1239,5792
93.164,5725
93.244,5703
93.3239,5689
93.365,5671
93.444,5678
93.5239,5684
93.564,5698
93.644,5709
93.7239,5700
93.764,5709
93.844,5634
93.95,5633
93.967,5640
94.044,5645
94.1239,5649
94.164,5680
94.244,5688
94.3239,5726
94.364,5812
94.444,5895
94.5239,5915
94.564,5947
94.644,5943
94.7239,5937
94.764,5877
94.844,5909
94.9239,5903
94.964,5959
95.044,6061
95.1239,6130
95.164,6199
95.244,6325
95.3239,6370
95.364,6410
95.444,6499
95.5239,6292
95.609,6434
95.644,6595
95.7239,6669
95.764,6847
95.844,7039
95.9239,7143
95.964,7473
96.044,7606
96.1239,7694
96.164,7749
96.244,7758
96.3239,7742
96.364,7771
96.444,7752
96.5239,7763
96.564,7726
96.644,7730
96.7239,7846
96.764,7838
96.844,7817
96.9239,7826
96.964,7854
97.044,7881
97.1239,7877
97.164,7674
97.289,7652
97.3239,7578
97.364,7467
97.444,7356
97.5239,7414
97.564,7290
97.644,7265
97.7239,7214
97.764,7090
97.844,7116
97.9239,7008
97.964,6897
98.044,6700
98.1239,6618
98.164,6417
98.244,6223
98.3239,6105
98.364,5980
98.444,5751
98.5239,5728
98.564,5707
98.644,5755
98.7239,5777
98.764,5870
98.844,5606
98.969,5659
98.986,5703
99.044,5874
99.1239,5970
99.164,5969
99.244,5914
99.3239,5812
99.3659,5653
99.444,5609
99.5239,5617
99.564,5596
99.644,5613
99.7239,5592
99.764,5686
99.844,5808
99.9239,5918
99.964,5998
100.044,5990
100.124,6038
100.164,6273
100.244,6504
100.324,6591
100.364,6519
100.444,6519
100.524,6344
100.608,6374
100.644,6400
100.724,6420
100.764,6344
100.844,6446
100.924,6534
100.964,6586
101.044,6745
101.124,6874
101.164,6991
101.244,7191
101.324,7166
101.364,7323
101.444,7428
101.524,7478
101.564,7569
101.644,7729
101.724,7779
101.764,7938
101.844,8004
101.924,8071
101.964,8128
102.044,8092
102.124,8143
102.164,7957
102.288,8055
102.324,8138
102.367,8024
102.444,8055
102.524,8089
102.564,8008
102.644,7855
102.724,7838
102.764,7824
102.844,7819
102.924,7761
102.964,7688
103.044,7548
103.124,7608
103.164,7529
103.244,7580
103.324,7569
103.364,7582
103.444,7738
103.524,7769
103.564,7932
103.644,8071
103.724,8224
103.764,8412
103.844,8442
103.948,8625
103.965,8881
104.064,8947
104.124,9010
104.164,9136
104.244,9332
104.324,9398
104.364,9411
104.444,9563
104.524,9773
104.564,9990
104.644,10188
104.724,10331
104.764,10581
104.844,10767
104.924,10871
104.964,10956
105.044,11068
105.124,11054
105.164,11080
105.244,10940
105.324,10905
105.364,10653
105.444,10503
105.524,10299
105.587,10262
105.644,10254
105.724,10355
105.764,10332
105.844,10434
105.924,10554
105.964,10804
106.044,11070
106.124,11163
106.164,11402
106.244,11656
106.324,11783
106.364,12228
106.444,12658
106.524,12906
106.564,13275
106.644,13817
106.724,14080
106.764,14647
106.844,15213
106.924,15506
106.964,16009
107.044,16567
107.124,16670
107.164,16845
107.268,17038
107.344,17087
107.364,17190
107.444,17240
107.524,17471
107.564,17654
107.644,17885
107.724,17867
107.764,17833
107.844,17713
107.924,17863
107.964,17878
108.044,18111
108.124,18217
108.164,18423
108.244,18739
108.324,18920
108.364,18991
108.455,19008
108.535,19169
108.554,19249
108.635,19374
108.714,19342
108.754,19441
108.835,19554
108.939,19607
108.956,19594
109.034,19807
109.114,19859
109.154,19943
109.235,20151
109.314,20369
109.357,20686
109.434,20817
109.515,20922
109.554,20967
109.635,20717
109.714,20842
109.754,20234
109.834,19303
109.915,18762
109.955,18053
110.034,17272
110.114,16925
110.154,16415
110.235,15802
110.314,15664
110.357,15346
110.434,15157
110.515,15025
110.579,14519
110.635,14088
110.714,13799
110.754,13328
110.834,12852
110.914,12866
110.955,12824
111.034,12652
111.114,12536
111.154,12458
111.235,12588
111.314,12643
111.357,12553
111.434,12620
111.515,12874
111.554,13072
111.635,13351
111.714,13601
111.754,13874
111.834,14106
111.914,14229
111.955,14441
112.034,14659
112.114,14917
112.154,15436
112.278,15844
112.314,15899
112.357,16263
112.434,16680
112.515,16884
112.554,17447
112.635,17965
112.714,18220
112.754,18613
112.834,18794
112.914,18904
112.955,18990
113.034,19326
113.114,19365
113.154,19550
113.235,20065
113.314,20351
113.357,21010
113.434,21875
113.515,22340
113.554,22861
113.635,23177
113.714,23187
113.754,23473
113.834,24015
113.939,23890
113.974,23791
114.034,23462
114.114,23262
114.154,23225
114.234,23384
114.314,23502
114.357,23308
114.434,23194
114.514,23372
114.554,23546
114.634,23613
114.714,23686
114.754,23697
114.834,23975
114.914,24113
114.954,23882
115.034,23352
115.114,23130
115.154,22659
115.235,22078
115.335,21757
115.357,21099
115.454,20427
115.514,20558
115.558,19936
115.634,19362
115.714,19149
115.754,18754
115.834,18153
115.914,17752
115.974,17049
116.034,16275
116.114,16001
116.154,15178
116.235,14689
116.314,14564
116.357,14191
116.434,13781
116.514,13543
116.554,13012
116.634,12358
116.714,12014
116.754,11336
116.834,10443
116.914,10114
116.954,9187
117.034,8176
117.114,7811
117.154,7024
117.278,6283
117.314,5892
117.357,5518
117.434,5196
117.514,5245
117.554,5217
117.634,5248
117.714,5480
117.754,5846
117.834,6225
117.914,6220
117.955,6255
118.034,6129
118.114,6198
118.154,6092
118.234,5868
118.314,5824
118.357,5781
118.434,5619
118.514,5664
118.554,5823
118.634,5792
118.714,5815
118.754,5744
118.834,5386
118.939,5506
118.974,5511
119.034,5597
119.114,5679
119.154,5669
119.234,5780
119.314,5986
119.357,5947
119.434,6411
119.514,6667
119.554,7174
119.635,7978
119.714,8188
119.754,8243
119.834,8113
119.914,8164
119.955,7975
120.034,7925
120.114,7875
120.154,7666
120.234,7464
120.314,7298
120.357,6831
120.434,6394
120.514,6228
120.598,6033
120.634,5815
120.714,5757
120.754,5602
120.834,5454
120.914,5374
120.954,5187
121.034,5084
121.114,4970
121.154,4880
121.234,4843
121.314,4860
121.357,4742
121.434,4673
121.514,4674
121.554,4669
121.634,4641
121.714,4592
121.754,4556
121.834,4554
121.914,4457
121.954,4473
122.034,4409
122.114,4468
122.154,4529
122.238,4593
122.314,4595
122.357,4779
122.434,4805
122.514,4769
122.554,4656
122.634,4457
122.714,4344
122.754,4062
122.834,3566
122.914,3418
122.954,3289
123.034,2966
123.114,2810
123.154,2156
123.234,1438
123.314,1242
123.354,1589
123.434,2511
123.514,2981
123.554,4032
123.634,4242
123.714,4130
123.754,4117
123.834,4341
123.979,4429
123.996,4508
124.034,4604
124.114,4655
124.154,4739
124.234,4784
124.314,4754
124.357,4779
124.434,4805
124.514,4810
124.554,4776
124.634,4756
124.714,4709
124.754,4702
124.834,4639
124.914,4644
124.954,4628
125.034,4646
125.114,4683
125.154,4693
125.235,4837
125.314,5129
125.357,5625
125.434,6349
125.515,6941
125.598,7663
125.655,8660
125.714,8969
125.754,9654
125.854,10307
125.914,10779
125.954,11416
126.034,12185
126.114,12701
126.154,13187
126.234,13429
126.314,14071
126.357,14610
126.434,15004
126.514,15263
126.554,15634
126.634,16127
126.714,16477
126.754,17532
126.834,18290
126.914,18922
126.954,20275
127.034,20991
127.114,20657
127.154,20603
127.238,19789
127.314,19366
127.357,19136
127.434,18422
127.514,18244
127.554,17165
127.634,16515
127.714,16247
127.754,15442
127.834,14924
127.914,14664
127.954,14059
128.034,13735
128.114,13388
128.154,12248
128.234,11113
128.314,10359
128.357,8972
128.434,7641
128.514,7157
128.554,5892
128.634,4922
128.714,4636
128.754,3880
128.834,3219
128.918,2501
128.954,1769
129.034,1902
129.114,1759
129.154,1254
129.234,985
129.314,1001
129.357,943
129.434,979
129.514,953
129.554,1007
129.635,907
129.714,815
129.754,707
129.834,701
129.914,766
129.954,583
130.034,389
130.114,384
130.154,396
130.234,404
130.314,419
130.357,426
130.434,381
130.514,345
130.598,320
130.635,372
130.714,363
130.754,302
130.834,210
130.914,146
130.954,129
131.034,104
131.114,102
131.154,115
131.234,114
131.314,121
131.357,113
131.434,127
131.514,107
131.554,59
131.634,0
131.714,35
131.754,85
131.834,113
131.914,119
131.954,141
132.034,137
132.114,178
132.154,412
132.278,421
132.314,425
132.357,415
132.434,441
132.514,441
132.554,495
132.634,504
132.714,480
132.754,436
132.834,407
132.914,426
132.955,456
133.034,472
133.114,512
133.154,2290
133.234,4320
133.314,5459
133.357,7792
133.434,10434
133.514,11748
133.554,14467
133.634,17160
133.714,18498
133.754,20903
133.835,23769
133.958,24738
133.975,26881
134.035,28825
134.134,29333
134.154,31363
134.234,33613
134.314,34354
134.357,36050
134.434,36455
134.514,36415
134.554,36944
134.634,36917
134.714,36957
134.754,36802
134.834,36225
134.914,35917
134.954,35265
135.034,34583
135.114,34127
135.154,31687
135.234,29541
135.314,28604
135.359,26333
135.434,23987
135.514,22838
135.558,20085
135.634,18056
135.714,17349
135.754,16106
135.834,15424
135.914,14965
135.954,13309
136.034,11306
136.114,10872
136.154,9291
136.234,7588
136.314,6639
136.357,4784
136.434,3062
136.514,2228
136.554,1869
136.634,1547
136.714,1149
136.754,619
136.834,569
136.914,665
136.954,728
137.034,626
137.114,495
137.154,658
137.238,514
137.314,395
137.357,321
137.434,304
137.514,340
137.554,222
137.634,136
137.714,119
137.754,109
137.834,101
137.914,99
137.955,98
138.034,75
138.114,82
138.154,79
138.234,108
138.314,98
138.354,132
138.434,142
138.514,151
138.554,176
138.634,164
138.714,170
138.754,130
138.834,228
138.959,261
138.976,339
139.034,333
139.114,357
139.154,355
139.234,359
139.314,497
139.357,464
139.434,461
139.514,476
139.554,469
139.634,496
139.714,531
139.754,765
139.834,1195
139.914,1529
139.954,2254
140.034,2780
140.114,3033
140.154,3677
140.234,4454
140.314,4871
140.357,5633
140.434,6306
140.514,6678
140.598,7337
140.634,8088
140.714,8440
140.754,9008
140.834,9576
140.934,9728
140.954,10146
141.034,10570
141.114,10919
141.154,11839
141.234,13128
141.314,13769
141.354,15201
141.434,16376
141.514,16741
141.554,17286
141.634,17863
141.714,18224
141.754,18894
141.834,19562
141.914,19946
141.954,20729
142.034,21550
142.114,21964
142.154,22871
142.277,23117
142.314,23102
142.357,23106
142.434,23186
142.514,23205
142.554,23500
142.634,23784
142.714,23855
142.754,23790
142.834,23688
142.914,23645
142.954,23381
143.034,23139
143.114,22992
143.154,22587
143.234,22323
143.314,22157
143.357,22085
143.434,21995
143.514,21664
143.554,20956
143.634,20484
143.715,20274
143.754,19764
143.834,19486
143.917,19256
143.954,18896
144.034,18471
144.114,18150
144.154,17391
144.234,16760
144.314,16382
144.357,16203
144.434,15829
144.514,15619
144.554,14835
144.634,13660
144.714,12979
144.754,11592
144.835,10235
144.914,9613
144.954,8203
145.034,7003
145.114,6365
145.154,5143
145.234,4036
145.314,3541
145.357,2570
145.434,1872
145.514,1610
145.598,1108
145.634,641
145.714,453
145.754,196
145.834,138
145.914,137
145.954,144
146.034,154
146.114,163
146.154,171
146.234,184
146.314,193
146.357,197
146.434,204
146.514,195
146.554,192
146.634,210
146.714,207
146.754,215
146.834,246
146.914,246
146.954,257
147.034,264
147.114,283
147.154,889
147.278,872
147.314,857
147.357,834
147.434,833
147.514,818
147.554,824
147.634,839
147.714,844
147.754,838
147.834,873
147.914,859
147.954,829
148.035,843
148.114,838
148.154,844
148.234,842
148.314,866
148.357,867
148.434,869
148.514,854
148.554,859
148.634,861
148.714,864
148.754,864
148.834,712
148.959,674
148.976,685
149.034,700
149.114,711
149.154,773
149.234,787
149.314,779
149.357,751
149.434,747
149.514,748
149.554,748
149.634,764
149.714,741
149.754,758
149.834,761
149.914,756
149.954,770
150.034,770
150.114,798
150.154,764
150.234,816
150.314,785
150.357,895
150.434,881
150.514,816
150.599,795
150.634,773
150.714,863
150.754,1245
150.834,2149
150.914,2714
150.954,3861
151.034,4769
151.114,4808
151.154,5226
151.234,5293
151.314,5332
151.357,5493
151.434,5471
151.514,5469
151.554,5451
151.634,5527
151.714,5597
151.754,5671
151.834,5783
151.914,5792
151.954,5958
152.034,5871
152.114,5953
152.154,6857
152.278,6646
152.314,6714
152.357,6575
152.434,6544
152.514,6549
152.554,6607
152.634,6561
152.714,6461
152.754,6222
152.834,6016
152.914,5930
152.954,6081
153.034,6096
153.114,6061
153.154,5910
153.234,5661
153.314,5499
153.357,5398
153.434,4736
153.514,4404
153.554,3908
153.634,3485
153.714,3220
153.754,2402
153.834,1700
153.958,1626
153.975,1524
154.034,1145
154.114,1140
154.154,1073
154.234,847
154.314,842
154.357,847
154.434,647
154.514,553
154.554,556
154.634,440
154.715,443
154.754,342
154.834,335
154.914,334
154.954,332
155.034,350
155.114,348
155.154,350
155.234,353
155.314,357
155.357,372
155.434,375
155.514,796
155.598,770
155.634,793
155.714,802
155.754,807
155.834,786
155.914,795
155.954,794
156.034,800
156.114,800
156.154,768
156.234,759
156.315,763
156.358,771
156.434,761
156.514,761
156.554,786
156.634,783
156.714,783
156.754,785
156.834,784
156.914,796
156.954,779
157.034,796
157.114,814
157.154,1182
157.278,1195
157.335,1188
157.357,1158
157.434,1166
157.514,1136
157.554,1098
157.634,1106
157.714,1075
157.754,1117
157.834,1086
157.914,1083
157.954,1056
158.034,1053
158.114,1056
158.154,1059
158.234,1054
158.314,1053
158.357,1052
158.434,1051
158.514,1052
158.554,1036
158.634,1031
158.714,1037
158.754,1030
158.834,1318
158.959,1307
158.976,1321
159.034,1267
159.114,1056
159.154,1019
159.234,871
159.314,819
159.357,740
159.454,625
159.534,458
159.554,359
159.634,350
159.714,335
159.754,331
159.834,316
159.914,269
159.954,265
160.034,266
160.114,263
160.154,265
160.234,265
160.314,264
160.357,265
160.434,265
160.514,216
160.579,225
160.634,227
160.714,238
160.754,237
160.834,239
160.914,245
160.954,246
161.034,246
161.114,278
161.154,298
161.234,326
161.314,342
161.357,356
161.434,358
161.514,371
161.554,371
161.634,388
161.714,385
161.754,398
161.834,400
161.914,423
161.954,469
162.034,465
162.114,482
162.154,1175
162.279,1115
162.314,1074
162.357,1102
162.434,1086
162.514,1153
162.554,1177
162.634,1092
162.714,1043
162.754,1027
162.834,1039
162.914,1042
162.954,1041
163.034,1052
163.114,1070
163.154,1056
163.234,1045
163.314,1032
163.357,1047
163.434,1063
163.514,1030
163.554,1034
163.634,1016
163.714,1005
163.754,1022
163.834,1426
163.959,1416
163.994,1336
164.034,1342
164.114,1391
164.154,1292
164.234,1190
164.314,1201
164.357,1154
164.434,1167
164.514,1164
164.554,1162
164.635,1168
164.714,1143
164.754,1148
164.834,1143
164.914,1152
164.954,1149
165.034,1142
165.114,1144
165.154,1152
165.234,1136
165.314,1138
165.357,1156
165.434,1163
165.514,862
165.599,865
165.634,839
165.714,864
165.754,869
165.834,896
165.914,912
165.954,862
166.034,874
166.114,879
166.154,899
166.234,927
166.314,842
166.358,869
166.434,868
166.514,899
166.554,924
166.634,946
166.714,944
166.754,945
166.834,938
166.914,963
166.954,999
167.034,1094
167.114,1144
167.154,1392
167.279,1327
167.314,1525
167.357,1634
167.434,1656
167.534,1690
167.554,1712
167.634,1747
167.714,1745
167.754,1748
167.834,1690
167.914,1640
167.954,1553
168.034,1340
168.114,1262
168.154,1151
168.234,1166
168.314,1168
168.358,1167
168.434,1118
168.514,1161
168.554,1179
168.634,1154
168.714,1148
168.754,1187
168.834,1078
168.94,1101
168.957,1097
169.034,1176
169.114,1135
169.154,1219
169.234,1397
169.314,1451
169.357,1464
169.434,1586
169.514,1664
169.554,1423
169.655,1416
169.714,1549
169.754,1428
169.834,1566
169.914,1599
169.954,1200
170.034,962
170.114,932
170.154,686
170.234,598
170.314,707
170.357,663
170.434,652
170.514,1237
170.599,1224
170.634,1213
170.714,1210
170.754,1213
170.834,1226
170.914,1196
170.954,1216
171.034,1223
171.114,1235
171.154,1196
171.234,1212
171.314,1229
171.357,1237
171.434,1229
171.514,1212
171.554,1214
171.634,1220
171.714,1227
171.754,1248
171.834,1270
171.914,1266
171.954,1289
172.034,1294
172.114,1286
172.154,950
172.279,920
172.334,949
172.357,953
172.434,967
172.514,1022
172.554,1032
172.634,1032
172.714,1020
172.754,1031
172.834,1034
172.914,1038
172.954,1026
173.034,1030
173.114,1068
173.154,1083
173.234,1077
173.314,1095
173.357,1083
173.434,1103
173.514,1109
173.554,1111
173.634,1125
173.714,1128
173.754,1128
173.834,1247
173.96,1192
173.977,1216
174.034,1225
174.114,1261
174.154,1274
174.234,1292
174.314,1292
174.357,1275
174.434,1274
174.514,1277
174.554,1245
174.634,1259
174.714,1747
174.754,3273
174.834,4953
174.914,5647
174.954,6374
175.034,6580
175.114,6630
175.154,6667
175.234,6653
175.314,6658
175.357,6586
175.434,6494
175.514,6284
175.599,6127
175.634,6017
175.714,6004
175.754,5921
175.834,5818
175.914,5721
175.954,5667
176.034,5720
176.114,5787
176.154,5641
176.234,5513
176.314,5381
176.357,5085
176.434,4754
176.514,4562
176.554,4047
176.634,3681
176.714,3421
176.754,3042
176.834,2623
176.914,2475
176.954,2176
177.034,1940
177.114,1759
177.154,1554
177.278,1519
177.314,1546
177.357,1541
177.434,1504
177.514,1535
177.554,1663
177.634,1586
177.714,1642
177.754,1498
177.834,1552
177.914,1714
177.955,1897
178.034,1695
178.114,1628
178.154,1695
178.234,1669
178.314,1560
178.357,1276
178.434,784
178.514,602
178.554,512
178.634,514
178.714,540
178.754,570
178.834,839
178.919,810
178.954,774
179.034,578
179.114,568
179.154,531
179.234,475
179.314,439
179.357,367
179.434,312
179.514,228
179.554,185
179.634,172
179.714,172
179.754,171
179.834