0,0.122744
0,0.129604
0.1,0.137917
0.119987,0.155407
0.2,0.173364
0.280013,0.181413
0.319987,0.188516
0.4,0.19315
0.480013,0.194705
0.519987,0.199187
0.6,0.20248
0.680013,0.203638
0.719987,0.20687
0.8,0.210528
0.880013,0.211738
0.919987,0.213384
1,0.216362
1.08001,0.216606
1.11999,0.218892
1.2,0.224024
1.30404,0.224278
1.32103,0.224715
1.4,0.227998
1.48001,0.227439
1.54004,0.228313
1.6,0.229807
1.68001,0.230508
1.71999,0.232185
1.8,0.233059
1.88001,0.232134
1.91999,0.231463
2,0.230234
2.08001,0.230976
2.11999,0.23185
2.2,0.232856
2.28001,0.232947
2.31999,0.232835
2.4,0.23372
2.48001,0.234797
2.51999,0.235417
2.6,0.23628
2.68001,0.236321
2.71999,0.236961
2.8,0.237927
2.88001,0.242713
2.964,0.242093
3,0.242459
3.08001,0.241352
3.11999,0.241748
3.2,0.241575
3.28001,0.242795
3.31999,0.243679
3.4,0.24438
3.48001,0.245407
3.51999,0.245528
3.6,0.245081
3.68001,0.244858
3.71999,0.245874
3.8,0.245935
3.88001,0.244746
3.91999,0.242581
4,0.244339
4.08001,0.243608
4.11999,0.242307
4.2,0.242327
4.28001,0.241951
4.31999,0.242886
4.4,0.242866
4.48001,0.243201
4.51999,0.246098
4.64401,0.24564
4.68001,0.24561
4.71999,0.246423
4.8,0.248994
4.88001,0.248445
4.91999,0.249533
5,0.250894
5.08001,0.252134
5.11999,0.256646
5.2,0.259156
5.28001,0.258679
5.31999,0.258018
5.4,0.266067
5.48001,0.271575
5.51999,0.28376
5.6,0.295671
5.68001,0.301484
5.71999,0.310498
5.8,0.314726
5.88001,0.316382
5.91999,0.314848
6,0.315783
6.08001,0.31628
6.11999,0.317368
6.21999,0.316382
6.32298,0.316789
6.34004,0.315945
6.4,0.317317
6.48001,0.317561
6.51999,0.317297
6.6,0.31686
6.68001,0.317093
6.71999,0.31751
6.8,0.31689
6.88001,0.317205
6.91999,0.31936
7,0.328852
7.08001,0.333984
7.11999,0.343181
7.2,0.355163
7.28001,0.36002
7.31999,0.368994
7.4,0.373465
7.48001,0.375518
7.51999,0.377266
7.6,0.38063
7.68001,0.381341
7.71999,0.382795
7.8,0.384217
7.88001,0.391778
7.92298,0.392561
8,0.39126
8.08001,0.392835
8.11999,0.39439
8.2,0.394207
8.28001,0.39438
8.31999,0.395803
8.4,0.399157
8.48001,0.401159
8.51999,0.403963
8.6,0.405407
8.68001,0.406402
8.71999,0.406707
8.8,0.409096
8.88001,0.409543
8.91999,0.411331
9,0.412642
9.08001,0.413709
9.11999,0.416463
9.2,0.416209
9.28001,0.417287
9.31999,0.415559
9.4,0.416443
9.48001,0.416067
9.51999,0.407846
9.64303,0.407348
9.68001,0.408831
9.71999,0.408618
9.8,0.408618
9.88001,0.40686
9.91999,0.40749
10,0.406911
10.08,0.407663
10.12,0.408557
10.2,0.408709
10.28,0.40877
10.32,0.407846
10.4,0.409136
10.48,0.407358
10.52,0.406087
10.6,0.405203
10.68,0.404929
10.72,0.403933
10.8,0.402419
10.88,0.402602
10.92,0.40185
11,0.401352
11.08,0.400132
11.12,0.401189
11.2,0.405254
11.323,0.405071
11.34,0.403598
11.4,0.403974
11.48,0.404329
11.52,0.403852
11.6,0.40123
11.68,0.40064
11.72,0.399756
11.8,0.400498
11.88,0.400152
11.92,0.397967
12,0.39627
12.08,0.395589
12.12,0.392978
12.2,0.391138
12.28,0.388425
12.32,0.387063
12.4,0.384787
12.48,0.383089
12.52,0.382419
12.6,0.381524
12.68,0.380437
12.72,0.379238
12.8,0.379197
12.88,0.368486
12.963,0.368943
13,0.368384
13.08,0.367652
13.12,0.368089
13.2,0.369217
13.28,0.369065
13.32,0.368974
13.4,0.368628
13.48,0.368445
13.52,0.368872
13.6,0.36811
13.68,0.366839
13.72,0.367124
13.8,0.366789
13.88,0.366961
13.92,0.366758
14,0.367144
14.08,0.367632
14.12,0.366911
14.2,0.365945
14.28,0.365996
14.32,0.366596
14.4,0.366738
14.48,0.366789
14.52,0.363587
14.643,0.365315
14.68,0.365925
14.72,0.366372
14.8,0.365955
14.88,0.366758
14.92,0.366799
15,0.366098
15.08,0.366463
15.12,0.366819
15.2,0.367652
15.28,0.368394
15.32,0.368191
15.4,0.368974
15.48,0.369431
15.52,0.369594
15.6,0.370498
15.68,0.370874
15.72,0.371047
15.8,0.36935
15.88,0.368425
15.92,0.371677
16,0.376047
16.08,0.376839
16.12,0.378821
16.2,0.378496
16.323,0.379278
16.34,0.377866
16.4,0.377571
16.48,0.375498
16.52,0.374766
16.6,0.373079
16.68,0.373384
16.72,0.373313
16.8,0.373923
16.88,0.374929
16.92,0.375376
17,0.376545
17.08,0.376047
17.12,0.37748
17.2,0.378059
17.28,0.378181
17.32,0.378283
17.4,0.378811
17.48,0.380183
17.52,0.379736
17.6,0.380142
17.68,0.380356
17.72,0.380244
17.8,0.380478
17.88,0.380783
17.964,0.38061
18.02,0.380813
18.08,0.381026
18.12,0.381108
18.2,0.38249
18.28,0.382998
18.32,0.382256
18.4,0.381494
18.48,0.38187
18.52,0.382917
18.6,0.382937
18.68,0.383435
18.72,0.385488
18.8,0.386585
18.88,0.383313
18.92,0.381545
19,0.380061
19.08,0.380295
19.12,0.37877
19.2,0.376738
19.28,0.376128
19.32,0.374644
19.4,0.374451
19.48,0.374055
19.52,0.377744
19.643,0.377978
19.68,0.377825
19.72,0.378089
19.8,0.37873
19.88,0.378567
19.92,0.378791
20,0.37997
20.08,0.378811
20.12,0.379837
20.2,0.380061
20.28,0.379665
20.32,0.379563
20.4,0.379949
20.48,0.380539
20.52,0.379949
20.6,0.380132
20.68,0.379726
20.721,0.380752
20.8,0.381717
20.88,0.381524
20.92,0.3819
21,0.382144
21.08,0.381809
21.12,0.382754
21.2,0.382713
21.323,0.382947
21.34,0.382459
21.4,0.382571
21.48,0.382764
21.52,0.382236
21.62,0.382754
21.68,0.383293
21.72,0.384258
21.8,0.383933
21.88,0.383598
21.92,0.383872
22,0.38377
22.08,0.383933
22.12,0.38501
22.2,0.385518
22.28,0.385335
22.32,0.385335
22.4,0.385874
22.48,0.385539
22.52,0.385132
22.6,0.385152
22.68,0.385691
22.72,0.385274
22.8,0.388415
22.88,0.380102
22.963,0.379045
23,0.378201
23.08,0.37872
23.12,0.378364
23.2,0.378222
23.28,0.377866
23.32,0.37815
23.4,0.378923
23.48,0.379543
23.52,0.379289
23.6,0.378506
23.68,0.378679
23.72,0.378933
23.8,0.379258
23.88,0.37936
23.92,0.379827
24,0.37999
24.08,0.380417
24.12,0.381057
24.2,0.381362
24.28,0.381352
24.32,0.382368
24.4,0.382632
24.48,0.382754
24.52,0.383089
24.643,0.383628
24.68,0.382622
24.71,0.382358
24.79,0.382185
24.87,0.382785
24.91,0.383811
24.99,0.38315
25.07,0.383262
25.11,0.38373
25.19,0.383669
25.27,0.383679
25.33,0.384583
25.39,0.386585
25.47,0.387266
25.51,0.390844
25.59,0.389817
25.67,0.389969
25.71,0.391047
25.8,0.391819
25.88,0.392581
25.92,0.392602
26,0.392632
26.08,0.393506
26.12,0.393262
26.2,0.395965
26.304,0.397022
26.321,0.397398
26.4,0.397835
26.48,0.398222
26.52,0.39873
26.6,0.398902
26.68,0.399065
26.72,0.400356
26.8,0.400864
26.88,0.40003
26.92,0.400752
27,0.402144
27.08,0.402093
27.12,0.403089
27.2,0.40435
27.28,0.405661
27.32,0.406697
27.4,0.407724
27.48,0.408201
27.52,0.409492
27.6,0.411626
27.68,0.410976
27.72,0.412683
27.8,0.413953
27.88,0.423455
27.963,0.425122
28.02,0.42437
28.08,0.423465
28.12,0.425976
28.2,0.427957
28.28,0.428059
28.32,0.428333
28.4,0.429787
28.48,0.429695
28.52,0.430193
28.6,0.432236
28.68,0.433831
28.71,0.433933
28.79,0.434461
28.87,0.435813
28.91,0.434634
28.99,0.434848
29.07,0.434512
29.11,0.434756
29.19,0.435417
29.27,0.436839
29.31,0.438262
29.39,0.439207
29.47,0.439919
29.51,0.437967
29.613,0.439085
29.67,0.438079
29.71,0.440396
29.79,0.440274
29.87,0.437927
29.91,0.437348
29.99,0.438496
30.07,0.43813
30.11,0.437541
30.19,0.438252
30.27,0.437541
30.31,0.438557
30.39,0.437581
30.47,0.438059
30.51,0.438343
30.59,0.439898
30.67,0.440112
30.71,0.439888
30.8,0.439807
30.88,0.440813
30.92,0.440925
31,0.439817
31.08,0.439919
31.12,0.440549
31.2,0.433222
31.283,0.433557
31.32,0.433923
31.4,0.435041
31.48,0.435417
31.52,0.436555
31.6,0.436758
31.68,0.436839
31.72,0.437175
31.8,0.437266
31.88,0.437957
31.92,0.438425
32,0.43813
32.08,0.439949
32.12,0.440783
32.2,0.441311
32.28,0.442195
32.32,0.441646
32.4,0.443262
32.48,0.4431
32.52,0.443354
32.6,0.442988
32.68,0.442957
32.709,0.443445
32.79,0.443303
32.87,0.438455
32.934,0.441463
32.99,0.441453
33.07,0.44128
33.11,0.451646
33.19,0.463669
33.27,0.46938
33.31,0.481809
33.41,0.493557
33.47,0.500905
33.51,0.508791
33.59,0.518496
33.67,0.52502
33.71,0.530894
33.79,0.535925
33.87,0.537632
33.91,0.538852
33.99,0.543364
34.07,0.544695
34.11,0.546565
34.19,0.547266
34.27,0.54753
34.31,0.541433
34.39,0.539482
34.47,0.53936
34.51,0.518587
34.634,0.519329
34.67,0.519959
34.71,0.520986
34.8,0.518841
34.88,0.519339
34.92,0.519756
35,0.52125
35.08,0.521972
35.12,0.524014
35.2,0.524258
35.28,0.525844
35.32,0.528963
35.4,0.531291
35.48,0.53253
35.52,0.534939
35.6,0.536656
35.68,0.536575
35.71,0.537083
35.79,0.5375
35.87,0.537795
35.91,0.540447
35.99,0.541362
36.07,0.54251
36.11,0.545163
36.19,0.539827
36.295,0.54063
36.312,0.542866
36.39,0.545589
36.47,0.547256
36.51,0.549512
36.59,0.549929
36.67,0.549289
36.71,0.549644
36.79,0.548943
36.87,0.548567
36.91,0.549654
36.99,0.551291
37.07,0.55188
37.11,0.552154
37.19,0.551646
37.27,0.552033
37.31,0.552073
37.39,0.550559
37.47,0.549522
37.51,0.548059
37.59,0.547378
37.67,0.547724
37.714,0.553425
37.79,0.559228
37.87,0.557876
37.954,0.561707
38.01,0.566941
38.07,0.571047
38.11,0.576463
38.19,0.58314
38.27,0.58748
38.31,0.594594
38.39,0.600854
38.47,0.6044
38.51,0.611413
38.59,0.615467
38.67,0.617327
38.71,0.619776
38.8,0.625752
38.88,0.62875
38.92,0.632287
39,0.633608
39.08,0.634268
39.12,0.636951
39.2,0.637957
39.28,0.638384
39.32,0.638943
39.4,0.640183
39.48,0.640183
39.52,0.630091
39.644,0.627602
39.68,0.62748
39.72,0.628018
39.8,0.63
39.88,0.631697
39.92,0.63627
40,0.639858
40.08,0.64127
40.12,0.644919
40.2,0.649258
40.28,0.651372
40.32,0.654827
40.4,0.658028
40.48,0.65875
40.52,0.661331
40.6,0.661931
40.68,0.662429
40.709,0.666667
40.79,0.670041
40.87,0.672348
40.91,0.675467
40.99,0.677388
41.07,0.679075
41.11,0.683211
41.19,0.672713
41.315,0.674807
41.332,0.679309
41.39,0.683516
41.47,0.685457
41.51,0.688435
41.59,0.690305
41.67,0.69125
41.71,0.691606
41.79,0.691331
41.87,0.69127
41.91,0.691189
41.99,0.690955
42.07,0.690722
42.11,0.690427
42.19,0.690396
42.27,0.690285
42.31,0.690864
42.39,0.691037
42.47,0.69125
42.51,0.690844
42.59,0.690661
42.67,0.689929
42.71,0.693283
42.8,0.696677
42.88,0.692327
42.964,0.69687
43.02,0.700325
43.08,0.701778
43.12,0.705417
43.2,0.707256
43.28,0.70811
43.32,0.709787
43.4,0.710427
43.48,0.710274
43.52,0.710112
43.6,0.710386
43.68,0.711484
43.72,0.712398
43.8,0.713923
43.88,0.713476
43.92,0.714624
44,0.715915
44.08,0.717134
44.12,0.718781
44.2,0.721738
44.28,0.722541
44.32,0.72502
44.4,0.727266
44.48,0.728465
44.52,0.727591
44.644,0.730041
44.68,0.730173
44.708,0.732094
44.79,0.7344
44.87,0.735722
44.91,0.736738
44.99,0.738394
45.07,0.739116
45.11,0.740691
45.19,0.741504
45.27,0.742805
45.31,0.743526
45.39,0.744685
45.47,0.745285
45.51,0.746596
45.59,0.746748
45.67,0.747561
45.71,0.748516
45.79,0.749949
45.87,0.75127
45.91,0.751321
45.99,0.751494
46.07,0.752642
46.11,0.753008
46.19,0.751382
46.315,0.753232
46.332,0.753577
46.39,0.754248
46.47,0.755528
46.51,0.755701
46.59,0.755864
46.67,0.755193
46.71,0.755102
46.8,0.755112
46.88,0.755285
46.92,0.754421
47,0.754553
47.08,0.75501
47.12,0.753923
47.2,0.754675
47.28,0.754522
47.32,0.755305
47.4,0.754898
47.48,0.755437
47.52,0.755935
47.6,0.754522
47.68,0.75502
47.72,0.754573
47.8,0.754421
47.88,0.740742
47.964,0.742622
48,0.742896
48.08,0.742886
48.12,0.743679
48.2,0.743821
48.28,0.743242
48.32,0.743933
48.4,0.743526
48.48,0.74376
48.52,0.743882
48.6,0.743079
48.68,0.742327
48.708,0.740945
48.8,0.739654
48.88,0.739228
48.92,0.738415
49,0.737683
49.08,0.736667
49.12,0.735742
49.2,0.734543
49.28,0.734096
49.32,0.733862
49.4,0.733618
49.48,0.733343
49.52,0.723486
49.646,0.722957
49.68,0.723283
49.72,0.7219
49.8,0.721087
49.88,0.720335
49.92,0.720274
50,0.720224
50.08,0.719675
50.12,0.719685
50.2,0.719268
50.28,0.718953
50.32,0.719035
50.4,0.719136
50.48,0.718618
50.52,0.718781
50.6,0.717652
50.68,0.716789
50.72,0.715467
50.8,0.714248
50.88,0.712937
50.92,0.711829
51,0.710569
51.08,0.709248
51.12,0.708455
51.2,0.694431
51.326,0.694319
51.343,0.694939
51.4,0.695335
51.48,0.695193
51.52,0.695356
51.6,0.695488
51.68,0.695742
51.72,0.695925
51.8,0.696809
51.88,0.696758
51.92,0.697398
52,0.697764
52.08,0.698293
52.12,0.698648
52.2,0.702083
52.28,0.704909
52.32,0.708943
52.4,0.711677
52.48,0.713394
52.52,0.718689
52.6,0.723384
52.68,0.727236
52.708,0.733516
52.8,0.738577
52.88,0.747053
52.966,0.752805
53.02,0.757195
53.08,0.759096
53.12,0.762297
53.2,0.764329
53.28,0.767154
53.32,0.771128
53.4,0.774532
53.48,0.777185
53.52,0.780549
53.6,0.782703
53.68,0.784238
53.72,0.786118
53.8,0.78627
53.88,0.786108
53.92,0.787439
54,0.788313
54.08,0.78748
54.12,0.787195
54.2,0.78688
54.28,0.785996
54.32,0.785579
54.4,0.784604
54.48,0.78497
54.52,0.768161
54.646,0.770132
54.68,0.770173
54.72,0.767744
54.79,0.765325
54.87,0.764085
54.91,0.76312
54.99,0.762754
55.07,0.763191
55.11,0.76373
55.19,0.765528
55.27,0.764797
55.31,0.763963
55.39,0.762622
55.47,0.762215
55.51,0.760752
55.59,0.758913
55.67,0.759035
55.71,0.75876
55.79,0.757846
55.87,0.758039
55.91,0.757978
55.99,0.758486
56.07,0.758587
56.11,0.758892
56.19,0.750346
56.316,0.750854
56.333,0.751199
56.39,0.751728
56.47,0.752246
56.51,0.752724
56.59,0.753252
56.67,0.753415
56.71,0.753801
56.79,0.753963
56.87,0.753872
56.91,0.753415
56.99,0.753557
57.07,0.753537
57.11,0.753181
57.19,0.753567
57.27,0.753882
57.31,0.754045
57.39,0.754136
57.47,0.754238
57.51,0.75439
57.59,0.754248
57.67,0.754583
57.712,0.754624
57.79,0.754522
57.87,0.753791
57.955,0.754146
58.01,0.753669
58.07,0.754136
58.11,0.754126
58.19,0.754543
58.27,0.754797
58.31,0.754858
58.39,0.755315
58.47,0.755539
58.51,0.755335
59.636,0.755224
58.6165,0.755
59.71,0.754766
58.7365,0.754218
58.8165,0.754339
58.8565,0.753161
58.9365,0.753648
59.0165,0.753516
59.0565,0.753831
59.1365,0.754014
59.2165,0.754299
59.2565,0.754329
59.3365,0.75377
59.4165,0.754248
59.4565,0.753923
59.5365,0.753852
59.6165,0.753506
59.6565,0.753476
59.7365,0.753384
59.8165,0.753902
59.8565,0.753547
59.9365,0.75377
60.0165,0.753577
60.0565,0.753516
60.1365,0.752642
60.2625,0.752917
60.2965,0.75252
60.3365,0.752846
60.4165,0.752591
60.4565,0.753171
60.5365,0.753323
60.6165,0.753079
60.6565,0.753232
60.7365,0.753679
60.8165,0.753709
60.8565,0.753659
60.9365,0.753587
61.0165,0.753598
61.0565,0.753516
61.1365,0.753608
61.2165,0.753923
61.2565,0.753841
61.3365,0.754024
61.4165,0.753872
61.4565,0.754014
61.5365,0.753821
61.6165,0.753831
61.6565,0.753913
61.7365,0.754045
61.8165,0.750569
61.9025,0.750965
61.9365,0.750589
62.0165,0.750915
62.0565,0.751179
62.1365,0.751555
62.2165,0.751677
62.2565,0.752866
62.3365,0.754116
62.4165,0.75499
62.4565,0.756199
62.5365,0.75622
62.6165,0.756596
62.6565,0.757053
62.7365,0.756941
62.8165,0.756697
62.8565,0.756667
62.9365,0.756972
63.0165,0.757307
63.0565,0.757317
63.1365,0.757287
63.2165,0.757327
63.2565,0.757419
63.3365,0.757358
63.4165,0.757195
63.4565,0.756321
63.5825,0.75686
63.6365,0.756809
63.6585,0.757226
63.7365,0.758862
63.8165,0.759472
63.8765,0.760366
63.9365,0.761169
64.0165,0.761555
64.0565,0.76248
64.1365,0.763415
64.2165,0.763313
64.2565,0.763567
64.3365,0.763984
64.4165,0.764329
64.4565,0.765142
64.5365,0.767063
64.6165,0.76747
64.6565,0.768069
64.7365,0.769258
64.8165,0.769207
64.8565,0.769096
64.9365,0.769807
65.0165,0.77061
65.0565,0.771433
65.1365,0.766646
65.2625,0.767378
65.2795,0.766423
65.3365,0.767043
65.4165,0.766809
65.4565,0.765894
65.5365,0.765488
65.6165,0.764797
65.6565,0.764035
65.7365,0.763811
65.8165,0.763333
65.8565,0.763171
65.9375,0.763455
66.0165,0.763293
66.0565,0.763069
66.1365,0.762703
66.2165,0.763059
66.2565,0.762906
66.3365,0.762724
66.4165,0.762622
66.4565,0.762124
66.5365,0.761301
66.6165,0.760752
66.6565,0.7606
66.7365,0.760579
66.8165,0.758161
66.9025,0.758506
66.9365,0.758496
67.0165,0.758567
67.0565,0.758587
67.1365,0.758923
67.2165,0.763994
68.5815,0.764553
67.3239,0.764441
68.6565,0.765589
67.444,0.766037
67.5239,0.766596
67.564,0.76563
67.644,0.765417
67.7239,0.765874
67.764,0.765864
67.844,0.765955
67.9239,0.766514
67.984,0.766616
68.044,0.767073
68.1239,0.767033
68.164,0.767307
68.244,0.766829
68.3239,0.766789
68.364,0.766829
68.444,0.767419
68.5239,0.767906
68.564,0.767632
68.644,0.767266
68.7239,0.767185
68.764,0.766717
68.844,0.76374
68.97,0.763892
68.987,0.763821
69.044,0.763313
69.1239,0.763608
69.164,0.763689
69.244,0.763465
69.3239,0.763537
69.364,0.763262
69.444,0.763557
69.5239,0.763577
69.564,0.763689
69.644,0.76377
69.7239,0.764116
69.764,0.764563
69.844,0.764634
69.9239,0.7644
69.964,0.764919
70.044,0.764959
70.1239,0.765183
70.164,0.76502
70.244,0.764431
70.3239,0.76436
70.364,0.764593
70.4539,0.764482
70.534,0.762896
70.6209,0.762713
70.6539,0.762896
70.734,0.763669
70.7739,0.763557
70.8539,0.763232
70.934,0.764106
70.9739,0.764756
71.054,0.765081
71.134,0.764837
71.1739,0.765112
71.254,0.764837
71.334,0.764705
71.3739,0.765112
71.4539,0.76561
71.534,0.765915
71.5739,0.765874
71.6539,0.766006
71.734,0.765996
71.7739,0.766331
71.8539,0.766839
71.934,0.767104
71.9739,0.766931
72.054,0.767419
72.134,0.767063
72.1739,0.767307
72.301,0.768404
72.334,0.768994
72.3739,0.769919
72.4539,0.770112
72.534,0.770142
72.5739,0.770152
72.6539,0.770589
72.734,0.769797
72.7739,0.770274
72.8539,0.769583
72.934,0.769573
72.9739,0.769177
73.054,0.769248
73.134,0.769695
73.1739,0.769746
73.254,0.769533
73.334,0.769492
73.3739,0.769593
73.4539,0.769278
73.534,0.769228
73.5739,0.769502
73.6539,0.769817
73.734,0.770091
73.7739,0.770163
73.8539,0.767764
73.981,0.76747
73.998,0.767266
74.054,0.767856
74.134,0.76814
74.1739,0.76873
74.254,0.768526
74.334,0.768344
74.361,0.768537
74.4539,0.768354
74.534,0.767896
74.5739,0.768161
74.6739,0.768079
74.734,0.768171
74.7739,0.769014
74.8539,0.770955
74.934,0.772012
74.9739,0.775854
75.054,0.775884
75.134,0.776352
75.1739,0.776565
75.254,0.776677
75.334,0.776413
75.3739,0.777124
75.4539,0.775681
75.534,0.772571
75.6209,0.772449
75.6539,0.773354
75.734,0.773455
75.7739,0.774024
75.8539,0.773679
75.934,0.773608
75.9739,0.774004
76.054,0.774715
76.134,0.775102
76.1739,0.776697
76.254,0.777551
76.334,0.777104
76.359,0.77688
76.4539,0.77748
76.534,0.777093
76.5739,0.7744
76.6539,0.77378
76.734,0.772815
76.7739,0.771372
76.8539,0.77126
76.934,0.771982
76.9739,0.772409
77.054,0.774807
77.134,0.776382
77.1739,0.775254
77.301,0.777175
77.356,0.77876
77.3739,0.779817
77.4539,0.779136
77.534,0.777937
77.5739,0.775945
77.6539,0.775894
77.734,0.775417
77.794,0.774583
77.8539,0.774868
77.934,0.775691
77.9739,0.775061
78.054,0.774136
78.134,0.773486
78.1739,0.772937
78.254,0.7725
78.334,0.772185
78.364,0.771606
78.444,0.77062
78.5239,0.770193
78.564,0.770112
78.644,0.770396
78.7239,0.770325
78.764,0.77003
78.844,0.76501
78.97,0.765244
78.987,0.764543
79.044,0.76437
79.1239,0.764238
79.164,0.764614
79.244,0.764533
79.3239,0.764909
79.3679,0.765285
79.444,0.765579
79.5239,0.765661
79.564,0.766118
79.645,0.766494
79.7239,0.766524
79.764,0.766799
79.844,0.767154
79.9239,0.766951
79.964,0.767073
80.044,0.766982
80.1239,0.767287
80.164,0.767266
80.244,0.767459
80.3239,0.767297
80.364,0.767571
80.444,0.767703
80.5239,0.764065
80.609,0.764268
80.644,0.764339
80.7239,0.764624
80.764,0.764695
80.844,0.765041
80.9239,0.765213
80.964,0.764898
81.044,0.765508
81.1239,0.765793
81.164,0.765935
81.244,0.766128
81.3239,0.766799
81.364,0.766982
81.444,0.767256
81.5239,0.767531
81.564,0.767663
81.644,0.768283
81.7239,0.768608
81.764,0.76936
81.844,0.769258
81.9239,0.769024
81.964,0.769075
82.044,0.768872
82.1239,0.769268
82.164,0.769888
82.25,0.770437
82.3239,0.77063
82.3679,0.770711
82.444,0.771667
82.5239,0.773059
82.564,0.774441
82.644,0.775173
82.7239,0.775183
82.764,0.774959
82.844,0.773963
82.9239,0.773211
82.964,0.771026
83.044,0.769766
83.1239,0.769888
83.164,0.768049
83.244,0.767957
83.3239,0.767683
83.364,0.767724
83.444,0.767683
83.5239,0.767439
83.564,0.766992
83.644,0.766545
83.7239,0.766667
83.764,0.766697
83.844,0.762581
83.97,0.763476
83.987,0.763171
84.044,0.763242
84.1239,0.763079
84.164,0.763222
84.244,0.764146
84.3239,0.764065
84.364,0.764512
84.444,0.76435
84.5239,0.764868
84.564,0.764776
84.644,0.764644
84.7239,0.765295
84.764,0.765224
84.844,0.765132
84.9239,0.765122
84.964,0.764665
85.044,0.765163
85.1239,0.765488
85.164,0.765031
85.244,0.76378
85.3239,0.763841
85.364,0.76376
85.444,0.763618
85.5239,0.762175
85.609,0.762398
85.644,0.763171
85.7239,0.763344
85.764,0.764024
85.844,0.76499
85.9239,0.765213
85.964,0.765661
86.044,0.767256
86.1239,0.768008
86.164,0.76939
86.244,0.771067
86.3239,0.771575
86.364,0.772358
86.4539,0.773862
86.534,0.773984
86.5739,0.773963
86.6539,0.773791
86.734,0.77373
86.7739,0.773537
86.8539,0.773018
86.934,0.773079
86.9739,0.77374
87.054,0.775132
87.134,0.77564
87.1739,0.774319
87.301,0.774532
87.334,0.77376
87.3569,0.772896
87.4539,0.771169
87.534,0.7706
87.5739,0.770173
87.6539,0.769736
87.734,0.769563
87.7739,0.770112
87.8539,0.769837
87.934,0.769939
87.9739,0.769563
88.054,0.769522
88.134,0.769441
88.1739,0.769614
88.2539,0.769624
88.334,0.76936
88.358,0.76936
88.4539,0.769309
88.534,0.769299
88.5739,0.769238
88.6539,0.769146
88.734,0.769258
88.7739,0.769146
88.8539,0.76688
88.98,0.767713
88.997,0.768079
89.054,0.768557
89.134,0.768648
89.1739,0.769715
89.2539,0.769705
89.334,0.769329
89.3569,0.768984
89.4539,0.768974
89.534,0.769177
89.5739,0.769329
89.6539,0.769573
89.734,0.770061
89.7739,0.770406
89.8539,0.770894
89.934,0.770762
89.9739,0.771829
90.054,0.771728
90.134,0.772165
90.1739,0.7731
90.2539,0.773913
90.334,0.774075
90.361,0.77435
90.4539,0.774573
90.534,0.773333
90.62,0.773618
90.6539,0.774217
90.734,0.773791
90.7739,0.77439
90.8539,0.774797
90.934,0.774807
90.9739,0.774919
91.054,0.775518
91.134,0.776291
91.1739,0.777398
91.2539,0.777114
91.3349,0.777266
91.358,0.776565
91.444,0.776657
91.5239,0.776545
91.564,0.776321
91.644,0.77562
91.7239,0.775325
91.764,0.774502
91.844,0.773496
91.9239,0.773516
91.964,0.7719
92.044,0.770569
92.1239,0.770142
92.164,0.76502
92.289,0.764573
92.3239,0.764075
92.364,0.76375
92.444,0.763699
92.5239,0.764136
92.564,0.763404
92.644,0.762785
92.7239,0.762154
92.764,0.761026
92.844,0.761839
92.9239,0.762215
92.964,0.762734
93.044,0.762307
93.1239,0.762134
93.164,0.761372
93.244,0.761626
93.3239,0.76128
93.365,0.760661
93.444,0.761057
93.5239,0.761433
93.564,0.761585
93.644,0.761941
93.7239,0.762083
93.764,0.762337
93.844,0.759766
93.95,0.760508
93.967,0.760356
94.044,0.761169
94.1239,0.761636
94.164,0.761992
94.244,0.762906
94.3239,0.763384
94.364,0.763994
94.444,0.765305
94.5239,0.76625
94.564,0.767602
94.644,0.768679
94.7239,0.768506
94.764,0.768252
94.844,0.769289
94.9239,0.769187
94.964,0.771911
95.044,0.771809
95.1239,0.774502
95.164,0.775132
95.244,0.778252
95.3239,0.779644
95.364,0.781382
95.444,0.782459
95.5239,0.777642
95.609,0.780701
95.644,0.78252
95.7239,0.783953
95.764,0.787144
95.844,0.788984
95.9239,0.789654
95.964,0.794207
96.044,0.79688
96.1239,0.797053
96.164,0.798191
96.244,0.796626
96.3239,0.798669
96.364,0.798913
96.444,0.797439
96.5239,0.798069
96.564,0.801108
96.644,0.798089
96.7239,0.799512
96.764,0.800325
96.844,0.799868
96.9239,0.803181
96.964,0.80063
97.044,0.800803
97.1239,0.801961
97.164,0.795061
97.289,0.797256
97.3239,0.796341
97.364,0.794787
97.444,0.797998
97.5239,0.798272
97.564,0.794898
97.644,0.791768
97.7239,0.789197
97.764,0.785772
97.844,0.787327
97.9239,0.783283
97.964,0.780732
98.044,0.773222
98.1239,0.771047
98.164,0.765163
98.244,0.761646
98.3239,0.756199
98.364,0.749522
98.444,0.740925
98.5239,0.739848
98.564,0.732043
98.644,0.728486
98.7239,0.723262
98.764,0.719024
98.844,0.703242
98.969,0.701504
98.986,0.695142
99.044,0.693648
99.1239,0.690711
99.164,0.685965
99.244,0.677632
99.3239,0.674197
99.3659,0.670732
99.444,0.661281
99.5239,0.65812
99.564,0.652602
99.644,0.649146
99.7239,0.646585
99.764,0.641921
99.844,0.639614
99.9239,0.639756
99.964,0.639278
100.044,0.636717
100.124,0.636494
100.164,0.635295
100.244,0.631687
100.324,0.628455
100.364,0.622978
100.444,0.619553
100.524,0.614939
100.608,0.608872
100.644,0.604746
100.724,0.602439
100.764,0.597195
100.844,0.598821
100.924,0.600589
100.964,0.596463
101.044,0.593841
101.124,0.593445
101.164,0.593984
101.244,0.603028
101.324,0.60376
101.364,0.602195
101.444,0.601596
101.524,0.600417
101.564,0.593791
101.644,0.590163
101.724,0.5894
101.764,0.587287
101.844,0.584685
101.924,0.583699
101.964,0.579289
102.044,0.572591
102.124,0.571311
102.164,0.566433
102.288,0.564197
102.324,0.563018
102.367,0.551016
102.444,0.544075
102.524,0.543994
102.564,0.537154
102.644,0.533811
102.724,0.532876
102.764,0.531321
102.844,0.5319
102.924,0.530488
102.964,0.526484
103.044,0.525417
103.124,0.529949
103.164,0.534065
103.244,0.540711
103.324,0.54311
103.364,0.546159
103.444,0.547967
103.524,0.547815
103.564,0.549583
103.644,0.551199
103.724,0.554776
103.764,0.556728
103.844,0.566433
103.948,0.568923
103.965,0.574329
104.064,0.57688
104.124,0.576169
104.164,0.579146
104.244,0.578171
104.324,0.576341
104.364,0.570346
104.444,0.567348
104.524,0.569116
104.564,0.572825
104.644,0.576159
104.724,0.575163
104.764,0.576931
104.844,0.570904
104.924,0.570112
104.964,0.572185
105.044,0.577652
105.124,0.578923
105.164,0.582459
105.244,0.583902
105.324,0.583557
105.364,0.5819
105.444,0.584421
105.524,0.579258
105.587,0.575285
105.644,0.57122
105.724,0.567724
105.764,0.565783
105.844,0.56315
105.924,0.567449
105.964,0.577795
106.044,0.58563
106.124,0.587866
106.164,0.592917
106.244,0.599624
106.324,0.603496
106.364,0.615965
106.444,0.630539
106.524,0.63689
106.564,0.648333
106.644,0.659411
106.724,0.667398
106.764,0.674472
106.844,0.676982
106.924,0.678069
106.964,0.682642
107.044,0.684563
107.124,0.6825
107.164,0.67687
107.268,0.684695
107.344,0.687907
107.364,0.689776
107.444,0.686636
107.524,0.689878
107.564,0.685772
107.644,0.675671
107.724,0.67311
107.764,0.66248
107.844,0.656118
107.924,0.656778
107.964,0.654827
108.044,0.654746
108.124,0.656565
108.164,0.659776
108.244,0.66872
108.324,0.672337
108.364,0.681169
108.455,0.687795
108.535,0.688476
108.554,0.69247
108.635,0.694776
108.714,0.697632
108.754,0.699827
108.835,0.702398
108.939,0.707317
108.956,0.711982
109.034,0.717205
109.114,0.720224
109.154,0.727063
109.235,0.736728
109.314,0.742002
109.357,0.752998
109.434,0.761443
109.515,0.765783
109.554,0.774878
109.635,0.778628
109.714,0.782764
109.754,0.78185
109.834,0.774959
109.915,0.771199
109.955,0.767947
110.034,0.759248
110.114,0.756067
110.154,0.747104
110.235,0.74311
110.314,0.741494
110.357,0.739207
110.434,0.734726
110.515,0.733028
110.579,0.727602
110.635,0.72188
110.714,0.717043
110.754,0.708069
110.834,0.696982
110.914,0.699858
110.955,0.699726
111.034,0.695102
111.114,0.691016
111.154,0.68438
111.235,0.676911
111.314,0.673902
111.357,0.663923
111.434,0.655783
111.515,0.656443
111.554,0.652449
111.635,0.647419
111.714,0.646433
111.754,0.639909
111.834,0.634278
111.914,0.633496
111.955,0.629167
112.034,0.621921
112.114,0.621748
112.154,0.621535
112.278,0.61813
112.314,0.62062
112.357,0.631972
112.434,0.632795
112.515,0.636687
112.554,0.649919
112.635,0.660274
112.714,0.666738
112.754,0.680244
112.834,0.686555
112.914,0.690508
112.955,0.694319
113.034,0.697266
113.114,0.699726
113.154,0.700671
113.235,0.699339
113.314,0.697602
113.357,0.694665
113.434,0.690183
113.515,0.685904
113.554,0.677561
113.635,0.661636
113.714,0.654614
113.754,0.641931
113.834,0.626799
113.939,0.621128
113.974,0.605671
114.034,0.590793
114.114,0.583537
114.154,0.570925
114.234,0.564848
114.314,0.562287
114.357,0.547439
114.434,0.537805
114.514,0.540315
114.554,0.539959
114.634,0.53937
114.714,0.539329
114.754,0.531728
114.834,0.5244
114.914,0.522104
114.954,0.510671
115.034,0.49937
115.114,0.493902
115.154,0.484736
115.235,0.480874
115.335,0.483709
115.357,0.486667
115.454,0.481961
115.514,0.511128
115.558,0.502053
115.634,0.496057
115.714,0.494035
115.754,0.49064
115.834,0.489624
115.914,0.486565
115.974,0.482022
116.034,0.481494
116.114,0.48187
116.154,0.468415
116.235,0.456596
116.314,0.457886
116.357,0.457449
116.434,0.456565
116.514,0.456921
116.554,0.456016
116.634,0.461524
116.714,0.461209
116.754,0.461768
116.834,0.457287
116.914,0.456585
116.954,0.450996
117.034,0.444726
117.114,0.442409
117.154,0.431626
117.278,0.427439
117.314,0.423659
117.357,0.420783
117.434,0.426646
117.514,0.425549
117.554,0.429228
117.634,0.432246
117.714,0.436087
117.754,0.444858
117.834,0.452693
117.914,0.449085
117.955,0.444451
118.034,0.437744
118.114,0.436555
118.154,0.424929
118.234,0.415904
118.314,0.41188
118.357,0.406382
118.434,0.400132
118.514,0.399482
118.554,0.398902
118.634,0.39565
118.714,0.395904
118.754,0.393435
118.834,0.375528
118.939,0.37815
118.974,0.383384
119.034,0.38247
119.114,0.386819
119.154,0.394136
119.234,0.394776
119.314,0.399197
119.357,0.397652
119.434,0.399604
119.514,0.40065
119.554,0.405823
119.635,0.414329
119.714,0.416656
119.754,0.418272
119.834,0.418283
119.914,0.419126
119.955,0.416443
120.034,0.419126
120.114,0.420396
120.154,0.417073
120.234,0.418821
120.314,0.418333
120.357,0.408435
120.434,0.402073
120.514,0.39499
120.598,0.390793
120.634,0.387348
120.714,0.388618
120.754,0.384583
120.834,0.382876
120.914,0.379756
120.954,0.387449
121.034,0.391677
121.114,0.394167
121.154,0.402652
121.234,0.410803
121.314,0.41374
121.357,0.42249
121.434,0.436392
121.514,0.441169
121.554,0.452246
121.634,0.459614
121.714,0.463618
121.754,0.469461
121.834,0.470823
121.914,0.473882
121.954,0.477276
122.034,0.473557
122.114,0.473049
122.154,0.469461
122.238,0.465244
122.314,0.461982
122.357,0.456707
122.434,0.450854
122.514,0.446646
122.554,0.435396
122.634,0.42997
122.714,0.426352
122.754,0.417754
122.834,0.404624
122.914,0.399533
122.954,0.389004
123.034,0.373547
123.114,0.364024
123.154,0.343689
123.234,0.322215
123.314,0.313039
123.354,0.30375
123.434,0.300589
123.514,0.300965
123.554,0.305681
123.634,0.302378
123.714,0.298923
123.754,0.288526
123.834,0.277134
123.979,0.274553
123.996,0.273079
124.034,0.277226
124.114,0.279878
124.154,0.292612
124.234,0.318791
124.314,0.33312
124.357,0.358953
124.434,0.377673
124.514,0.383537
124.554,0.388283
124.634,0.389776
124.714,0.389156
124.754,0.384624
124.834,0.382591
124.914,0.382419
124.954,0.379837
125.034,0.38
125.114,0.381606
125.154,0.379055
125.235,0.376717
125.314,0.383232
125.357,0.387266
125.434,0.390833
125.515,0.400386
125.598,0.406159
125.655,0.415498
125.714,0.419644
125.754,0.423089
125.854,0.427358
125.914,0.432348
125.954,0.437774
126.034,0.445681
126.114,0.443333
126.154,0.434502
126.234,0.435173
126.314,0.441453
126.357,0.452256
126.434,0.462317
126.514,0.466128
126.554,0.476545
126.634,0.488272
126.714,0.489014
126.754,0.491098
126.834,0.485457
126.914,0.4875
126.954,0.496087
127.034,0.488699
127.114,0.474949
127.154,0.455203
127.238,0.431382
127.314,0.419055
127.357,0.405945
127.434,0.383709
127.514,0.37623
127.554,0.354888
127.634,0.338984
127.714,0.332043
127.754,0.315335
127.834,0.302358
127.914,0.294248
127.954,0.288283
128.034,0.287154
128.114,0.291402
128.154,0.280864
128.234,0.271494
128.314,0.264919
128.357,0.251118
128.434,0.238242
128.514,0.233933
128.554,0.220132
128.634,0.21253
128.714,0.211504
128.754,0.203923
128.834,0.195722
128.918,0.191575
128.954,0.186992
129.034,0.192785
129.114,0.19127
129.154,0.188039
129.234,0.184055
129.314,0.181717
129.357,0.181169
129.434,0.17811
129.514,0.176138
129.554,0.168445
129.635,0.162734
129.714,0.158526
129.754,0.149675
129.834,0.14065
129.914,0.139807
129.954,0.126748
130.034,0.111362
130.114,0.107825
130.154,0.0991768
130.234,0.0909451
130.314,0.0872053
130.357,0.0805386
130.434,0.0700203
130.514,0.0635264
130.598,0.0539024
130.635,0.0433028
130.714,0.0388821
130.754,0.0254268
130.834,0.0175102
130.914,0.0140955
130.954,0.0102337
131.034,0.00400406
131.114,0.00114837
131.154,0.00121951
131.234,0.00120935
131.314,0.00125
131.357,0.0011687
131.434,0.00132114
131.514,0.00129065
131.554,0.000721545
131.634,0
131.714,0.000589431
131.754,0.00156504
131.834,0.00247967
131.914,0.00453252
131.954,0.00675813
132.034,0.00752033
132.114,0.00918699
132.154,0.0209858
132.278,0.0200711
132.314,0.0212398
132.357,0.0201423
132.434,0.020935
132.514,0.0208435
132.554,0.0213821
132.634,0.0218598
132.714,0.0218496
132.754,0.0218598
132.834,0.0213923
132.914,0.0223374
132.955,0.0237195
133.034,0.0250305
133.114,0.0260671
133.154,0.0449797
133.234,0.0671138
133.314,0.0789126
133.357,0.10372
133.434,0.131799
133.514,0.145498
133.554,0.173974
133.634,0.202825
133.714,0.218404
133.754,0.243181
133.835,0.291504
133.958,0.300224
133.975,0.318801
134.035,0.343069
134.134,0.347419
134.154,0.369817
134.234,0.399187
134.314,0.407327
134.357,0.428242
134.434,0.440356
134.514,0.444492
134.554,0.457602
134.634,0.464766
134.714,0.471636
134.754,0.478791
134.834,0.481748
134.914,0.484654
134.954,0.492297
135.034,0.501504
135.114,0.506331
135.154,0.489685
135.234,0.46503
135.314,0.453191
135.359,0.424685
135.434,0.395193
135.514,0.384909
135.558,0.345823
135.634,0.318516
135.714,0.308841
135.754,0.288354
135.834,0.274451
135.914,0.266169
135.954,0.242165
136.034,0.214858
136.114,0.206067
136.154,0.180407
136.234,0.152785
136.314,0.140447
136.357,0.113547
136.434,0.0903354
136.514,0.0776016
136.554,0.0721646
136.634,0.0680894
136.714,0.0617886
136.754,0.0589431
136.834,0.0579268
136.914,0.0605081
136.954,0.0640244
137.034,0.0675102
137.114,0.0657317
137.154,0.0675813
137.238,0.0657215
137.314,0.0529268
137.357,0.0465244
137.434,0.0444817
137.514,0.042622
137.554,0.044878
137.634,0.0457419
137.714,0.047439
137.754,0.042439
137.834,0.0302337
137.914,0.0236484
137.955,0.0173679
138.034,0.00922764
138.114,0.00622967
138.154,0.00425813
138.234,0.0046748
138.314,0.00460366
138.354,0.00530488
138.434,0.00565041
138.514,0.0060874
138.554,0.00700203
138.634,0.00867886
138.714,0.00922764
138.754,0.00942073
138.834,0.0154472
138.959,0.0162602
138.976,0.0187195
139.034,0.0204472
139.114,0.0210366
139.154,0.022063
139.234,0.0225407
139.314,0.0239736
139.357,0.0235976
139.434,0.0234248
139.514,0.0247459
139.554,0.0246646
139.634,0.0259146
139.714,0.0261687
139.754,0.0284654
139.834,0.0336179
139.914,0.0370528
139.954,0.0443699
140.034,0.0496951
140.114,0.0523679
140.154,0.0593089
140.234,0.0675508
140.314,0.0718191
140.357,0.0802947
140.434,0.0880285
140.514,0.0980996
140.598,0.105305
140.634,0.11253
140.714,0.11437
140.754,0.114319
140.834,0.1194
140.934,0.119573
140.954,0.123557
141.034,0.12877
141.114,0.133364
141.154,0.145671
141.234,0.161951
141.314,0.169827
141.354,0.187327
141.434,0.203638
141.514,0.209939
141.554,0.220234
141.634,0.231098
141.714,0.237632
141.754,0.250539
141.834,0.263963
141.914,0.271555
141.954,0.286514
142.034,0.301504
142.114,0.309411
142.154,0.325508
142.277,0.334045
142.314,0.337287
142.357,0.343252
142.434,0.350102
142.514,0.35315
142.554,0.361413
142.634,0.36999
142.714,0.374085
142.754,0.379522
142.834,0.386026
142.914,0.388435
142.954,0.39062
143.034,0.393354
143.114,0.394339
143.154,0.393659
143.234,0.395417
143.314,0.398537
143.357,0.418598
143.434,0.435752
143.514,0.444319
143.554,0.452713
143.634,0.457307
143.715,0.460285
143.754,0.464431
143.834,0.470864
143.917,0.47253
143.954,0.473496
144.034,0.474268
144.114,0.473161
144.154,0.468801
144.234,0.464258
144.314,0.460213
144.357,0.457673
144.434,0.450752
144.514,0.446341
144.554,0.434411
144.634,0.416596
144.714,0.406291
144.754,0.384746
144.835,0.365701
144.914,0.355843
144.954,0.335366
145.034,0.316707
145.114,0.307917
145.154,0.290041
145.234,0.267825
145.314,0.257744
145.357,0.234055
145.434,0.214644
145.514,0.207978
145.598,0.190325
145.634,0.16872
145.714,0.158537
145.754,0.137276
145.834,0.114248
145.914,0.103892
145.954,0.0842276
146.034,0.0692988
146.114,0.0655894
146.154,0.0564533
146.234,0.0492988
146.314,0.0470122
146.357,0.0394715
146.434,0.0326524
146.514,0.0292175
146.554,0.0260366
146.634,0.0281809
146.714,0.0293191
146.754,0.0265142
146.834,0.0266565
146.914,0.0253354
146.954,0.0202236
147.034,0.0197764
147.114,0.0207724
147.154,0.0393598
147.278,0.0397663
147.314,0.0395325
147.357,0.0393699
147.434,0.0394309
147.514,0.0393598
147.554,0.0399289
147.634,0.0400508
147.714,0.0402846
147.754,0.0406098
147.834,0.0406809
147.914,0.0404268
147.954,0.0391565
148.035,0.0396443
148.114,0.0393496
148.154,0.0401626
148.234,0.0415447
148.314,0.041626
148.357,0.0420732
148.434,0.0418598
148.514,0.0405183
148.554,0.0402236
148.634,0.0404573
148.714,0.0410772
148.754,0.0418496
148.834,0.0397256
148.959,0.0407317
148.976,0.0414024
149.034,0.0395122
149.114,0.0393191
149.154,0.0389634
149.234,0.0400305
149.314,0.0414126
149.357,0.0422866
149.434,0.041626
149.514,0.0419207
149.554,0.0428862
149.634,0.04375
149.714,0.0448984
149.754,0.0455894
149.834,0.0459451
149.914,0.0480793
149.954,0.047876
150.034,0.0475305
150.114,0.0477337
150.154,0.0473069
150.234,0.0467886
150.314,0.0469106
150.357,0.0471443
150.434,0.0462602
150.514,0.045813
150.599,0.0445325
150.634,0.0441159
150.714,0.0442073
150.754,0.0479065
150.834,0.0571341
150.914,0.0627439
150.954,0.0744614
151.034,0.0836585
151.114,0.0838821
151.154,0.0878354
151.234,0.0893191
151.314,0.0885976
151.357,0.0905691
151.434,0.0906606
151.514,0.0908943
151.554,0.0911484
151.634,0.0919207
151.714,0.0930183
151.754,0.094065
151.834,0.0954268
151.914,0.0964736
151.954,0.0981606
152.034,0.0973679
152.114,0.0982317
152.154,0.119472
152.278,0.117561
152.314,0.118181
152.357,0.116535
152.434,0.115396
152.514,0.115691
152.554,0.116839
152.634,0.119035
152.714,0.11748
152.754,0.115864
152.834,0.117693
152.914,0.118089
152.954,0.120356
153.034,0.122927
153.114,0.124604
153.154,0.125112
153.234,0.125498
153.314,0.126006
153.357,0.129146
153.434,0.126748
153.514,0.126677
153.554,0.123699
153.634,0.118425
153.714,0.11315
153.754,0.0994106
153.834,0.083811
153.958,0.0832724
153.975,0.0870325
154.034,0.0844004
154.114,0.08625
154.154,0.0877642
154.234,0.0821951
154.314,0.0796037
154.357,0.0776931
154.434,0.0758943
154.514,0.0762094
154.554,0.0787703
154.634,0.0747358
154.715,0.0738008
154.754,0.0700813
154.834,0.0628862
154.914,0.0598476
154.954,0.057622
155.034,0.0594715
155.114,0.0595935
155.154,0.0600711
155.234,0.058435
155.314,0.0591768
155.357,0.0605081
155.434,0.0623882
155.514,0.0679776
155.598,0.0718598
155.634,0.0681911
155.714,0.0691159
155.754,0.0684451
155.834,0.0621748
155.914,0.062876
155.954,0.0597866
156.034,0.0544207
156.114,0.0527337
156.154,0.0493902
156.234,0.0442785
156.315,0.0424898
156.358,0.043374
156.434,0.0444919
156.514,0.0459654
156.554,0.0457724
156.634,0.0436687
156.714,0.0423374
156.754,0.0397053
156.834,0.034939
156.914,0.0340346
156.954,0.0308333
157.034,0.0309858
157.114,0.0318089
157.154,0.0442175
157.278,0.0472053
157.335,0.0464431
157.357,0.046565
157.434,0.0471951
157.514,0.0485569
157.554,0.0500711
157.634,0.0495732
157.714,0.0497967
157.754,0.0502033
157.834,0.0487602
157.914,0.0492581
157.954,0.0481301
158.034,0.0480691
158.114,0.0478252
158.154,0.0486179
158.234,0.0498679
158.314,0.0493089
158.357,0.052124
158.434,0.0483028
158.514,0.0471138
158.554,0.0454065
158.634,0.0584959
158.714,0.0704472
158.754,0.100589
158.834,0.140254
158.959,0.148902
158.976,0.171209
159.034,0.172866
159.114,0.168161
159.154,0.167561
159.234,0.158079
159.314,0.158364
159.357,0.156514
159.454,0.150081
159.534,0.149085
159.554,0.145071
159.634,0.145081
159.714,0.143669
159.754,0.143232
159.834,0.14374
159.914,0.14438
159.954,0.143394
160.034,0.14622
160.114,0.147287
160.154,0.146108
160.234,0.148608
160.314,0.150823
160.357,0.152287
160.434,0.163547
160.514,0.165234
160.579,0.166199
160.634,0.159858
160.714,0.157541
160.754,0.14626
160.834,0.139248
160.914,0.134126
160.954,0.120579
161.034,0.112419
161.114,0.104096
161.154,0.0863415
161.234,0.0700305
161.314,0.0638313
161.357,0.0459756
161.434,0.0301829
161.514,0.0231606
161.554,0.0214939
161.634,0.0223171
161.714,0.0224593
161.754,0.0244919
161.834,0.0260163
161.914,0.0293699
161.954,0.0562602
162.034,0.0812602
162.114,0.0909756
162.154,0.123486
162.279,0.129146
162.314,0.131545
162.357,0.136301
162.434,0.139766
162.514,0.1425
162.554,0.145579
162.634,0.146931
162.714,0.147947
162.754,0.148648
162.834,0.150447
162.914,0.151738
162.954,0.15312
163.034,0.155193
163.114,0.155569
163.154,0.155884
163.234,0.157663
163.314,0.158628
163.357,0.156789
163.434,0.157104
163.514,0.157236
163.554,0.158181
163.634,0.158242
163.714,0.159583
163.754,0.156199
163.834,0.150173
163.959,0.146108
163.994,0.136677
164.034,0.121321
164.114,0.114604
164.154,0.10373
164.234,0.0916972
164.314,0.0886992
164.357,0.078811
164.434,0.0676829
164.514,0.0630183
164.554,0.0534858
164.635,0.0491362
164.714,0.047185
164.754,0.042937
164.834,0.038689
164.914,0.0382215
164.954,0.0389329
165.034,0.0399085
165.114,0.0414837
165.154,0.0441667
165.234,0.0451321
165.314,0.0474695
165.357,0.0483841
165.434,0.0500102
165.514,0.0588516
165.599,0.0591362
165.634,0.0578557
165.714,0.0580285
165.754,0.0579675
165.834,0.0591057
165.914,0.0591972
165.954,0.0592886
166.034,0.0602744
166.114,0.0608333
166.154,0.0607825
166.234,0.0606606
166.314,0.0600813
166.358,0.0607825
166.434,0.0612703
166.514,0.0609045
166.554,0.0602642
166.634,0.0609654
166.714,0.0620935
166.754,0.0620528
166.834,0.062002
166.914,0.065935
166.954,0.0773272
167.034,0.0957419
167.114,0.105528
167.154,0.126514
167.279,0.146819
167.314,0.157571
167.357,0.164065
167.434,0.166484
167.534,0.16686
167.554,0.167165
167.634,0.166006
167.714,0.167033
167.754,0.164116
167.834,0.163516
167.914,0.161931
167.954,0.15628
168.034,0.153201
168.114,0.150813
168.154,0.145671
168.234,0.147429
168.314,0.148923
168.358,0.151575
168.434,0.150925
168.514,0.152124
168.554,0.153394
168.634,0.153628
168.714,0.154207
168.754,0.155295
168.834,0.152652
168.94,0.154654
168.957,0.156159
169.034,0.157256
169.114,0.158018
169.154,0.161596
169.234,0.16626
169.314,0.16997
169.357,0.17499
169.434,0.183953
169.514,0.187967
169.554,0.190864
169.655,0.191575
169.714,0.191687
169.754,0.182774
169.834,0.178496
169.914,0.177114
169.954,0.16626
170.034,0.15685
170.114,0.152175
170.154,0.137083
170.234,0.123425
170.314,0.119736
170.357,0.104959
170.434,0.0902337
170.514,0.0990346
170.599,0.0820224
170.634,0.0659654
170.714,0.0593089
170.754,0.0480081
170.834,0.0430081
170.914,0.0399593
170.954,0.0358435
171.034,0.034502
171.114,0.0345935
171.154,0.0357012
171.234,0.0422764
171.314,0.0437602
171.357,0.0504167
171.434,0.0507114
171.514,0.0510671
171.554,0.0519411
171.634,0.052378
171.714,0.0522561
171.754,0.0536789
171.834,0.0544715
171.914,0.0544004
171.954,0.0545935
172.034,0.0542175
172.114,0.0546443
172.154,0.0559045
172.279,0.0546951
172.334,0.0547561
172.357,0.0551016
172.434,0.0552642
172.514,0.0555183
172.554,0.0551118
172.634,0.0549492
172.714,0.0548374
172.754,0.0549492
172.834,0.0551016
172.914,0.0547053
172.954,0.0543801
173.034,0.0540447
173.114,0.0542073
173.154,0.0543902
173.234,0.0542683
173.314,0.054502
173.357,0.0547256
173.434,0.0549797
173.514,0.0548476
173.554,0.054878
173.634,0.055061
173.714,0.0550508
173.754,0.0550711
173.834,0.0702134
173.96,0.0701118
173.977,0.0702744
174.034,0.0703659
174.114,0.0703963
174.154,0.0706199
174.234,0.070935
174.314,0.0710061
174.357,0.0700508
174.434,0.0699085
174.514,0.0698272
174.554,0.0681911
174.634,0.0684959
174.714,0.0736484
174.754,0.0893496
174.834,0.107165
174.914,0.11562
174.954,0.126108
175.034,0.131524
175.114,0.13315
175.154,0.136596
175.234,0.140112
175.314,0.1419
175.357,0.144289
175.434,0.146362
175.514,0.145732
175.599,0.160772
175.634,0.179055
175.714,0.189268
175.754,0.208831
175.834,0.224431
175.914,0.236189
175.954,0.252774
176.034,0.275528
176.114,0.28687
176.154,0.303425
176.234,0.323069
176.314,0.329096
176.357,0.327439
176.434,0.332459
176.514,0.328455
176.554,0.31936
176.634,0.318902
176.714,0.319309
176.754,0.32185
176.834,0.324553
176.914,0.325417
176.954,0.328598
177.034,0.330996
177.114,0.33376
177.154,0.326738
177.278,0.326514
177.314,0.321301
177.357,0.31253
177.434,0.304187
177.514,0.300203
177.554,0.291209
177.634,0.285376
177.714,0.280803
177.754,0.270986
177.834,0.263394
177.914,0.260752
177.955,0.260732
178.034,0.26562
178.114,0.261331
178.154,0.264644
178.234,0.266819
178.314,0.265783
178.357,0.264553
178.434,0.263008
178.514,0.262124
178.554,0.255346
178.634,0.254096
178.714,0.252764
178.754,0.252449
178.834,0.274665
178.919,0.27623
178.954,0.26501
179.034,0.252165
179.114,0.239543
179.154,0.224116
179.234,0.208059
179.314,0.201768
179.357,0.183933
179.434,0.162815
179.514,0.153272
179.554,0.134797
179.634,0.115661
179.714,0.106941
179.754,0.089187
179.834,0.0755691
179.914,0.0691159
179.954,0.0607825
180.034,0.0561484
180.114,0.0587602
180.154,0.064187
180.234,0.0717073
180.314,0.0769411
180.357,0.082561
180.434,0.0831606
180.514,0.0834858
180.599,0.0827642
180.634,0.0791565
180.714,0.0815752
180.754,0.0752642
180.834,0.0743496
180.914,0.0723171
180.954,0.070122
181.034,0.0674898
181.114,0.0681911
181.154,0.0702134
181.234,0.0702337
181.314,0.0707317
181.357,0.0707419
181.434,0.0701829
181.514,0.0706402
181.554,0.0778862
181.634,0.0884045
181.714,0.0951524
181.754,0.107317
181.834,0.119522
181.914,0.12503
181.954,0.13185
182.034,0.137571
182.114,0.140376
182.154,0.163191
182.279,0.167175
182.314,0.169106
182.36,0.17003
182.434,0.171524
182.514,0.17249
182.554,0.17376
182.634,0.177317
182.714,0.178831
182.754,0.181799
182.834,0.184715
182.914,0.190213
182.955,0.192632
183.034,0.195559
183.114,0.19624
183.154,0.196789
183.234,0.196585
183.314,0.19872
183.354,0.199024
183.434,0.1994
183.514,0.199888
183.554,0.201321
183.634,0.201169
183.714,0.202541
183.754,0.203323
183.834,0.222896
183.959,0.225945
183.976,0.22623
184.034,0.226555
184.114,0.226087
184.154,0.225935
184.234,0.226067
184.314,0.227033
184.357,0.22686
184.434,0.225742
184.514,0.226799
184.554,0.226189
184.635,0.227236
184.714,0.23002
184.754,0.229543
184.834,0.227907
184.914,0.227754
184.954,0.227012
185.034,0.226606
185.114,0.228679
185.154,0.230518
185.234,0.231016
185.314,0.23123
185.358,0.232144
185.434,0.231921
185.514,0.239593
185.599,0.237866
185.634,0.238933
185.714,0.239126
185.754,0.237439
185.834,0.238425
185.914,0.237307
185.954,0.237459
186.034,0.239106
186.114,0.237673
186.154,0.236839
186.234,0.235823
186.315,0.236026
186.357,0.234004
186.434,0.235315
186.514,0.234695
186.554,0.236982
186.634,0.233415
186.714,0.23439
186.754,0.233374
186.834,0.235122
186.914,0.235478
186.954,0.236697
187.034,0.235325
187.114,0.236057
187.154,0.231911
187.279,0.231819
187.314,0.231789
187.357,0.229614
187.434,0.23127
187.514,0.231453
187.574,0.232337
187.634,0.23248
187.714,0.231921
187.754,0.232795
187.834,0.232967
187.914,0.233913
187.954,0.235142
188.034,0.236697
188.114,0.237073
188.154,0.237988
188.234,0.238435
188.314,0.23752
188.357,0.238394
188.434,0.238242
188.514,0.238526
188.554,0.239736
188.634,0.241626
188.714,0.242846
188.754,0.244136
188.834,0.248404
188.959,0.248669
188.976,0.247154
189.034,0.246616
189.114,0.24687
189.154,0.248323
189.234,0.248384
189.314,0.248831
189.357,0.24815
189.434,0.248679
189.514,0.249248
189.554,0.249411
189.634,0.249593
189.714,0.249065
189.754,0.249004
189.834,0.249004
189.914,0.249299
189.954,0.249441
190.034,0.250508
190.114,0.249289
190.154,0.249187
190.234,0.249939
190.314,0.250732
190.357,0.251362
190.434,0.251453
190.514,0.253242
190.599,0.255661
190.634,0.256006
190.714,0.257185
190.754,0.256829
190.834,0.257378
190.914,0.258852
190.954,0.260224
191.034,0.259156
191.114,0.261138
191.154,0.26003
191.234,0.261646
191.314,0.261362
191.358,0.260823
191.434,0.259502
191.514,0.261026
191.554,0.261707
191.634,0.265427
191.714,0.267795
191.754,0.267124
191.834,0.267398
191.914,0.268089
191.954,0.267561
192.034,0.266443
192.114,0.268039
192.154,0.262713
192.258,0.2669
192.314,0.264634
192.358,0.265244
192.434,0.267917
192.514,0.268272
192.554,0.269411
192.634,0.269939
192.714,0.268303
192.754,0.26435
192.834,0.263191
192.914,0.262967
192.955,0.262134
193.034,0.26128
193.114,0.262785
193.155,0.259197
193.234,0.259299
193.314,0.258039
193.357,0.256179
193.434,0.254756
193.514,0.25501
193.554,0.257175
193.634,0.257795
193.714,0.258567
193.754,0.259634
193.834,0.257276
193.939,0.257043
193.956,0.259096
194.034,0.258862
194.115,0.258628
194.154,0.2581
194.234,0.257012
194.314,0.256443
194.357,0.254451
194.434,0.254197
194.514,0.253902
194.554,0.254715
194.635,0.255437
194.714,0.255142
194.754,0.255894
194.834,0.256006
194.914,0.255234
194.954,0.254309
195.034,0.256291
195.114,0.257002
195.154,0.261961
195.234,0.265203
195.314,0.265986
195.357,0.269685
195.434,0.267632
195.514,0.264441
195.598,0.264014
195.654,0.264909
195.714,0.265142
195.774,0.263577
195.834,0.265518
195.914,0.268821
195.954,0.26999
196.034,0.273476
196.114,0.274634
196.154,0.279939
196.234,0.287978
196.314,0.290091
196.357,0.295976
196.434,0.300996
196.515,0.303852
196.554,0.309329
196.634,0.310417
196.714,0.312774
196.754,0.312439
196.834,0.313323
196.914,0.315315
196.954,0.313323
197.055,0.306026
197.114,0.30127
197.154,0.27
197.278,0.274614
197.314,0.275732
197.357,0.275528
197.434,0.277053
197.514,0.277551
197.554,0.280102
197.634,0.280163
197.714,0.279827
197.754,0.281006
197.834,0.284024
197.914,0.284492
197.954,0.287144
198.034,0.289492
198.114,0.289604
198.154,0.2931
198.234,0.296169
198.314,0.296687
198.358,0.300142
198.434,0.303689
198.514,0.305681
198.554,0.309309
198.634,0.313669
198.714,0.314106
198.754,0.316209
198.834,0.301575
198.938,0.303079
198.955,0.315213
199.034,0.329411
199.114,0.334411
199.154,0.346453
199.234,0.358039
199.314,0.363069
199.358,0.372246
199.434,0.380894
199.514,0.383476
199.554,0.390081
199.634,0.392144
199.714,0.393222
199.754,0.394014
199.834,0.396138
199.914,0.397439
199.954,0.398933
200.034,0.401687
200.114,0.40378
200.154,0.4056
200.234,0.413425
200.314,0.417449
200.357,0.427002
200.434,0.437388
200.514,0.440945
200.558,0.449766
200.634,0.455437
200.714,0.458425
200.754,0.460366
200.834,0.461138
200.914,0.461809
200.954,0.463699
201.034,0.464654
201.114,0.465091
201.154,0.46752
201.234,0.469543
201.314,0.468242
201.357,0.469583
201.434,0.469268
201.514,0.468486
201.554,0.468313
201.634,0.467998
201.714,0.466413
201.754,0.464787
201.834,0.464807
201.914,0.463872
201.954,0.463161
202.034,0.461768
202.114,0.460488
202.154,0.449522
202.258,0.450904
202.314,0.451504
202.357,0.453191
202.434,0.457724
202.514,0.458984
202.554,0.461138
202.634,0.462388
202.714,0.460264
202.754,0.457835
202.834,0.455417
202.914,0.455193
202.954,0.453232
203.034,0.453262
203.114,0.452917
203.154,0.452835
203.234,0.452551
203.314,0.452774
203.357,0.451382
203.434,0.451026
203.514,0.455051
203.554,0.466362
203.634,0.47812
203.714,0.481453
203.754,0.487622
203.834,0.480457
203.939,0.486382
203.956,0.493486
204.034,0.497927
204.114,0.502317
204.154,0.504563
204.234,0.506006
204.314,0.507358
204.358,0.509045
204.434,0.508963
204.514,0.509502
204.554,0.510569
204.634,0.511717
204.714,0.510203
204.754,0.508638
204.834,0.509512
204.914,0.509126
204.954,0.510081
205.034,0.510224
205.114,0.508069
205.154,0.504593
205.234,0.505041
205.314,0.5056
205.358,0.506941
205.434,0.508323
205.514,0.505061
205.598,0.505661
205.634,0.504593
205.714,0.504756
205.754,0.503465
205.834,0.49874
205.914,0.498404
205.954,0.496717
206.034,0.494126
206.114,0.493933
206.154,0.492967
206.234,0.49313
206.314,0.492571
206.357,0.492815
206.434,0.493191
206.514,0.493526
206.554,0.494787
206.634,0.494573
206.714,0.495437
206.754,0.496758
206.834,0.496646
206.914,0.495854
206.954,0.496789
207.034,0.498313
207.114,0.49938
207.154,0.496758
207.277,0.498354
207.314,0.499543
207.357,0.497795
207.434,0.497967
207.514,0.497795
207.554,0.498008
207.634,0.498526
207.714,0.498191
207.754,0.50065
207.834,0.502195
207.914,0.50314
207.954,0.503008
208.034,0.502642
208.114,0.502063
208.154,0.500691
208.234,0.499624
208.314,0.498984
208.357,0.498526
208.434,0.49877
208.514,0.498923
208.554,0.498852
208.634,0.499421
208.714,0.500671
208.754,0.50128
208.834,0.496362
208.958,0.496423
208.975,0.496972
209.034,0.500793
209.114,0.502866
209.154,0.504177
209.234,0.505417
209.314,0.505671
209.357,0.50625
209.434,0.505793
209.514,0.506118
209.554,0.506555
209.634,0.505894
209.714,0.506118
209.754,0.506047
209.834,0.506179
209.914,0.505976
209.954,0.505945
210.034,0.506474
210.114,0.506951
210.154,0.507215
210.234,0.507144
210.314,0.507073
210.357,0.506819
210.434,0.507398
210.514,0.507185
210.598,0.507175
210.654,0.507276
210.714,0.507531
210.754,0.508008
210.834,0.507967
210.914,0.508547
210.954,0.508902
211.034,0.509024
211.114,0.509441
211.154,0.509726
211.234,0.510224
211.314,0.510396
211.357,0.511402
211.434,0.513303
211.514,0.513913
211.554,0.516189
211.634,0.519116
211.714,0.520976
211.754,0.52503
211.834,0.527246
211.914,0.528598
211.954,0.530467
212.034,0.533547
212.114,0.535488
212.154,0.535193
212.278,0.540437
212.314,0.542215
212.357,0.545823
212.434,0.548516
212.514,0.551494
212.554,0.556606
212.634,0.560925
212.714,0.563648
212.754,0.565742
212.834,0.566961
212.914,0.567388
212.954,0.567246
213.034,0.56938
213.114,0.570894
213.154,0.572886
213.234,0.574848
213.314,0.575996
213.357,0.577713
213.424,0.579278
213.505,0.579756
213.544,0.581138
213.625,0.582561
213.705,0.583465
213.744,0.584563
213.824,0.582083
213.969,0.582652
214.005,0.582947
214.024,0.583303
214.104,0.583862
214.144,0.584583
214.225,0.58561
214.304,0.585874
214.345,0.587957
214.424,0.590579
214.505,0.592429
214.544,0.594278
214.625,0.594756
214.704,0.595315
214.744,0.59685
214.824,0.599055
214.904,0.600549
214.945,0.603608
215.024,0.606565
215.104,0.607663
215.144,0.609726
215.225,0.611514
215.304,0.612358
215.345,0.613892
215.424,0.615254
215.505,0.613364
215.609,0.614319
215.664,0.615173
215.704,0.61564
215.744,0.615874
215.824,0.615884
215.904,0.617073
215.945,0.617063
216.024,0.6175
216.104,0.617744
216.144,0.617998
216.225,0.618608
216.304,0.618902
216.345,0.619004
216.424,0.619339
216.505,0.620224
216.544,0.62003
216.625,0.620366
216.705,0.620295
216.744,0.619665
216.825,0.619339
216.904,0.619726
216.945,0.619675
217.024,0.621606
217.104,0.62252
217.144,0.617469
217.289,0.616118
217.306,0.616931
217.345,0.61815
217.424,0.618374
217.505,0.617856
217.544,0.617337
217.625,0.617348
217.704,0.618222
217.744,0.618841
217.824,0.619573
217.904,0.620325
217.945,0.62122
218.024,0.621352
218.104,0.621514
218.144,0.621047
218.225,0.621016
218.304,0.619411
218.345,0.618638
218.424,0.617998
218.505,0.617693
218.544,0.616819
218.625,0.616199
218.704,0.616209
218.744,0.616077
218.824,0.598638
218.969,0.59877
218.986,0.598404
219.024,0.597205
219.104,0.597063
219.144,0.596677
219.225,0.596951
219.304,0.598669
219.345,0.600854
219.424,0.600285
219.504,0.599319
219.544,0.599431
219.625,0.600041
219.704,0.600711
219.744,0.599461
219.824,0.598984
219.904,0.59935
219.945,0.599533
220.024,0.599543
220.104,0.599766
220.144,0.600346
220.225,0.600427
220.304,0.600335
220.345,0.599837
220.424,0.599167
220.505,0.59563
220.589,0.595691
220.625,0.595955
220.704,0.596972
220.744,0.597144
220.824,0.597002
220.904,0.596717
220.944,0.596809
221.024,0.596972
221.104,0.597033
221.144,0.59686
221.224,0.596951
221.305,0.596667
221.345,0.597409
221.424,0.59752
221.505,0.597764
221.544,0.597846
221.625,0.598283
221.704,0.598882
221.744,0.599776
221.824,0.599776
221.904,0.600569
221.945,0.601199
222.024,0.601199
222.104,0.60123
222.144,0.598781
222.29,0.599187
222.307,0.599837
222.345,0.600417
222.444,0.600772
222.505,0.601748
222.544,0.60251
222.625,0.602774
222.704,0.603201
222.744,0.603181
222.824,0.602622
222.904,0.602246
222.945,0.601799
223.024,0.600965
223.104,0.601108
223.144,0.601189
223.225,0.601087
223.304,0.601189
223.344,0.601138
223.424,0.601545
223.504,0.60127
223.544,0.60122
223.625,0.601565
223.704,0.601646
223.744,0.601311
223.824,0.596443
223.97,0.596829
223.987,0.596392
224.024,0.59625
224.104,0.59625
224.144,0.595823
224.225,0.595823
224.304,0.595325
224.345,0.595112
224.424,0.595285
224.505,0.595386
224.544,0.595091
224.625,0.595478
224.704,0.596006
224.744,0.596423
224.824,0.596717
224.904,0.596911
224.944,0.596941
225.024,0.597043
225.104,0.597226
225.144,0.59687
225.224,0.596596
225.304,0.596382
225.345,0.596352
225.424,0.596474
225.505,0.593394
225.589,0.593425
225.645,0.593587
225.704,0.594238
225.744,0.594746
225.824,0.59501
225.904,0.595488
225.945,0.596016
226.024,0.596199
226.104,0.596758
226.144,0.596911
226.224,0.596972
226.305,0.597439
226.344,0.597307
226.425,0.597348
226.505,0.597175
226.544,0.597419
226.624,0.597642
226.704,0.597785
226.744,0.597896
226.824,0.598089
226.904,0.598262
226.945,0.59815
227.024,0.598303
227.104,0.598516
227.144,0.595742
227.29,0.595518
227.325,0.595457
227.364,0.595752
227.434,0.595722
227.514,0.596026
227.554,0.59624
227.634,0.596209
227.714,0.596585
227.754,0.596697
227.834,0.596992
227.914,0.597114
227.955,0.5969
228.034,0.596931
228.114,0.597124
228.154,0.596992
228.234,0.597134
228.314,0.597134
228.354,0.597378
228.434,0.597337
228.514,0.597236
228.554,0.596667
228.634,0.595102
228.714,0.594136
228.754,0.593293
228.834,0.5794
228.959,0.5794
228.976,0.579411
229.034,0.579512
229.114,0.579726
229.154,0.58002
229.254,0.579817
229.314,0.580061
229.354,0.579787
229.434,0.579654
229.514,0.579512
229.554,0.579522
229.634,0.579411
229.714,0.579898
229.754,0.580061
229.834,0.580031
229.914,0.580518
229.954,0.580589
230.034,0.580457
230.114,0.5806
230.154,0.580915
230.234,0.580854
230.314,0.580742
230.357,0.5806
230.434,0.580559
230.514,0.573445
230.599,0.573974
230.634,0.574329
230.714,0.574848
230.754,0.575366
230.834,0.575081
230.914,0.575386
230.954,0.575193
231.034,0.575366
231.114,0.575447
231.154,0.57561
231.234,0.576016
231.314,0.576087
231.357,0.575986
231.434,0.575894
231.514,0.576138
231.554,0.576169
231.634,0.575986
231.714,0.576138
231.754,0.576413
231.834,0.576453
231.914,0.57688
231.954,0.576921
232.034,0.577429
232.114,0.577591
232.154,0.57628
232.279,0.57623
232.314,0.576921
232.354,0.577012
232.434,0.576636
232.514,0.576596
232.554,0.576941
232.634,0.577053
232.714,0.577266
232.754,0.577632
232.834,0.578039
232.914,0.577144
232.955,0.57752
233.034,0.577154
233.114,0.577033
233.154,0.577927
233.234,0.578059
233.314,0.578018
233.356,0.577876
233.434,0.578465
233.514,0.578344
233.554,0.578272
233.634,0.577978
233.714,0.577856
233.754,0.577632
233.834,0.577205
233.959,0.577226
233.976,0.577439
234.034,0.577805
234.114,0.577581
234.154,0.577734
234.234,0.577287
234.314,0.577388
234.357,0.577571
234.434,0.577652
234.514,0.57812
234.554,0.578313
234.634,0.578344
234.714,0.578699
234.754,0.578608
234.834,0.57877
234.914,0.578689
234.954,0.578709
235.034,0.57873
235.114,0.578862
235.154,0.579116
235.234,0.57939
235.314,0.579502
235.354,0.579634
235.434,0.580132
235.514,0.576443
235.599,0.575904
235.634,0.575833
235.714,0.575844
235.754,0.576341
235.834,0.57624
235.914,0.576748
235.954,0.576677
236.034,0.576839
236.114,0.576911
236.154,0.577439
236.234,0.577906
236.315,0.57813
236.357,0.578344
236.434,0.578659
236.514,0.578638
236.554,0.579055
236.634,0.579136
236.714,0.579238
236.754,0.57936
236.834,0.579888
236.914,0.579685
236.954,0.579634
237.034,0.579848
237.114,0.57999
237.154,0.578659
237.28,0.578283
237.314,0.578354
237.356,0.578069
237.434,0.577906
237.514,0.578171
237.554,0.578526
237.634,0.578364
237.714,0.578262
237.754,0.574502
238.96,0.575325
237.86,0.57561
239.034,0.57623
237.98,0.576159
238.02,0.576453
238.1,0.576352
238.18,0.576657
238.222,0.576616
238.3,0.577317
238.38,0.577957
238.42,0.578049
238.5,0.578161
238.58,0.578496
238.62,0.578628
238.7,0.578689
238.78,0.578608
238.82,0.578313
238.9,0.57815
238.98,0.578537
239.02,0.57878
239.1,0.578913
239.18,0.578689
239.222,0.578272
239.3,0.578344
239.38,0.576006
239.465,0.576514
239.5,0.57626
239.58,0.576484
239.62,0.576717
239.7,0.576717
239.78,0.577276
239.82,0.577266
239.9,0.577856
239.98,0.578425
240.02,0.578709
240.1,0.578963
240.18,0.578882
240.22,0.578577
240.291,0.578689
240.37,0.578821
240.41,0.578669
240.49,0.578831
240.57,0.57874
240.61,0.578963
240.69,0.579065
240.77,0.579329
240.81,0.580467
240.89,0.581352
240.97,0.582022
241.01,0.581626
241.136,0.581301
241.171,0.581423
241.21,0.580671
241.29,0.580661
241.37,0.580691
241.41,0.580417
241.49,0.580386
241.57,0.5806
241.61,0.580681
241.69,0.581108
241.77,0.581585
241.811,0.581961
241.89,0.582022
241.97,0.582429
242.01,0.582215
242.091,0.582307
242.17,0.582785
242.21,0.582774
242.29,0.582307
242.37,0.58251
242.41,0.582581
242.49,0.582591
242.57,0.582805
242.61,0.582886
242.69,0.579797
242.817,0.580285
242.85,0.580071
242.89,0.58062
242.97,0.58063
243.01,0.581087
243.09,0.580945
243.17,0.581362
243.21,0.582063
243.29,0.58253
243.37,0.582551
243.41,0.583069
243.491,0.582754
243.57,0.583039
243.61,0.583648
243.69,0.583618
243.771,0.583638
243.811,0.58376
243.89,0.58378
243.97,0.584258
244.01,0.584116
244.09,0.584075
244.17,0.584604
244.211,0.584583
244.29,0.584604
244.37,0.583161
244.456,0.582419
244.49,0.58253
244.57,0.582398
244.61,0.582906
244.69,0.583516
244.77,0.583181
244.81,0.583323
244.89,0.583354
244.97,0.583272
245.01,0.583689
245.09,0.583669
245.171,0.583923
245.211,0.58435
245.29,0.584959
245.37,0.584888
245.41,0.585193
245.49,0.584949
245.57,0.584919
245.61,0.58498
245.69,0.584888
245.77,0.584797
245.81,0.584461
245.89,0.584482
245.97,0.584573
246.01,0.582409
246.137,0.582358
246.17,0.58252
246.21,0.583211
246.29,0.583293
246.37,0.58313
246.41,0.583181
246.49,0.582927
246.59,0.583364
246.61,0.583039
246.69,0.58374
246.77,0.583608
246.811,0.584228
246.89,0.584421
246.97,0.584502
247.01,0.584431
247.09,0.584634
247.17,0.584898
247.21,0.584675
247.29,0.585041
247.37,0.585163
247.41,0.585356
247.49,0.585457
247.57,0.585783
247.61,0.586067
247.69,0.583953
247.797,0.58436
247.814,0.584654
247.89,0.584411
247.97,0.585
248.01,0.585203
248.09,0.585315
248.17,0.585132
248.211,0.584746
248.29,0.584929
248.37,0.585081
248.41,0.584919
248.49,0.584858
248.57,0.584726
248.61,0.584949
248.69,0.584736
248.77,0.584766
248.81,0.58438
248.89,0.584614
248.97,0.584319
249.01,0.584339
249.09,0.584888
249.17,0.584929
249.21,0.584776
249.29,0.58502
249.37,0.585325
249.457,0.585285
249.49,0.585254
249.57,0.585661
249.61,0.586199
249.69,0.586687
249.77,0.585996
249.81,0.586636
249.89,0.586677
249.97,0.58689
250.01,0.587327
250.09,0.587276
250.171,0.587378
250.21,0.587541
250.29,0.587612
250.37,0.587876
250.41,0.587876
250.49,0.58815
250.57,0.588496
250.61,0.588344
250.69,0.589329
250.77,0.589411
250.81,0.589157
250.89,0.589502
250.97,0.59
251.01,0.58623
251.136,0.58687
251.17,0.586596
251.21,0.586839
251.29,0.58686
251.37,0.586636
251.41,0.586758
251.49,0.587165
251.57,0.587673
251.61,0.58873
251.69,0.590376
251.77,0.591596
251.811,0.59313
251.89,0.595061
251.97,0.595701
252.01,0.597937
252.09,0.59999
252.171,0.600874
252.21,0.603171
252.29,0.605071
252.37,0.606565
252.41,0.608384
252.49,0.61062
252.57,0.611484
252.61,0.614004
252.69,0.614319
252.816,0.615549
252.833,0.616382
252.89,0.617805
252.97,0.618913
253.01,0.620325
253.09,0.621575
253.17,0.622083
253.21,0.6225
253.29,0.624573
253.37,0.625579
253.41,0.627388
253.491,0.628547
253.571,0.629461
253.61,0.627571
253.69,0.626941
253.77,0.626108
253.81,0.625559
253.89,0.625508
253.97,0.624888
254.01,0.624593
254.091,0.621717
254.17,0.620945
254.211,0.619787
254.29,0.618608
254.37,0.595691
254.455,0.595711
254.51,0.596839
254.57,0.597439
254.61,0.598415
254.69,0.599278
254.77,0.599522
254.81,0.60062
254.89,0.600589
254.97,0.600335
255.01,0.600122
255.09,0.599868
255.17,0.599522
255.211,0.599726
255.29,0.600041
255.37,0.600112
255.41,0.600427
255.49,0.600579
255.57,0.600752
255.61,0.600843
255.69,0.600925
255.77,0.600854
255.811,0.600691
255.89,0.601006
255.97,0.600823
256.011,0.59751
256.135,0.597459
256.17,0.597673
256.21,0.597774
256.29,0.596778
256.37,0.597236
256.41,0.596738
256.49,0.596057
256.57,0.596443
256.61,0.596402
256.69,0.596768
256.77,0.597774
256.811,0.598659
256.89,0.598364
256.971,0.597846
257.01,0.598374
257.09,0.598953
257.171,0.598709
257.211,0.599339
257.291,0.599156
257.371,0.599421
257.41,0.598984
257.491,0.599177
257.571,0.599472
257.61,0.599502
257.691,0.594909
257.816,0.595213
257.833,0.595356
257.89,0.595742
257.97,0.595783
258.01,0.595976
258.09,0.595874
258.17,0.595915
258.21,0.595772
258.29,0.596006
258.37,0.595264
258.41,0.594563
258.491,0.594797
258.57,0.59624
258.61,0.596606
258.69,0.59686
258.77,0.597114
258.81,0.596179
258.89,0.59565
258.971,0.595203
259.01,0.593689
259.09,0.592581
259.17,0.593161
259.21,0.593984
259.29,0.594787
259.37,0.59503
259.436,0.594177
259.49,0.594787
259.57,0.594929
259.61,0.59503
259.69,0.594238
259.77,0.59437
259.81,0.594776
259.89,0.594837
259.97,0.594705
260.01,0.594624
260.09,0.594431
260.17,0.594644
260.211,0.595508
260.29,0.596311
260.37,0.596392
260.41,0.596504
260.49,0.596169
260.57,0.595783
260.61,0.59622
260.691,0.596524
260.77,0.596453
260.811,0.596301
260.891,0.595945
260.97,0.596077
261.01,0.595183
261.136,0.594553
261.171,0.595152
261.21,0.594736
261.29,0.594705
261.37,0.594655
261.41,0.594197
261.49,0.594004
261.57,0.593841
261.61,0.593384
261.69,0.593008
261.77,0.593191
261.811,0.593201
261.891,0.59313
261.97,0.593415
262.01,0.594035
262.09,0.593039
262.17,0.5931
262.21,0.592571
262.29,0.593394
262.37,0.593384
262.41,0.593333
262.491,0.593343
262.57,0.593293
262.611,0.592957
262.69,0.589502
262.797,0.588689
262.814,0.587632
262.89,0.587876
262.97,0.58815
263.01,0.588638
263.09,0.588811
263.17,0.589024
263.21,0.589431
263.29,0.589177
263.37,0.589431
263.41,0.589258
263.491,0.588821
263.57,0.589065
263.61,0.589289
263.691,0.589604
263.77,0.59003
263.81,0.589949
263.89,0.589919
263.97,0.589909
264.01,0.590386
264.09,0.590711
264.17,0.590478
264.21,0.590518
264.29,0.591077
264.37,0.58997
264.455,0.590488
264.49,0.590508
264.57,0.590661
264.61,0.590935
264.69,0.590762
264.77,0.590793
264.81,0.590376
264.89,0.589909
264.97,0.589858
265.01,0.589939
265.09,0.590742
265.171,0.591179
265.211,0.590965
265.29,0.591443
265.37,0.591159
265.41,0.591697
265.491,0.591575
265.57,0.591555
265.61,0.591575
265.691,0.591138
265.77,0.591362
265.81,0.591128
265.891,0.590904
265.97,0.591413
266.01,0.587642
266.136,0.587906
266.17,0.587886
266.21,0.588211
266.29,0.587937
266.37,0.588069
266.41,0.587287
266.49,0.587673
266.57,0.587673
266.61,0.588191
266.69,0.58815
266.77,0.58815
266.811,0.588201
266.891,0.588069
266.971,0.588252
267.01,0.588354
267.09,0.588415
267.17,0.588242
267.21,0.588598
267.29,0.588455
267.37,0.588455
267.41,0.588577
267.49,0.588791
267.57,0.58876
267.61,0.58876
267.69,0.588252
267.816,0.587947
267.833,0.588516
267.89,0.588831
267.97,0.588933
268.01,0.589492
268.091,0.589228
268.17,0.588852
268.211,0.589299
268.29,0.589665
268.37,0.589726
268.41,0.589207
268.491,0.58939
268.571,0.589593
268.61,0.589593
268.69,0.589543
268.771,0.589472
268.81,0.589217
268.89,0.589614
268.97,0.589624
269.01,0.589746
269.09,0.588862
269.17,0.588882
269.21,0.58935
269.29,0.589065
269.37,0.584695
269.456,0.584858
269.49,0.585955
269.57,0.585986
269.61,0.585894
269.69,0.586646
269.77,0.586738
269.81,0.586789
269.891,0.587276
269.97,0.587144
270.01,0.586819
270.09,0.586504
270.171,0.586748
270.211,0.587266
270.291,0.587124
270.371,0.587358
270.41,0.587409
270.491,0.587317
270.57,0.587297
270.61,0.587256
270.691,0.587398
270.77,0.587297
270.811,0.58753
270.891,0.58753
270.97,0.58753
271.01,0.586321
277.816,0.586382
277.833,0.586321
271.157,0.586037
271.237,0.585976
271.277,0.58626
271.358,0.586524
271.437,0.58686
271.477,0.586819
271.557,0.5869
271.637,0.587063
271.677,0.586839
271.778,0.586829
271.837,0.587195
271.877,0.586961
271.957,0.58688
272.037,0.586931
272.077,0.587063
272.157,0.586921
272.237,0.587043
272.278,0.587032
272.357,0.587449
272.438,0.587307
272.477,0.58747
272.558,0.587317
272.638,0.582612
272.722,0.582988
272.778,0.58311
272.837,0.58373
272.877,0.585122
272.977,0.585549
273.037,0.585518
273.077,0.585701
273.157,0.585965
273.237,0.586128
273.277,0.586392
273.357,0.586504
273.438,0.586484
273.477,0.586707
273.557,0.585996
273.637,0.585965
273.677,0.586677
273.758,0.586768
273.838,0.587063
273.877,0.587307
273.958,0.587937
274.038,0.587835
274.077,0.588232
274.158,0.588323
274.238,0.588089
274.277,0.587663
274.383,0.587927
274.437,0.587795
274.477,0.587632
274.557,0.587337
274.637,0.58686
274.677,0.587083
274.757,0.58686
274.837,0.586728
274.878,0.586291
274.957,0.586606
275.038,0.586575
275.078,0.587165
275.157,0.587388
275.237,0.587459
275.278,0.587368
275.357,0.587906
275.438,0.587866
275.477,0.588496
275.558,0.588831
275.638,0.589228
275.677,0.590213
275.758,0.590925
275.838,0.591301
275.877,0.592815
275.958,0.589045
276.082,0.590976
276.099,0.59186
276.158,0.592459
276.237,0.593079
276.277,0.593262
276.357,0.594248
276.437,0.59501
276.477,0.5975
276.557,0.59753
276.637,0.597866
276.677,0.598862
276.758,0.598913
276.837,0.598913
276.877,0.597358
276.958,0.597154
277.037,0.598272
277.077,0.598943
277.158,0.598811
277.237,0.600681
277.277,0.600203
277.358,0.600904
277.437,0.600173
277.477,0.60249
277.558,0.604431
277.637,0.601606
277.722,0.603547
277.757,0.604807
277.837,0.606829
277.877,0.607429
277.957,0.607256
278.037,0.609268
278.077,0.610183
278.157,0.608872
278.237,0.607835
278.277,0.611179
278.357,0.610203
278.438,0.609573
278.478,0.61373
278.558,0.613211
278.637,0.613008
278.677,0.61186
278.757,0.612022
278.837,0.611982
278.877,0.609116
278.957,0.6075
279.038,0.605864
279.078,0.601697
279.157,0.598191
279.237,0.597459
279.278,0.593984
279.362,0.588333
279.437,0.586504
279.477,0.581219
279.557,0.580986
279.637,0.581189
279.677,0.581016
279.758,0.581951
279.837,0.583486
279.877,0.584675
279.957,0.586331
280.037,0.586423
280.078,0.584888
280.158,0.585285
280.238,0.586402
280.277,0.585884
280.358,0.58123
280.438,0.580925
280.478,0.576677
280.557,0.570315
280.637,0.570051
280.677,0.567124
280.757,0.562907
280.838,0.561037
280.877,0.558028
280.957,0.548892
281.083,0.545112
281.1,0.537642
281.157,0.534319
281.237,0.53253
281.277,0.531596
281.357,0.529065
281.437,0.529187
281.478,0.528171
281.557,0.524726
281.637,0.525091
281.678,0.518059
281.758,0.515498
281.838,0.515325
281.877,0.514654
281.958,0.514929
282.038,0.513943
282.078,0.512785
282.158,0.51437
282.238,0.515569
282.277,0.524309
282.358,0.52811
282.438,0.530345
282.478,0.545955
282.568,0.551179
282.647,0.552571
282.711,0.557642
282.767,0.560894
282.847,0.563628
282.887,0.574665
282.987,0.58125
283.047,0.585986
283.087,0.590396
283.167,0.595589
283.247,0.595854
283.287,0.609339
283.367,0.611189
283.448,0.614533
283.487,0.616352
283.567,0.619766
283.647,0.620823
283.687,0.628709
283.767,0.629177
283.847,0.635081
283.887,0.633618
283.967,0.63311
284.047,0.633039
284.087,0.627398
284.167,0.627652
284.247,0.629695
284.287,0.635122
284.391,0.636159
284.447,0.635264
284.491,0.633496
284.567,0.627531
284.647,0.62938
284.687,0.625762
284.767,0.620711
284.847,0.618669
284.887,0.604827
284.967,0.59189
285.047,0.582571
285.088,0.56686
285.168,0.552317
285.248,0.544187
285.288,0.530366
285.367,0.521402
285.448,0.51812
285.491,0.513587
285.568,0.515041
285.647,0.515864
285.687,0.513892
285.767,0.513608
285.848,0.516687
285.887,0.520285
285.968,0.524248
286.072,0.524685
286.089,0.523933
286.167,0.5244
286.247,0.526057
286.287,0.525447
286.367,0.520965
286.447,0.521636
286.491,0.518089
286.567,0.513394
286.647,0.517215
286.687,0.515783
286.768,0.512205
286.849,0.511789
286.887,0.516819
286.967,0.522988
287.047,0.525488
287.088,0.535427
287.167,0.547409
287.249,0.549573
287.287,0.558608
287.37,0.560549
287.449,0.558902
287.491,0.557581
287.569,0.556707
287.647,0.555823
287.734,0.550234
287.768,0.55312
287.847,0.557917
287.887,0.560244
287.968,0.556169
288.047,0.553364
288.089,0.550467
288.167,0.54625
288.247,0.544624
288.288,0.538689
288.367,0.534187
288.449,0.532571
288.491,0.528343
288.568,0.525285
288.649,0.522744
288.688,0.520163
288.768,0.513913
288.849,0.514106
288.889,0.510732
288.967,0.516819
289.049,0.517856
289.089,0.527124
289.169,0.53623
289.249,0.539837
289.288,0.552876
289.391,0.560071
289.449,0.564746
289.488,0.568242
289.568,0.564441
289.649,0.566494
289.688,0.569055
289.768,0.572967
289.849,0.571697
289.889,0.567307
289.968,0.563933
290.049,0.562673
290.088,0.55812
290.169,0.556159
290.249,0.557622
290.288,0.557917
290.368,0.559644
290.449,0.559654
290.491,0.564309
290.568,0.568272
290.649,0.571474
290.688,0.573862
290.768,0.578872
290.849,0.577165
290.889,0.573801
290.968,0.565681
291.092,0.564421
291.109,0.566921
291.169,0.565996
291.249,0.565752
291.288,0.564035
291.368,0.560843
291.449,0.557469
291.491,0.550772
291.568,0.546941
291.649,0.544502
291.689,0.535864
291.768,0.524695
291.849,0.519157
291.889,0.506697
291.968,0.498415
292.049,0.496047
292.088,0.487561
292.169,0.477896
292.249,0.472642
292.289,0.461098
292.368,0.453567
292.449,0.452449
292.491,0.445274
292.568,0.441138
292.649,0.441911
292.732,0.434543
292.787,0.425081
292.849,0.421199
292.888,0.412134
292.968,0.402632
293.048,0.402907
293.088,0.397053
293.169,0.393669
293.249,0.396077
293.288,0.395894
293.368,0.395671
293.449,0.398547
293.491,0.402063
293.568,0.411341
293.649,0.418628
293.688,0.426179
293.77,0.439421
293.849,0.445376
293.889,0.456402
293.968,0.467541
294.049,0.473283
294.088,0.4831
294.169,0.485884
294.25,0.483913
294.288,0.487703
294.372,0.490803
294.449,0.490549
294.492,0.490407
294.568,0.495244
294.649,0.501768
294.688,0.512937
294.768,0.521484
294.849,0.524888
294.889,0.532226
294.968,0.538923
295.049,0.541606
295.088,0.549705
295.169,0.555285
295.249,0.560498
295.288,0.566585
295.368,0.574807
295.449,0.579045
295.491,0.586961
295.568,0.590661
295.649,0.590915
295.688,0.594482
295.769,0.605285
295.849,0.609512
295.889,0.617297
295.969,0.629278
296.092,0.631839
296.109,0.644492
296.169,0.654055
296.249,0.661352
296.288,0.662998
296.368,0.657327
296.449,0.659533
296.491,0.660894
296.568,0.667917
296.649,0.672419
296.689,0.682785
296.769,0.684156
296.849,0.690884
296.889,0.685742
296.969,0.677967
297.049,0.67689
297.088,0.668333
297.169,0.656433
297.249,0.648496
297.288,0.63561
297.368,0.627002
297.449,0.627063
297.491,0.614909
297.568,0.609441
297.649,0.612917
297.711,0.602226
297.768,0.604136
297.849,0.604085
297.889,0.609431
297.968,0.610234
298.049,0.614096
298.088,0.626026
298.169,0.638059
298.249,0.648852
298.288,0.645986
298.369,0.641423
298.449,0.642734
298.491,0.643902
298.568,0.628628
298.649,0.630203
298.689,0.616697
298.768,0.603841
298.849,0.598089
298.889,0.595955
298.968,0.590671
299.049,0.593343
299.089,0.593923
299.169,0.591707
299.249,0.594177
299.288,0.614888
299.412,0.61375
299.449,0.618018
299.491,0.605132
299.568,0.596087
299.649,0.600396
299.688,0.598293
299.768,0.597256
299.849,0.593781
299.889,0.581494
299.969,0.575874
300.049,0.572927
300.089,0.552327
300.17,0.533333
300.249,0.528028
300.288,0.507083
300.368,0.494228
300.449,0.490071
300.491,0.465854
300.568,0.446535
300.649,0.441839
300.689,0.429766
300.768,0.434919
300.849,0.442236
300.889,0.448628
300.969,0.447906
301.071,0.45815
301.088,0.476413
301.17,0.493567
301.249,0.501616
301.288,0.516596
301.368,0.532073
301.449,0.538191
301.492,0.551392
301.568,0.555843
301.649,0.559411
301.688,0.559949
301.768,0.559766
301.849,0.560691
301.889,0.557358
301.968,0.556494
302.049,0.556382
302.088,0.553171
302.169,0.551443
302.249,0.551484
302.288,0.54874
302.368,0.546484
302.428,0.546016
302.491,0.542104
302.568,0.537551
302.649,0.537012
302.692,0.533872
302.768,0.534461
302.849,0.534055
302.889,0.534136
302.968,0.534136
303.049,0.533699
303.088,0.532805
303.169,0.534543
303.228,0.535711
303.288,0.54626
303.368,0.558709
303.449,0.5625
303.491,0.58125
303.568,0.587246
303.629,0.594858
303.688,0.602195
303.768,0.617978
303.828,0.623994
303.889,0.633303
303.948,0.650335
304.028,0.659807
304.088,0.673374
304.148,0.690813
304.228,0.697683
304.288,0.71062
304.372,0.726087
304.428,0.73626
304.468,0.743435
304.548,0.750285
304.628,0.750142
304.668,0.751524
304.748,0.748516
304.828,0.751829
304.868,0.74376
304.948,0.740051
305.028,0.739431
305.068,0.743415
305.148,0.751372
305.228,0.758516
305.268,0.764512
305.348,0.769299
305.428,0.772846
305.468,0.775315
305.548,0.770061
305.628,0.76877
305.668,0.764817
305.748,0.755427
305.828,0.75186
305.868,0.738516
305.948,0.717947
306.092,0.715325
306.109,0.707967
306.148,0.700894
306.228,0.698913
306.267,0.692246
306.348,0.68687
306.428,0.683008
306.468,0.674492
306.548,0.663404
306.628,0.661352
306.668,0.653628
306.748,0.647124
306.828,0.642409
306.868,0.626524
306.948,0.612226
307.028,0.604827
307.068,0.59003
307.148,0.569736
307.228,0.564807
307.267,0.54813
307.348,0.532195
307.428,0.527012
307.468,0.52063
307.548,0.510285
307.628,0.501159
307.692,0.489878
307.748,0.482703
307.828,0.477947
307.867,0.478872
307.948,0.475884
308.028,0.475976
308.068,0.469858
308.148,0.477947
308.228,0.484096
308.268,0.496982
308.348,0.512856
308.428,0.514512
308.468,0.52061
308.548,0.525234
308.628,0.520986
308.668,0.517409
308.748,0.511961
308.848,0.507114
308.868,0.497754
308.948,0.501829
309.028,0.505518
309.068,0.510417
309.148,0.521972
309.228,0.526321
309.268,0.537378
309.412,0.537744
309.429,0.532795
309.468,0.533201
309.548,0.531921
309.628,0.53438
309.667,0.532348
309.748,0.525376
309.828,0.526677
309.867,0.519766
309.947,0.503059
310.028,0.496037
310.068,0.482144
310.148,0.468994
310.228,0.462754
310.267,0.446778
310.348,0.430244
310.427,0.426006
310.468,0.420528
310.557,0.414197
310.637,0.413313
310.677,0.411433
310.757,0.411402
310.837,0.411738
310.877,0.403831
310.957,0.390854
311.061,0.386372
311.078,0.372429
311.157,0.361087
311.237,0.35563
311.277,0.340539
311.357,0.330508
311.437,0.319817
311.477,0.306443
311.557,0.295569
311.637,0.29252
311.738,0.287805
311.818,0.282876
311.898,0.283638
311.938,0.284878
312.018,0.293465
312.098,0.296392
312.138,0.304787
312.218,0.31622
312.298,0.320793
312.337,0.327906
312.418,0.334035
312.498,0.337378
312.538,0.33187
312.617,0.32313
312.698,0.316159
312.78,0.308862
312.817,0.303892
312.897,0.303791
312.937,0.306098
313.017,0.30752
313.097,0.308272
313.137,0.309512
313.217,0.31123
313.297,0.312978
313.337,0.315996
313.417,0.319461
313.498,0.319126
313.537,0.322022
313.617,0.328272
313.697,0.333262
313.737,0.342276
313.817,0.349685
313.898,0.351819
313.937,0.356006
314.017,0.372602
314.098,0.381687
314.138,0.394045
314.217,0.400569
314.298,0.40435
314.337,0.41062
314.421,0.42003
314.497,0.42187
314.537,0.430081
314.618,0.434736
314.697,0.43997
314.737,0.447063
314.817,0.451514
314.897,0.451565
314.937,0.445854
315.017,0.441972
315.097,0.440386
315.138,0.43126
315.217,0.425833
315.297,0.424776
315.337,0.426087
315.417,0.421626
315.497,0.419492
315.538,0.415
315.617,0.415793
315.698,0.41562
315.737,0.411911
315.818,0.410224
315.897,0.408496
315.937,0.408872
316.017,0.403191
316.122,0.406311
316.139,0.410193
316.217,0.402632
316.297,0.399451
316.337,0.399533
316.418,0.394055
316.498,0.393526
316.538,0.381799
316.617,0.36999
316.698,0.367165
316.737,0.35624
316.818,0.344726
316.897,0.339339
316.937,0.325061
317.017,0.312957
317.118,0.30498
317.138,0.291474
317.218,0.278628
317.297,0.273974
317.337,0.269075
317.417,0.260193
317.498,0.252409
317.538,0.246819
317.617,0.244522
317.697,0.247185
317.781,0.244329
317.817,0.239949
317.897,0.231758
317.937,0.217571
318.017,0.198506
318.097,0.192287
318.137,0.176484
318.217,0.168699
318.297,0.165976
318.337,0.152419
318.417,0.138679
318.518,0.13189
318.538,0.118699
318.617,0.103587
318.698,0.0940447
318.737,0.0735874
318.818,0.0524492
318.897,0.0450813
318.938,0.0302236
319.018,0.0204573
319.098,0.0189634
319.138,0.0163923
319.217,0.0128455
319.297,0.0117785
319.337,0.0168293
319.461,0.0182622
319.517,0.0183537
319.537,0.023435
319.617,0.0272764
319.697,0.0317276
319.737,0.0381504
319.817,0.0408638
319.897,0.0394715
319.937,0.0364126
320.017,0.0369512
320.097,0.0369207
320.138,0.035061
320.217,0.0350915
320.298,0.0347154
320.338,0.0339126
320.418,0.0350407
320.498,0.0358028
320.538,0.0372764
320.617,0.0385366
320.698,0.0392581
320.737,0.0394512
320.817,0.0391565
320.897,0.0398476
320.937,0.0399289
321.017,0.0536077
321.142,0.054248
321.159,0.0542988
321.217,0.0547663
321.297,0.0547358
321.338,0.0546951
321.417,0.0543902
321.497,0.0537398
321.537,0.053628
321.617,0.053689
321.697,0.0531809
321.737,0.0534451
321.818,0.0529573
321.898,0.0530285
321.937,0.0543089
326.135,0.0543699
322.041,0.0546646
326.207,0.0545732
322.162,0.0540549
322.201,0.0544106
322.281,0.0547967
322.361,0.0548984
322.402,0.055752
322.481,0.0560366
322.562,0.0556199
322.601,0.0560671
322.682,0.0565244
322.762,0.0566667
322.802,0.0565752
322.882,0.0561687
322.962,0.0564024
323.002,0.0562398
323.082,0.0561585
323.162,0.056626
323.202,0.0570833
323.281,0.0572154
323.362,0.0575813
323.401,0.0580183
323.481,0.0577541
323.562,0.058313
323.648,0.0584654
323.682,0.057876
323.761,0.0580488
323.801,0.0587398
323.881,0.058872
323.961,0.0584451
324.001,0.0578557
324.081,0.0577033
324.162,0.0572256
324.202,0.0578659
324.282,0.0581199
324.362,0.0582622
324.402,0.0582419
324.482,0.0580589
324.562,0.0578049
324.602,0.0569715
324.682,0.0565549
324.762,0.0582419
324.801,0.0581504
324.881,0.0580285
324.962,0.0578963
325.001,0.0581301
325.082,0.0581301
325.162,0.0584756
325.201,0.0538923
325.328,0.0545833
325.362,0.0549898
325.401,0.0552134
325.481,0.0553252
325.561,0.0553659
325.601,0.0553963
325.681,0.0550915
325.761,0.0553455
325.801,0.0555691
325.881,0.0553049
325.962,0.0543699
326.002,0.0540346
326.082,0.0546748
326.162,0.055061
326.202,0.0549797
326.282,0.0558333
326.362,0.0560366
326.402,0.0559756
326.482,0.0558232
326.562,0.0560671
326.602,0.0558232
326.682,0.0561585
326.762,0.056189
326.801,0.0562195
326.882,0.0562805
327.008,0.056311
327.025,0.0559146
327.081,0.0559451
327.162,0.0559858
327.201,0.0560569
327.281,0.0556707
327.361,0.0626321
327.401,0.0854065
327.481,0.109197
327.562,0.116494
327.601,0.123333
327.682,0.128384
327.762,0.130071
327.802,0.134045
327.882,0.137917
327.962,0.139217
328.002,0.156494
328.082,0.183547
328.162,0.19688
328.202,0.223892
328.282,0.249004
328.362,0.256148
328.402,0.263171
328.482,0.265945
328.562,0.254116
328.647,0.256717
328.682,0.252226
328.762,0.250681
328.802,0.247825
328.882,0.237276
328.962,0.236728
329.002,0.237378
329.082,0.237083
329.162,0.235457
329.201,0.235945
329.281,0.239024
329.362,0.240467
329.402,0.24312
329.481,0.23874
329.562,0.234654
329.601,0.226748
329.681,0.216006
329.761,0.211707
329.801,0.201972
329.881,0.194329
329.961,0.191992
330.001,0.186535
330.081,0.182043
330.162,0.179543
330.201,0.178557
330.308,0.183709
330.362,0.185854
330.402,0.179848
330.482,0.171545
330.562,0.163181
330.602,0.151646
330.682,0.15938
330.762,0.164035
330.802,0.174451
330.882,0.179461
330.961,0.184146
331.002,0.183049
331.082,0.186657
331.162,0.191707
331.202,0.192439
331.282,0.190691
331.362,0.190152
331.402,0.187266
331.482,0.180325
331.562,0.181311
331.601,0.193171
331.682,0.209787
331.762,0.220691
331.802,0.23373
331.882,0.239858
332.007,0.241616
332.024,0.24062
332.081,0.241514
332.161,0.23815
332.201,0.233008
332.281,0.233283
332.361,0.234593
332.401,0.232551
332.481,0.236209
332.561,0.235854
332.601,0.237825
332.682,0.241433
332.762,0.242175
332.801,0.248709
332.882,0.246463
332.962,0.243821
333.002,0.234888
333.082,0.225955
333.162,0.223242
333.202,0.220203
333.282,0.216453
333.362,0.216484
333.402,0.2125
333.482,0.205894
333.562,0.196108
333.647,0.178648
333.682,0.155976
333.761,0.145498
333.801,0.12376
333.882,0.103293
333.962,0.0938313
334.001,0.0748679
334.081,0.0615244
334.162,0.0588415
334.201,0.0518394
334.281,0.0444106
334.362,0.0412195
334.402,0.0361179
334.482,0.0303659
334.562,0.0287907
334.602,0.0261687
334.682,0.0265752
334.762,0.0272663
334.802,0.0276931
334.882,0.0291972
334.962,0.0307825
335.002,0.0375
335.082,0.0406606
335.162,0.0423374
335.202,0.0503252
335.327,0.0514431
335.362,0.0519004
335.401,0.0532114
335.482,0.0539533
335.562,0.0534553
335.602,0.053872
335.682,0.054248
335.762,0.0549187
335.801,0.0544919
335.882,0.0541972
335.962,0.055376
336.002,0.0566362
336.082,0.0565041
336.162,0.0569817
336.202,0.0625102
336.282,0.0689228
336.362,0.073252
336.402,0.077185
336.482,0.0791463
336.562,0.0820935
336.602,0.0878963
336.682,0.0905386
336.762,0.0915447
336.801,0.0936382
336.882,0.0931402
337.006,0.0920528
337.042,0.0958333
337.082,0.0973679
337.162,0.0932114
337.202,0.089126
337.282,0.0941463
337.362,0.0957927
337.402,0.111169
337.482,0.126778
337.562,0.129278
337.601,0.135681
337.682,0.147053
337.762,0.151098
337.801,0.159939
337.882,0.1675
337.962,0.170142
338.002,0.1794
338.081,0.187317
338.162,0.186646
338.201,0.186636
338.281,0.182713
338.361,0.183191
338.402,0.179045
338.482,0.17378
338.561,0.169868
338.605,0.164594
338.681,0.164868
338.761,0.166819
338.801,0.163323
338.882,0.163974
338.962,0.167398
339.002,0.164594
339.082,0.166301
339.162,0.167632
339.202,0.159258
339.282,0.153994
339.362,0.149898
339.402,0.137012
339.482,0.135366
339.562,0.142541
339.602,0.147581
339.682,0.148648
339.762,0.151108
339.801,0.163892
339.881,0.173343
339.961,0.170335
340.002,0.176199
340.082,0.18065
340.162,0.184035
340.202,0.171402
340.326,0.159126
340.362,0.1519
340.401,0.138191
340.482,0.123557
340.561,0.114146
340.601,0.0953354
340.682,0.079187
340.762,0.0692073
340.801,0.048872
340.881,0.0326524
340.961,0.0278252
341.002,0.0190752
341.082,0.0198476
341.162,0.0206098
341.202,0.0214024
341.282,0.0225508
341.362,0.023374
341.401,0.0242886
341.482,0.0256504
341.562,0.0265549
341.602,0.027622
341.682,0.0361484
341.762,0.0399187
341.802,0.0472663
341.882,0.0740752
342.006,0.0755081
342.023,0.0747358
342.082,0.0757622
342.162,0.0772154
342.202,0.0784248
342.282,0.0810264
342.382,0.0812805
342.401,0.0811585
342.482,0.0815041
342.561,0.0804878
342.601,0.0805285
342.682,0.0803862
342.762,0.0798882
342.801,0.0789634
342.881,0.0805386
342.961,0.0797459
343.001,0.0794004
343.081,0.0793598
343.162,0.0793699
343.202,0.0798577
343.282,0.0798984
343.362,0.0801118
343.402,0.0791463
343.482,0.0792175
343.562,0.078872
343.646,0.0777744
343.682,0.076189
343.762,0.0773984
343.801,0.0779167
343.901,0.0777337
343.961,0.0771037
344.001,0.0770325
344.082,0.0774898
344.162,0.0765346
344.201,0.0768293
344.281,0.0774797
344.362,0.0778659
344.402,0.0776423
344.482,0.0783537
344.562,0.0782317
344.602,0.0785163
344.682,0.0784248
344.761,0.0789939
344.802,0.0784248
344.882,0.0786382
344.961,0.0786687
345.001,0.0793089
345.082,0.079563
345.162,0.0805386
345.202,0.0812297
345.327,0.0817276
345.361,0.0823679
345.402,0.0815244
345.481,0.0817378
345.562,0.0816463
345.601,0.0817988
345.682,0.0817683
345.762,0.0817378
345.802,0.0811687
345.882,0.0807927
345.962,0.0738211
352.008,0.0731809
346.052,0.0728659
352.082,0.0729675
346.189,0.072998
346.229,0.0735671
346.308,0.074065
346.389,0.0742073
346.429,0.073811
346.509,0.0733333
346.589,0.0722764
346.628,0.0721646
346.709,0.0722053
346.789,0.0719715
346.829,0.0727032
346.908,0.0730285
346.989,0.0736585
347.029,0.0732317
347.109,0.0736179
347.189,0.0739228
347.229,0.0733333
347.309,0.0732724
347.388,0.0732724
347.429,0.0735163
347.508,0.0737703
347.589,0.0747561
347.674,0.0755081
347.709,0.074563
347.789,0.0736585
347.829,0.0727744
347.908,0.0726829
347.988,0.0714533
348.028,0.0718496
348.108,0.0726016
348.189,0.0727134
348.228,0.0729573
348.308,0.072002
348.389,0.0722256
348.429,0.0722663
348.509,0.0717378
348.589,0.0713618
348.628,0.0716972
348.709,0.0718801
348.789,0.0715752
348.828,0.0718902
348.909,0.0720224
348.989,0.0724695
349.028,0.0723679
349.108,0.0731098
349.189,0.0731402
349.228,0.0737906
349.355,0.0751524
349.389,0.0748882
349.429,0.0755386
349.508,0.0754167
349.589,0.0755183
349.628,0.0761484
349.709,0.0765346
349.788,0.0764939
349.829,0.0765142
349.909,0.0767683
349.989,0.0771138
350.029,0.090813
350.109,0.110976
350.189,0.121402
350.229,0.14377
350.309,0.162022
350.389,0.170539
350.429,0.179807
350.509,0.183394
350.589,0.18565
350.629,0.189207
350.709,0.189654
350.789,0.187937
350.829,0.182104
350.909,0.153577
351.034,0.154868
351.051,0.153638
351.109,0.152246
351.189,0.15249
351.229,0.1519
351.309,0.151524
351.389,0.151402
351.429,0.15187
351.509,0.152886
351.589,0.15312
351.628,0.154228
351.709,0.155772
351.789,0.156453
351.829,0.156951
351.909,0.157774
351.989,0.158577
352.029,0.159228
352.109,0.169187
352.189,0.177297
352.229,0.191717
352.309,0.205488
352.389,0.212175
352.429,0.224705
352.509,0.229126
352.589,0.231677
352.672,0.235457
352.709,0.238181
352.789,0.236484
352.829,0.237276
352.909,0.237774
352.989,0.238089
353.029,0.239014
353.109,0.237429
353.189,0.236209
353.229,0.235
353.309,0.233262
353.389,0.235264
353.429,0.236809
353.509,0.238537
353.589,0.239593
353.629,0.240681
353.709,0.241148
353.789,0.242053
353.828,0.240955
353.909,0.239654
353.989,0.239939
354.029,0.241707
354.109,0.242876
354.189,0.243445
354.228,0.246819
354.332,0.246606
354.389,0.246728
354.428,0.246951
354.509,0.247073
354.589,0.246504
354.628,0.247663
354.709,0.252927
354.789,0.256026
354.828,0.269644
354.909,0.283811
354.989,0.291057
355.029,0.301738
355.109,0.310213
355.189,0.312083
355.229,0.313567
355.309,0.314441
355.389,0.314614
355.429,0.312856
355.509,0.31375
355.589,0.3144
355.629,0.314106
355.709,0.3156
355.789,0.315843
355.829,0.317541
355.909,0.318913
355.993,0.319126
356.028,0.319136
356.109,0.318811
356.189,0.318943
356.228,0.324736
356.309,0.332856
356.389,0.338445
356.429,0.350539
356.509,0.362917
356.589,0.367957
356.629,0.37811
356.709,0.388933
356.789,0.389807
356.829,0.394177
356.909,0.398628
356.989,0.399614
357.029,0.402703
357.109,0.408659
357.189,0.409685
357.229,0.409858
357.309,0.412012
357.389,0.412124
357.429,0.414705
357.509,0.415945
357.589,0.432053
357.652,0.431982
357.709,0.43185
357.788,0.4331
357.829,0.433648
357.909,0.434228
357.989,0.43565
358.029,0.43685
358.109,0.438028
358.189,0.437866
358.229,0.437459
358.309,0.435722
358.389,0.43497
358.428,0.435081
358.509,0.435874
358.589,0.440447
358.629,0.44878
358.709,0.460986
358.789,0.468415
358.829,0.479929
358.909,0.492297
358.989,0.497226
359.029,0.50875
359.109,0.517317
359.189,0.520884
359.229,0.526128
359.332,0.527551
359.389,0.529675
359.429,0.531108
359.509,0.531789
359.589,0.531565
359.629,0.530285
359.709,0.532337
359.789,0.533171
359.828,0.53436
359.909,0.536504
359.988,0.537053
360.029,0.539756
360.109,0.539766
360.189,0.540102
360.228,0.54063
360.309,0.541778
360.389,0.542154
360.429,0.544248
360.509,0.547175
360.589,0.548252
360.629,0.558516
360.709,0.572419
360.789,0.579045
360.829,0.592937
360.909,0.60188
361.013,0.603018
361.03,0.60935
361.109,0.614776
361.189,0.617876
361.229,0.62122
361.309,0.623831
361.389,0.625813
361.429,0.626057
361.509,0.631443
361.589,0.633537
361.629,0.639919
361.709,0.647795
361.789,0.651809
361.829,0.659898
361.909,0.672368
361.989,0.675193
362.029,0.681778
362.109,0.687571
362.189,0.688984
362.229,0.695579
362.309,0.699888
362.389,0.702266
362.429,0.707846
362.509,0.714106
362.589,0.719502
362.672,0.721331
362.709,0.71376
362.789,0.714573
362.829,0.710894
362.909,0.708344
362.989,0.704787
363.029,0.703831
363.109,0.70061
363.189,0.700417
363.228,0.697886
363.309,0.696067
363.389,0.695498
363.429,0.694299
363.509,0.69064
363.589,0.68938
363.629,0.685762
363.709,0.678354
363.789,0.675325
363.829,0.668557
363.909,0.665722
363.989,0.661839
364.029,0.655447
364.109,0.650071
364.189,0.647866
364.229,0.628669
364.312,0.624685
364.389,0.623242
364.429,0.621067
364.504,0.617866
364.584,0.616768
364.623,0.614553
364.704,0.616453
364.784,0.618425
364.824,0.622632
364.904,0.626555
364.984,0.628547
365.024,0.632927
365.104,0.638232
365.184,0.640325
365.224,0.644299
365.304,0.649299
365.384,0.651626
365.424,0.656606
365.504,0.66124
365.584,0.66373
365.624,0.668608
365.704,0.673567
365.784,0.676972
365.824,0.681484
365.904,0.679004
366.027,0.680173
366.064,0.683374
366.104,0.686575
366.184,0.686291
366.224,0.688333
366.304,0.689207
366.384,0.689218
366.424,0.689431
366.524,0.689238
366.584,0.689726
366.624,0.690254
366.704,0.690803
366.784,0.68874
366.824,0.689756
366.904,0.688791
366.984,0.687907
367.024,0.687063
367.104,0.684461
367.184,0.684482
367.224,0.685061
367.304,0.68685
367.384,0.687724
367.424,0.690874
367.504,0.699837
367.584,0.689909
367.667,0.698486
367.704,0.70812
367.784,0.711768
367.824,0.719441
367.904,0.725142
367.984,0.729238
368.024,0.732876
368.104,0.732388
368.184,0.733364
368.224,0.738039
368.304,0.740447
368.384,0.73998
368.424,0.739309
368.504,0.739278
368.584,0.739085
368.624,0.738902
368.704,0.739665
368.784,0.741077
368.823,0.743679
368.904,0.74498
368.984,0.744085
369.024,0.744858
369.104,0.744472
369.184,0.745152
369.223,0.728018
369.327,0.729654
369.384,0.730213
369.423,0.73003
369.504,0.731453
369.584,0.732927
369.624,0.738394
369.704,0.743516
369.784,0.74565
369.824,0.750325
369.904,0.757093
369.984,0.760193
370.024,0.765224
370.104,0.770234
370.184,0.773476
370.224,0.778435
370.304,0.784594
370.384,0.789482
370.424,0.801789
370.504,0.81311
370.584,0.81686
370.624,0.827317
370.704,0.837063
370.784,0.842754
370.824,0.852673
370.904,0.857439
371.027,0.860549
371.044,0.866443
371.104,0.872937
371.184,0.875793
371.224,0.877612
371.304,0.878455
371.384,0.878913
371.424,0.878455
371.504,0.877205
371.584,0.877561
371.624,0.877754
371.704,0.874919
371.784,0.875335
371.824,0.873882
371.904,0.873028
371.984,0.87252
372.024,0.867713
372.104,0.8644
372.184,0.862774
372.224,0.859533
372.304,0.856778
372.384,0.855122
372.424,0.854278
372.504,0.853984
372.584,0.837266
372.627,0.835671
372.704,0.833567
372.784,0.8325
372.824,0.831463
372.904,0.830437
372.984,0.829065
373.024,0.827947
373.104,0.826545
373.184,0.823872
373.224,0.827683
373.304,0.832114
373.384,0.834339
373.424,0.839096
373.504,0.844461
373.584,0.847459
373.624,0.852632
373.704,0.858659
373.784,0.860437
373.824,0.86435
373.904,0.86561
373.984,0.866667
374.024,0.865945
374.104,0.866209
374.184,0.866717
374.224,0.858476
374.347,0.857947
374.384,0.857591
374.424,0.857358
374.504,0.857053
374.584,0.857134
374.624,0.85876
374.704,0.858323
374.784,0.858211
374.824,0.859959
374.904,0.860843
374.984,0.862022
375.024,0.862632
375.104,0.862764
375.184,0.863923
375.224,0.865833
375.304,0.865528
375.384,0.865427
375.424,0.867744
375.504,0.869512
375.584,0.869461
375.624,0.870793
375.704,0.871341
375.784,0.869604
375.824,0.868161
375.904,0.839654
375.988,0.840498
376.024,0.840173
376.104,0.841179
376.184,0.841392
376.224,0.841433
376.304,0.843679
376.384,0.842409
376.424,0.84247
376.504,0.844014
376.584,0.844177
376.624,0.846535
376.704,0.847856
376.784,0.847043
376.824,0.848222
376.904,0.849146
376.984,0.849319
377.024,0.850935
377.104,0.851972
377.184,0.853059
377.224,0.854421
377.304,0.853984
377.384,0.854858
377.424,0.855661
377.504,0.856545
377.584,0.843303
377.668,0.844096
377.704,0.846484
377.784,0.847266
377.824,0.849817
377.904,0.851697
377.984,0.852957
378.024,0.854878
378.104,0.856037
378.184,0.856687
378.224,0.857449
378.304,0.859329
378.384,0.859969
378.424,0.863272
378.504,0.866941
378.584,0.868506
378.624,0.869512
378.704,0.872429
378.784,0.873821
378.824,0.876585
378.904,0.876799
378.984,0.877409
379.024,0.878293
379.104,0.875905
379.184,0.876504
379.224,0.871961
379.347,0.872012
379.384,0.871636
379.424,0.871992
379.504,0.872988
379.584,0.871839
379.624,0.870376
379.704,0.870081
379.784,0.869583
379.824,0.868323
379.904,0.86939
379.984,0.868222
380.024,0.868181
380.104,0.867541
380.184,0.868008
380.224,0.866057
380.304,0.86252
380.384,0.858872
380.424,0.856596
380.504,0.855752
380.584,0.853323
380.624,0.853018
380.704,0.852043
380.784,0.850559
380.824,0.849502
380.904,0.819726
381.008,0.820102
381.025,0.820213
381.104,0.820051
381.184,0.820142
381.223,0.820244
381.304,0.81935
381.384,0.819035
381.423,0.819299
381.497,0.819339
381.577,0.819797
381.616,0.819888
381.697,0.820427
381.777,0.820772
381.817,0.820783
381.897,0.820854
381.977,0.821189
382.017,0.821138
